20.000       157
20.050       157
20.100       296
20.150       413
20.200       339
20.250       315
20.300       368
20.350       400
20.400       376
20.450       368
20.500       333
20.550       392
20.600       376
20.650       379
20.700       389
20.750       381
20.800       349
20.850       325
20.900       392
20.950       413
21.000       371
21.050       368
21.100       379
21.150       373
21.200       432
21.250       304
21.300       403
21.350       328
21.400       450
21.450       288
21.500       341
21.550       405
21.600       363
21.650       331
21.700       317
21.750       307
21.800       336
21.850       413
21.900       309
21.950       336
22.000       315
22.050       288
22.100       336
22.150       341
22.200       288
22.250       320
22.300       259
22.350       317
22.400       360
22.450       344
22.500       331
22.550       325
22.600       328
22.650       304
22.700       304
22.750       283
22.800       336
22.850       272
22.900       259
22.950       275
23.000       285
23.050       349
23.100       269
23.150       245
23.200       280
23.250       301
23.300       253
23.350       288
23.400       293
23.450       277
23.500       256
23.550       288
23.600       264
23.650       240
23.700       291
23.750       243
23.800       277
23.850       256
23.900       267
23.950       293
24.000       267
24.050       264
24.100       227
24.150       283
24.200       259
24.250       288
24.300       237
24.350       293
24.400       275
24.450       245
24.500       301
24.550       357
24.600       301
24.650       275
24.700       248
24.750       288
24.800       269
24.850       291
24.900       328
24.950       293
25.000       253
25.050       259
25.100       256
25.150       251
25.200       288
25.250       269
25.300       309
25.350       227
25.400       341
25.450       371
25.500       424
25.550       594
25.600       613
25.650       501
25.700       474
25.750       400
25.800       291
25.850       323
25.900       272
25.950       264
26.000       256
26.050       227
26.100       251
26.150       272
26.200       272
26.250       307
26.300       309
26.350       245
26.400       224
26.450       237
26.500       240
26.550       219
26.600       259
26.650       232
26.700       261
26.750       216
26.800       213
26.850       251
26.900       253
26.950       251
27.000       181
27.050       264
27.100       224
27.150       237
27.200       208
27.250       221
27.300       192
27.350       237
27.400       205
27.450       208
27.500       203
27.550       168
27.600       227
27.650       211
27.700       189
27.750       261
27.800       235
27.850       229
27.900       224
27.950       229
28.000       237
28.050       221
28.100       253
28.150       245
28.200       235
28.250       229
28.300       179
28.350       240
28.400       288
28.450       224
28.500       235
28.550       232
28.600       205
28.650       251
28.700       269
28.750       227
28.800       229
28.850       205
28.900       251
28.950       240
29.000       227
29.050       275
29.100       291
29.150       387
29.200       450
29.250       456
29.300       331
29.350       355
29.400       312
29.450       229
29.500       229
29.550       245
29.600       187
29.650       219
29.700       227
29.750       203
29.800       200
29.850       208
29.900       229
29.950       213
30.000       200
30.050       227
30.100       181
30.150       203
30.200       189
30.250       211
30.300       221
30.350       197
30.400       213
30.450       189
30.500       237
30.550       203
30.600       227
30.650       237
30.700       221
30.750       237
30.800       179
30.850       203
30.900       219
30.950       195
31.000       203
31.050       237
31.100       195
31.150       245
31.200       229
31.250       165
31.300       219
31.350       224
31.400       216
31.450       195
31.500       248
31.550       205
31.600       235
31.650       216
31.700       301
31.750       224
31.800       267
31.850       243
31.900       317
31.950       315
32.000       418
32.050       498
32.100       552
32.150       712
32.200       666
32.250       664
32.300       608
32.350       546
32.400       373
32.450       347
32.500       304
32.550       245
32.600       237
32.650       240
32.700       195
32.750       232
32.800       181
32.850       200
32.900       187
32.950       227
33.000       221
33.050       200
33.100       208
33.150       205
33.200       197
33.250       227
33.300       227
33.350       211
33.400       181
33.450       203
33.500       219
33.550       197
33.600       181
33.650       197
33.700       176
33.750       229
33.800       192
33.850       195
33.900       184
33.950       245
34.000       168
34.050       181
34.100       205
34.150       189
34.200       149
34.250       288
34.300       205
34.350       192
34.400       205
34.450       240
34.500       187
34.550       147
34.600       211
34.650       205
34.700       227
34.750       197
34.800       195
34.850       205
34.900       163
34.950       189
35.000       235
35.050       187
35.100       192
35.150       224
35.200       195
35.250       157
35.300       189
35.350       200
35.400       197
35.450       192
35.500       205
35.550       277
35.600       203
35.650       237
35.700       235
35.750       235
35.800       251
35.850       229
35.900       216
35.950       219
36.000       208
36.050       171
36.100       197
36.150       157
36.200       213
36.250       171
36.300       187
36.350       192
36.400       189
36.450       227
36.500       213
36.550       197
36.600       184
36.650       205
36.700       208
36.750       141
36.800       187
36.850       171
36.900       187
36.950       200
37.000       208
37.050       187
37.100       235
37.150       157
37.200       155
37.250       192
37.300       144
37.350       160
37.400       184
37.450       211
37.500       184
37.550       227
37.600       208
37.650       203
37.700       181
37.750       253
37.800       197
37.850       184
37.900       195
37.950       165
38.000       200
38.050       277
38.100       205
38.150       163
38.200       216
38.250       211
38.300       221
38.350       277
38.400       229
38.450       181
38.500       195
38.550       200
38.600       173
38.650       179
38.700       232
38.750       216
38.800       192
38.850       181
38.900       208
38.950       187
39.000       181
39.050       235
39.100       200
39.150       240
39.200       248
39.250       251
39.300       312
39.350       216
39.400       205
39.450       235
39.500       232
39.550       205
39.600       155
39.650       160
39.700       171
39.750       149
39.800       213
39.850       173
39.900       221
39.950       176
40.000       208
40.050       200
40.100       200
40.150       149
40.200       184
40.250       176
40.300       179
40.350       176
40.400       208
40.450       133
40.500       224
40.550       192
40.600       192
40.650       195
40.700       205
40.750       165
40.800       203
40.850       205
40.900       160
40.950       160
41.000       189
41.050       200
41.100       205
41.150       203
41.200       189
41.250       192
41.300       136
41.350       216
41.400       229
41.450       200
41.500       163
41.550       213
41.600       189
41.650       187
41.700       157
41.750       139
41.800       213
41.850       219
41.900       176
41.950       176
42.000       184
42.050       155
42.100       192
42.150       227
42.200       192
42.250       179
42.300       200
42.350       197
42.400       200
42.450       229
42.500       139
42.550       203
42.600       157
42.650       195
42.700       181
42.750       147
42.800       205
42.850       227
42.900       203
42.950       237
43.000       267
43.050       211
43.100       264
43.150       229
43.200       227
43.250       189
43.300       144
43.350       203
43.400       205
43.450       229
43.500       184
43.550       168
43.600       184
43.650       181
43.700       227
43.750       200
43.800       173
43.850       237
43.900       203
43.950       176
44.000       205
44.050       149
44.100       219
44.150       181
44.200       203
44.250       192
44.300       240
44.350       192
44.400       189
44.450       176
44.500       141
44.550       141
44.600       189
44.650       187
44.700       184
44.750       189
44.800       216
44.850       208
44.900       179
44.950       197
45.000       189
45.050       211
45.100       213
45.150       211
45.200       189
45.250       189
45.300       229
45.350       213
45.400       197
45.450       152
45.500       181
45.550       216
45.600       237
45.650       221
45.700       243
45.750       240
45.800       245
45.850       245
45.900       304
45.950       315
46.000       280
46.050       275
46.100       285
46.150       267
46.200       261
46.250       237
46.300       248
46.350       211
46.400       221
46.450       256
46.500       192
46.550       235
46.600       243
46.650       200
46.700       211
46.750       197
46.800       213
46.850       216
46.900       232
46.950       229
47.000       256
47.050       184
47.100       269
47.150       213
47.200       253
47.250       261
47.300       261
47.350       293
47.400       251
47.450       328
47.500       269
47.550       269
47.600       203
47.650       197
47.700       179
47.750       251
47.800       232
47.850       173
47.900       208
47.950       213
48.000       181
48.050       208
48.100       227
48.150       192
48.200       213
48.250       259
48.300       251
48.350       256
48.400       240
48.450       251
48.500       219
48.550       219
48.600       221
48.650       181
48.700       176
48.750       179
48.800       152
48.850       200
48.900       149
48.950       192
49.000       149
49.050       176
49.100       181
49.150       160
49.200       224
49.250       216
49.300       179
49.350       187
49.400       184
49.450       141
49.500       171
49.550       203
49.600       163
49.650       176
49.700       163
49.750       221
49.800       232
49.850       200
49.900       184
49.950       197
50.000       211
50.050       195
50.100       184
50.150       227
50.200       163
50.250       184
50.300       211
50.350       224
50.400       221
50.450       240
50.500       189
50.550       179
50.600       195
50.650       203
50.700       229
50.750       227
50.800       203
50.850       200
50.900       203
50.950       195
51.000       205
51.050       243
51.100       280
51.150       251
51.200       251
51.250       251
51.300       163
51.350       245
51.400       291
51.450       211
51.500       203
51.550       259
51.600       267
51.650       245
51.700       275
51.750       237
51.800       232
51.850       253
51.900       232
51.950       237
52.000       291
52.050       288
52.100       269
52.150       301
52.200       272
52.250       312
52.300       272
52.350       264
52.400       333
52.450       331
52.500       381
52.550       349
52.600       464
52.650       490
52.700       464
52.750       445
52.800       328
52.850       347
52.900       275
52.950       253
53.000       272
53.050       251
53.100       328
53.150       288
53.200       299
53.250       232
53.300       267
53.350       261
53.400       240
53.450       197
53.500       192
53.550       224
53.600       192
53.650       227
53.700       227
53.750       243
53.800       203
53.850       181
53.900       211
53.950       219
54.000       165
54.050       195
54.100       203
54.150       213
54.200       203
54.250       152
54.300       181
54.350       224
54.400       192
54.450       181
54.500       197
54.550       205
54.600       240
54.650       187
54.700       216
54.750       208
54.800       203
54.850       245
54.900       163
54.950       269
55.000       171
55.050       187
55.100       171
55.150       187
55.200       248
55.250       179
55.300       179
55.350       165
55.400       203
55.450       203
55.500       173
55.550       157
55.600       189
55.650       181
55.700       144
55.750       179
55.800       187
55.850       160
55.900       221
55.950       133
56.000       176
56.050       213
56.100       192
56.150       197
56.200       192
56.250       179
56.300       213
56.350       149
56.400       163
56.450       160
56.500       205
56.550       181
56.600       195
56.650       224
56.700       192
56.750       179
56.800       179
56.850       179
56.900       163
56.950       155
57.000       224
57.050       197
57.100       200
57.150       221
57.200       205
57.250       184
57.300       192
57.350       195
57.400       197
57.450       200
57.500       157
57.550       192
57.600       205
57.650       163
57.700       192
57.750       192
57.800       160
57.850       133
57.900       216
57.950       152
58.000       195
58.050       184
58.100       157
58.150       141
58.200       163
58.250       173
58.300       149
58.350       117
58.400       184
58.450       139
58.500       149
58.550       163
58.600       165
58.650       173
58.700       176
58.750       187
58.800       176
58.850       133
58.900       152
58.950       131
59.000       109
59.050       125
59.100       157
59.150       176
59.200       165
59.250       139
59.300       168
59.350       187
59.400       139
59.450       152
59.500       125
59.550       157
59.600       168
59.650       131
59.700       144
59.750       144
59.800       187
59.850       147
59.900       165
59.950       123
60.000       187
