20.000       107
20.020       123
20.040       117
20.060       107
20.080       133
20.100       103
20.120       130
20.140       130
20.160       153
20.180       110
20.200       117
20.220       133
20.240       120
20.260       133
20.280       127
20.300       120
20.320        97
20.340       160
20.360       100
20.380       123
20.400       110
20.420       113
20.440        90
20.460       133
20.480       137
20.500       143
20.520       117
20.540       180
20.560       117
20.580       123
20.600       127
20.620       127
20.640       133
20.660       160
20.680       157
20.700       110
20.720       120
20.740       110
20.760       130
20.780        67
20.800       130
20.820       150
20.840       143
20.860       103
20.880       133
20.900       153
20.920       117
20.940       173
20.960       137
20.980       100
21.000       133
21.020       120
21.040       113
21.060       113
21.080       147
21.100       137
21.120       133
21.140       187
21.160       133
21.180       120
21.200       157
21.220       137
21.240       120
21.260       140
21.280        97
21.300       133
21.320       133
21.340       113
21.360       177
21.380       157
21.400       127
21.420       137
21.440       117
21.460       127
21.480       120
21.500       150
21.520       147
21.540       100
21.560       127
21.580       140
21.600       157
21.620       153
21.640       153
21.660       127
21.680       137
21.700       140
21.720       167
21.740       147
21.760       193
21.780       120
21.800       120
21.820       137
21.840       140
21.860       123
21.880       127
21.900       157
21.920       107
21.940       170
21.960       140
21.980       190
22.000       173
22.020       177
22.040       147
22.060       143
22.080       163
22.100       137
22.120       180
22.140       150
22.160       160
22.180       157
22.200       170
22.220       203
22.240       173
22.260       143
22.280       110
22.300       157
22.320       163
22.340       183
22.360       127
22.380       190
22.400       163
22.420       173
22.440       160
22.460       153
22.480       147
22.500       203
22.520       190
22.540       227
22.560       263
22.580       240
22.600       340
22.620       317
22.640       380
22.660       370
22.680       453
22.700       397
22.720       357
22.740       353
22.760       327
22.780       290
22.800       250
22.820       300
22.840       193
22.860       217
22.880       213
22.900       240
22.920       250
22.940       257
22.960       237
22.980       303
23.000       283
23.020       253
23.040       307
23.060       367
23.080       463
23.100       713
23.120      1419
23.140      1846
23.160      1863
23.180      1389
23.200       643
23.220       343
23.240       303
23.260       300
23.280       307
23.300       273
23.320       287
23.340       277
23.360       213
23.380       293
23.400       230
23.420       277
23.440       230
23.460       247
23.480       247
23.500       210
23.520       273
23.540       240
23.560       260
23.580       217
23.600       280
23.620       247
23.640       243
23.660       263
23.680       253
23.700       237
23.720       260
23.740       263
23.760       233
23.780       240
23.800       177
23.820       240
23.840       240
23.860       253
23.880       247
23.900       317
23.920       253
23.940       263
23.960       223
23.980       230
24.000       233
24.020       223
24.040       230
24.060       267
24.080       217
24.100       227
24.120       230
24.140       193
24.160       253
24.180       230
24.200       240
24.220       257
24.240       210
24.260       240
24.280       223
24.300       200
24.320       263
24.340       220
24.360       290
24.380       260
24.400       233
24.420       257
24.440       253
24.460       280
24.480       230
24.500       247
24.520       310
24.540       257
24.560       203
24.580       217
24.600       230
24.620       230
24.640       257
24.660       260
24.680       340
24.700       267
24.720       367
24.740       413
24.760       643
24.780       773
24.800       980
24.820       913
24.840      1016
24.860       866
24.880      1113
24.900      1003
24.920       910
24.940       916
24.960       966
24.980       926
25.000      1013
25.020       976
25.040       990
25.060       940
25.080       873
25.100      1043
25.120       863
25.140       876
25.160      1013
25.180      1086
25.200       970
25.220      1050
25.240      1063
25.260       923
25.280       990
25.300      1046
25.320      1220
25.340      1140
25.360      1293
25.380      1379
25.400      1709
25.420      2326
25.440      3219
25.460      5361
25.480      7034
25.500      9443
25.520     11036
25.540     13401
25.560     14891
25.580     21385
25.600     59170
25.620    133193
25.640    172344
25.660    183653
25.680    167373
25.700    125573
25.720    108110
25.740     86502
25.760     39614
25.780     14261
25.800      8833
25.820      6937
25.840      4865
25.860      3802
25.880      2689
25.900      2246
25.920      1619
25.940      1489
25.960      1499
25.980      1236
26.000      1266
26.020      1170
26.040      1236
26.060      1080
26.080      1073
26.100      1070
26.120       986
26.140       920
26.160       993
26.180       933
26.200       926
26.220       893
26.240       896
26.260       920
26.280       926
26.300       853
26.320       856
26.340       896
26.360       860
26.380       733
26.400       873
26.420       763
26.440       843
26.460       890
26.480       686
26.500       760
26.520       720
26.540       706
26.560       730
26.580       746
26.600       736
26.620       686
26.640       700
26.660       766
26.680       803
26.700       663
26.720       680
26.740       686
26.760       700
26.780       713
26.800       723
26.820       653
26.840       730
26.860       650
26.880       723
26.900       636
26.920       693
26.940       646
26.960       700
26.980       630
27.000       753
27.020       683
27.040       663
27.060       556
27.080       670
27.100       626
27.120       620
27.140       593
27.160       580
27.180       616
27.200       656
27.220       603
27.240       560
27.260       673
27.280       606
27.300       606
27.320       540
27.340       620
27.360       536
27.380       593
27.400       546
27.420       603
27.440       690
27.460       543
27.480       556
27.500       623
27.520       523
27.540       583
27.560       533
27.580       570
27.600       473
27.620       613
27.640       610
27.660       620
27.680       590
27.700       570
27.720       593
27.740       573
27.760       573
27.780       620
27.800       590
27.820       486
27.840       620
27.860       563
27.880       550
27.900       520
27.920       576
27.940       533
27.960       673
27.980       546
28.000       620
28.020       500
28.040       586
28.060       470
28.080       513
28.100       626
28.120       500
28.140       540
28.160       526
28.180       533
28.200       573
28.220       540
28.240       486
28.260       470
28.280       496
28.300       540
28.320       553
28.340       526
28.360       576
28.380       466
28.400       550
28.420       476
28.440       533
28.460       546
28.480       473
28.500       470
28.520       546
28.540       533
28.560       480
28.580       510
28.600       433
28.620       460
28.640       443
28.660       510
28.680       506
28.700       503
28.720       463
28.740       516
28.760       496
28.780       463
28.800       480
28.820       443
28.840       436
28.860       506
28.880       436
28.900       503
28.920       453
28.940       466
28.960       453
28.980       476
29.000       426
29.020       476
29.040       493
29.060       426
29.080       456
29.100       556
29.120       490
29.140       463
29.160       367
29.180       550
29.200       470
29.220       496
29.240       473
29.260       526
29.280       456
29.300       500
29.320       446
29.340       666
29.360       513
29.380       530
29.400       600
29.420       606
29.440       590
29.460       523
29.480       493
29.500       403
29.520       533
29.540       436
29.560       450
29.580       466
29.600       436
29.620       446
29.640       373
29.660       390
29.680       370
29.700       407
29.720       413
29.740       450
29.760       333
29.780       403
29.800       450
29.820       423
29.840       367
29.860       390
29.880       480
29.900       377
29.920       403
29.940       373
29.960       390
29.980       393
30.000       373
30.020       397
30.040       403
30.060       433
30.080       400
30.100       343
30.120       347
30.140       410
30.160       393
30.180       430
30.200       400
30.220       350
30.240       327
30.260       426
30.280       383
30.300       407
30.320       436
30.340       377
30.360       363
30.380       283
30.400       337
30.420       436
30.440       373
30.460       330
30.480       323
30.500       363
30.520       363
30.540       373
30.560       367
30.580       403
30.600       390
30.620       393
30.640       353
30.660       380
30.680       397
30.700       280
30.720       377
30.740       307
30.760       426
30.780       337
30.800       353
30.820       377
30.840       323
30.860       367
30.880       363
30.900       353
30.920       340
30.940       350
30.960       293
30.980       250
31.000       347
31.020       333
31.040       340
31.060       370
31.080       380
31.100       380
31.120       383
31.140       367
31.160       333
31.180       267
31.200       317
31.220       377
31.240       353
31.260       330
31.280       363
31.300       270
31.320       323
31.340       310
31.360       313
31.380       303
31.400       333
31.420       287
31.440       390
31.460       263
31.480       290
31.500       273
31.520       323
31.540       263
31.560       293
31.580       283
31.600       270
31.620       307
31.640       270
31.660       287
31.680       270
31.700       337
31.720       263
31.740       237
31.760       287
31.780       297
31.800       290
31.820       260
31.840       220
31.860       353
31.880       277
31.900       367
31.920       240
31.940       277
31.960       323
31.980       270
32.000       267
32.020       283
32.040       273
32.060       233
32.080       300
32.100       253
32.120       270
32.140       303
32.160       293
32.180       280
32.200       287
32.220       290
32.240       283
32.260       313
32.280       280
32.300       237
32.320       260
32.340       273
32.360       260
32.380       320
32.400       237
32.420       283
32.440       190
32.460       237
32.480       243
32.500       233
32.520       230
32.540       233
32.560       237
32.580       230
32.600       260
32.620       280
32.640       267
32.660       230
32.680       193
32.700       230
32.720       263
32.740       270
32.760       247
32.780       283
32.800       250
32.820       207
32.840       253
32.860       197
32.880       263
32.900       180
32.920       250
32.940       220
32.960       243
32.980       207
33.000       213
33.020       220
33.040       210
33.060       217
33.080       267
33.100       170
33.120       257
33.140       193
33.160       243
33.180       200
33.200       237
33.220       237
33.240       240
33.260       233
33.280       200
33.300       253
33.320       227
33.340       177
33.360       213
33.380       170
33.400       240
33.420       233
33.440       217
33.460       177
33.480       217
33.500       240
33.520       193
33.540       243
33.560       233
33.580       213
33.600       197
33.620       217
33.640       187
33.660       243
33.680       163
33.700       220
33.720       217
33.740       213
33.760       250
33.780       237
33.800       243
33.820       210
33.840       217
33.860       153
33.880       193
33.900       230
33.920       240
33.940       177
33.960       160
33.980       220
34.000       163
34.020       200
34.040       213
34.060       197
34.080       207
34.100       173
34.120       183
34.140       160
34.160       187
34.180       167
34.200       183
34.220       180
34.240       213
34.260       150
34.280       170
34.300       247
34.320       173
34.340       157
34.360       183
34.380       173
34.400       130
34.420       193
34.440       157
34.460       200
34.480       107
34.500       187
34.520       153
34.540       157
34.560       170
34.580       180
34.600       163
34.620       177
34.640       150
34.660       150
34.680       163
34.700       147
34.720       177
34.740       170
34.760       153
34.780       160
34.800       190
34.820       167
34.840       210
34.860       157
34.880       167
34.900       150
34.920       120
34.940       170
34.960       170
34.980       200
35.000       187
35.020       143
35.040       163
35.060       160
35.080       143
35.100       153
35.120       140
35.140       170
35.160       153
35.180       180
35.200       157
35.220       157
35.240       113
35.260       173
35.280       150
35.300       197
35.320       190
35.340       140
35.360       160
35.380       160
35.400       170
35.420       167
35.440       180
35.460       190
35.480       153
35.500       117
35.520       133
35.540       153
35.560       137
35.580       177
35.600       103
35.620       170
35.640       180
35.660       213
35.680       133
35.700       137
35.720       147
35.740       167
35.760       130
35.780       130
35.800       167
35.820       197
35.840       150
35.860       180
35.880       200
35.900       117
35.920       133
35.940       167
35.960       197
35.980       153
36.000       133
36.020       143
36.040       137
36.060        93
36.080       153
36.100       133
36.120       113
36.140       120
36.160        97
36.180       143
36.200       133
36.220       137
36.240       150
36.260       120
36.280       153
36.300       153
36.320       133
36.340       187
36.360       130
36.380       120
36.400       117
36.420       140
36.440        83
36.460       120
36.480       130
36.500       110
36.520       120
36.540       130
36.560       120
36.580       140
36.600       123
36.620       103
36.640       100
36.660       113
36.680       133
36.700       143
36.720        97
36.740       143
36.760       127
36.780       117
36.800       117
36.820       110
36.840       133
36.860       133
36.880       103
36.900       143
36.920        73
36.940       117
36.960        97
36.980       107
37.000        90
37.020       137
37.040        80
37.060        70
37.080        90
37.100       137
37.120        83
37.140       130
37.160       127
37.180       103
37.200       113
37.220       130
37.240       130
37.260       130
37.280        93
37.300       117
37.320       117
37.340       110
37.360       107
37.380       130
37.400       103
37.420       110
37.440       130
37.460       123
37.480       103
37.500        87
37.520       133
37.540        90
37.560       120
37.580       123
37.600       110
37.620       130
37.640        97
37.660       103
37.680        87
37.700        87
37.720       143
37.740       130
37.760        93
37.780        77
37.800        90
37.820       110
37.840        90
37.860       107
37.880       103
37.900        93
37.920       143
37.940        90
37.960        93
37.980        70
38.000        87
38.020        93
38.040       107
38.060       123
38.080       107
38.100        93
38.120       100
38.140       117
38.160        70
38.180        87
38.200        93
38.220       113
38.240       103
38.260       117
38.280       120
38.300       107
38.320       100
38.340        87
38.360        80
38.380        57
38.400        80
38.420        90
38.440        97
38.460       133
38.480        70
38.500       103
38.520        67
38.540       107
38.560       100
38.580       100
38.600        97
38.620        80
38.640        83
38.660        63
38.680        77
38.700        97
38.720        70
38.740        87
38.760        83
38.780       103
38.800        93
38.820       100
38.840        90
38.860        80
38.880       110
38.900        73
38.920        77
38.940        90
38.960        70
38.980        70
39.000        73
39.020        77
39.040        70
39.060        67
39.080        80
39.100        90
39.120        77
39.140        80
39.160        93
39.180       103
39.200        60
39.220        73
39.240        97
39.260        93
39.280        67
39.300        97
39.320        93
39.340       153
39.360       117
39.380       130
39.400       140
39.420       137
39.440        93
39.460        83
39.480        77
39.500       113
39.520        97
39.540        90
39.560        90
39.580        73
39.600        90
39.620        67
39.640       150
39.660       193
39.680       130
39.700       140
39.720       233
39.740       273
39.760       300
39.780       223
39.800       290
39.820       303
39.840       257
39.860       220
39.880       210
39.900       197
39.920       113
39.940       137
39.960       100
39.980        63
40.000        83
40.020       113
40.040        73
40.060        60
40.080        87
40.100        50
40.120        97
40.140       100
40.160        57
40.180        97
40.200        83
40.220        50
40.240        53
40.260        57
40.280        80
40.300        77
40.320        77
40.340       103
40.360        87
40.380        43
40.400        57
40.420        53
40.440        43
40.460        77
40.480        73
40.500        73
40.520        73
40.540        67
40.560        63
40.580        63
40.600        80
40.620       100
40.640        57
40.660        77
40.680        87
40.700        83
40.720        57
40.740        70
40.760        80
40.780        73
40.800        73
40.820        80
40.840        87
40.860        70
40.880        60
40.900        50
40.920        57
40.940        67
40.960        47
40.980        57
41.000        83
41.020        57
41.040        63
41.060        57
41.080        63
41.100        53
41.120        80
41.140        50
41.160        93
41.180        90
41.200        90
41.220        87
41.240        57
41.260        73
41.280        70
41.300        87
41.320       100
41.340        70
41.360        77
41.380        70
41.400        57
41.420        73
41.440        60
41.460        80
41.480        87
41.500        70
41.520        57
41.540        60
41.560        67
41.580        47
41.600        63
41.620        57
41.640        60
41.660        67
41.680        90
41.700        53
41.720        77
41.740        57
41.760        93
41.780        63
41.800        87
41.820        50
41.840        70
41.860        87
41.880        70
41.900        53
41.920        73
41.940        97
41.960        53
41.980        53
42.000        70
42.020        60
42.040        67
42.060        40
42.080        80
42.100        67
42.120        37
42.140        57
42.160        57
42.180        47
42.200        73
42.220        47
42.240        33
42.260        43
42.280        60
42.300        63
42.320        67
42.340        73
42.360        70
42.380        63
42.400        57
42.420        63
42.440        53
42.460        70
42.480        60
42.500        47
42.520        50
42.540        33
42.560        43
42.580        87
42.600        70
42.620        53
42.640        57
42.660        57
42.680        73
42.700        63
42.720        40
42.740        70
42.760        60
42.780        53
42.800        63
42.820        57
42.840        37
42.860        57
42.880        67
42.900        60
42.920        70
42.940        43
42.960        53
42.980        83
43.000        50
43.020        53
43.040        83
43.060       107
43.080        93
43.100        67
43.120        77
43.140        70
43.160        53
43.180        77
43.200        53
43.220        87
43.240        73
43.260        87
43.280        57
43.300        63
43.320        87
43.340        17
43.360        70
43.380        47
43.400        53
43.420        70
43.440        57
43.460        67
43.480        47
43.500        30
43.520        47
43.540        80
43.560        50
43.580        57
43.600        70
43.620        57
43.640        53
43.660        70
43.680        43
43.700        53
43.720        67
43.740        40
43.760        67
43.780        60
43.800        47
43.820        57
43.840        50
43.860        57
43.880        63
43.900        57
43.920        63
43.940        47
43.960        67
43.980        70
44.000        70
44.020        40
44.040        47
44.060        33
44.080        47
44.100        53
44.120        40
44.140        57
44.160        33
44.180        37
44.200        47
44.220        73
44.240        57
44.260        33
44.280        37
44.300        57
44.320        57
44.340        47
44.360        53
44.380        57
44.400        77
44.420        40
44.440        53
44.460        40
44.480        43
44.500        40
44.520        57
44.540        47
44.560        50
44.580        40
44.600        60
44.620        40
44.640        33
44.660        40
44.680        47
44.700        40
44.720        60
44.740        40
44.760        60
44.780        50
44.800        60
44.820        43
44.840        40
44.860        37
44.880        40
44.900        50
44.920        50
44.940        47
44.960        43
44.980        30
45.000        63
45.020        37
45.040        50
45.060        37
45.080        33
45.100        40
45.120        57
45.140        57
45.160        53
45.180        83
45.200        60
45.220        70
45.240        80
45.260        70
45.280        60
45.300        43
45.320        80
45.340        53
45.360        67
45.380        60
45.400        63
45.420        67
45.440        77
45.460        83
45.480        77
45.500        57
45.520        67
45.540        73
45.560        43
45.580        53
45.600        70
45.620        83
45.640        67
45.660        80
45.680        77
45.700        60
45.720        77
45.740        73
45.760        50
45.780       137
45.800        93
45.820        70
45.840        97
45.860       163
45.880       133
45.900       147
45.920       167
45.940       167
45.960       200
45.980       250
46.000       307
46.020       333
46.040       456
46.060       446
46.080       593
46.100       710
46.120       756
46.140       923
46.160       970
46.180      1116
46.200      1126
46.220      1010
46.240      1263
46.260      1186
46.280      1276
46.300      1133
46.320      1073
46.340       930
46.360       863
46.380       780
46.400       666
46.420       590
46.440       523
46.460       393
46.480       297
46.500       283
46.520       180
46.540       200
46.560       163
46.580       140
46.600       123
46.620       110
46.640        77
46.660        73
46.680        90
46.700       110
46.720        97
46.740        90
46.760       110
46.780       117
46.800       110
46.820       167
46.840       147
46.860       107
46.880       130
46.900       107
46.920        93
46.940       120
46.960       160
46.980       117
47.000       137
47.020       133
47.040       147
47.060       200
47.080       170
47.100       243
47.120       243
47.140       233
47.160       390
47.180       886
47.200      1409
47.220      2043
47.240      1883
47.260      1629
47.280       993
47.300       520
47.320       383
47.340       307
47.360       220
47.380       187
47.400       170
47.420       147
47.440       170
47.460       147
47.480       160
47.500       213
47.520       140
47.540       127
47.560       177
47.580       130
47.600       143
47.620       150
47.640       130
47.660       130
47.680        97
47.700        77
47.720       117
47.740       100
47.760        90
47.780        77
47.800        73
47.820        80
47.840        70
47.860        83
47.880        80
47.900        67
47.920        47
47.940        70
47.960        57
47.980        77
48.000        87
48.020        60
48.040        70
48.060        53
48.080        53
48.100       117
48.120        47
48.140        73
48.160        87
48.180        77
48.200        77
48.220        80
48.240        90
48.260        80
48.280        60
48.300        87
48.320        63
48.340        70
48.360       107
48.380       110
48.400       103
48.420        97
48.440        97
48.460       117
48.480        77
48.500       100
48.520       137
48.540        87
48.560       100
48.580        60
48.600        80
48.620        70
48.640        83
48.660        50
48.680        67
48.700        57
48.720        73
48.740        70
48.760        53
48.780        57
48.800        70
48.820        50
48.840        53
48.860        73
48.880        67
48.900        57
48.920        47
48.940        80
48.960        70
48.980        70
49.000        43
49.020        47
49.040        43
49.060        73
49.080        53
49.100        70
49.120        27
49.140        13
49.160        40
49.180        50
49.200        50
49.220        73
49.240        43
49.260        47
49.280        53
49.300        73
49.320        33
49.340        47
49.360        63
49.380        80
49.400        70
49.420        57
49.440        50
49.460        90
49.480        60
49.500        67
49.520        33
49.540        77
49.560        37
49.580        50
49.600        53
49.620        50
49.640        47
49.660        53
49.680        33
49.700        53
49.720        47
49.740        23
49.760        53
49.780        43
49.800        57
49.820        63
49.840        50
49.860        57
49.880        37
49.900        67
49.920        27
49.940        50
49.960        53
49.980        47
50.000        43
50.020        37
50.040        17
50.060        40
50.080        53
50.100        37
50.120        50
50.140        40
50.160        37
50.180        30
50.200        60
50.220        33
50.240        43
50.260        30
50.280        53
50.300        50
50.320        60
50.340        67
50.360        43
50.380        50
50.400        43
50.420        60
50.440        40
50.460        37
50.480        43
50.500        43
50.520        77
50.540        70
50.560        70
50.580        70
50.600        77
50.620        87
50.640       113
50.660       150
50.680       157
50.700       267
50.720       393
50.740       426
50.760       460
50.780       506
50.800       570
50.820       560
50.840       506
50.860       576
50.880       546
50.900       483
50.920       533
50.940       543
50.960       576
50.980       500
51.000       570
51.020       546
51.040       540
51.060       566
51.080       456
51.100       466
51.120       486
51.140       533
51.160       556
51.180       446
51.200       596
51.220       486
51.240       560
51.260       470
51.280       513
51.300       556
51.320       546
51.340       470
51.360       460
51.380       513
51.400       503
51.420       543
51.440       500
51.460       530
51.480       526
51.500       536
51.520       500
51.540       523
51.560       620
51.580       546
51.600       566
51.620       623
51.640       590
51.660       573
51.680       570
51.700       610
51.720       553
51.740       576
51.760       613
51.780       583
51.800       626
51.820       676
51.840       680
51.860       593
51.880       670
51.900       653
51.920       653
51.940       690
51.960       603
51.980       623
52.000       703
52.020       676
52.040       680
52.060       786
52.080       846
52.100       753
52.120       840
52.140       910
52.160       913
52.180       960
52.200      1090
52.220      1213
52.240      1263
52.260      1369
52.280      1663
52.300      1849
52.320      2289
52.340      3082
52.360      3972
52.380      4785
52.400      5831
52.420      7277
52.440      9023
52.460     10976
52.480     12985
52.500     14784
52.520     18496
52.540     26526
52.560     49214
52.580    105211
52.600    173111
52.620    206734
52.640    202316
52.660    155321
52.680     88934
52.700     57384
52.720     71095
52.740    106494
52.760    125403
52.780    122144
52.800     90477
52.820     47008
52.840     22131
52.860     12812
52.880      9090
52.900      7287
52.920      5751
52.940      4382
52.960      3289
52.980      2596
53.000      2152
53.020      1806
53.040      1676
53.060      1483
53.080      1433
53.100      1303
53.120      1250
53.140      1153
53.160      1030
53.180      1033
53.200      1010
53.220       966
53.240       943
53.260       910
53.280       873
53.300       840
53.320       853
53.340       716
53.360       746
53.380       733
53.400       690
53.420       706
53.440       723
53.460       656
53.480       633
53.500       596
53.520       636
53.540       610
53.560       626
53.580       630
53.600       583
53.620       493
53.640       553
53.660       623
53.680       480
53.700       600
53.720       583
53.740       486
53.760       490
53.780       520
53.800       560
53.820       486
53.840       510
53.860       516
53.880       463
53.900       426
53.920       513
53.940       393
53.960       453
53.980       453
54.000       450
54.020       506
54.040       450
54.060       456
54.080       430
54.100       460
54.120       423
54.140       460
54.160       443
54.180       466
54.200       443
54.220       363
54.240       370
54.260       410
54.280       333
54.300       426
54.320       423
54.340       387
54.360       377
54.380       423
54.400       363
54.420       367
54.440       413
54.460       350
54.480       403
54.500       377
54.520       480
54.540       430
54.560       390
54.580       407
54.600       343
54.620       373
54.640       353
54.660       360
54.680       400
54.700       423
54.720       380
54.740       380
54.760       343
54.780       353
54.800       400
54.820       317
54.840       400
54.860       367
54.880       397
54.900       347
54.920       297
54.940       340
54.960       373
54.980       390
55.000       300
55.020       267
55.040       347
55.060       277
55.080       310
55.100       317
55.120       277
55.140       343
55.160       327
55.180       390
55.200       303
55.220       343
55.240       310
55.260       347
55.280       313
55.300       337
55.320       313
55.340       357
55.360       357
55.380       357
55.400       293
55.420       297
55.440       250
55.460       313
55.480       250
55.500       317
55.520       240
55.540       253
55.560       273
55.580       287
55.600       300
55.620       263
55.640       353
55.660       283
55.680       267
55.700       310
55.720       290
55.740       323
55.760       303
55.780       297
55.800       270
55.820       323
55.840       287
55.860       267
55.880       263
55.900       290
55.920       297
55.940       243
55.960       280
55.980       300
56.000       320
56.020       330
56.040       287
56.060       303
56.080       327
56.100       317
56.120       237
56.140       270
56.160       280
56.180       280
56.200       287
56.220       277
56.240       323
56.260       260
56.280       270
56.300       267
56.320       293
56.340       330
56.360       303
56.380       303
56.400       263
56.420       293
56.440       293
56.460       240
56.480       257
56.500       230
56.520       263
56.540       240
56.560       253
56.580       287
56.600       190
56.620       243
56.640       287
56.660       307
56.680       243
56.700       250
56.720       240
56.740       307
56.760       227
56.780       257
56.800       293
56.820       267
56.840       257
56.860       263
56.880       263
56.900       237
56.920       263
56.940       237
56.960       250
56.980       253
57.000       250
57.020       273
57.040       210
57.060       263
57.080       243
57.100       263
57.120       237
57.140       190
57.160       227
57.180       280
57.200       273
57.220       260
57.240       290
57.260       240
57.280       240
57.300       293
57.320       307
57.340       270
57.360       270
57.380       267
57.400       270
57.420       253
57.440       317
57.460       323
57.480       340
57.500       300
57.520       353
57.540       320
57.560       253
57.580       250
57.600       233
57.620       240
57.640       293
57.660       207
57.680       260
57.700       273
57.720       233
57.740       290
57.760       200
57.780       230
57.800       217
57.820       257
57.840       237
57.860       260
57.880       220
57.900       200
57.920       223
57.940       193
57.960       240
57.980       233
58.000       240
58.020       203
58.040       227
58.060       233
58.080       187
58.100       200
58.120       217
58.140       163
58.160       180
58.180       210
58.200       217
58.220       223
58.240       193
58.260       200
58.280       197
58.300       227
58.320       213
58.340       217
58.360       210
58.380       220
58.400       180
58.420       210
58.440       240
58.460       213
58.480       200
58.500       207
58.520       170
58.540       190
58.560       173
58.580       217
58.600       190
58.620       207
58.640       210
58.660       190
58.680       160
58.700       193
58.720       180
58.740       230
58.760       213
58.780       177
58.800       187
58.820       240
58.840       177
58.860       207
58.880       197
58.900       237
58.920       190
58.940       167
58.960       210
58.980       220
59.000       207
59.020       173
59.040       177
59.060       193
59.080       133
59.100       177
59.120       203
59.140       200
59.160       173
59.180       170
59.200       217
59.220       167
59.240       173
59.260       140
59.280       180
59.300       180
59.320       203
59.340       157
59.360       180
59.380       147
59.400       177
59.420       170
59.440       167
59.460       153
59.480       177
59.500       200
59.520       177
59.540       147
59.560       197
59.580       173
59.600       133
59.620       173
59.640       227
59.660       133
59.680       173
59.700       150
59.720       207
59.740       200
59.760       183
59.780       150
59.800       120
59.820       160
59.840       183
59.860       167
59.880       187
59.900       160
59.920       170
59.940       147
59.960       143
59.980       177
60.000       177
