20.000        71
20.020        86
20.040        29
20.060        29
20.080        71
20.100        29
20.120        57
20.140        14
20.160       100
20.180         0
20.200        14
20.220        71
20.240        43
20.260        57
20.280        14
20.300        57
20.320        86
20.340        14
20.360        71
20.380        29
20.400        71
20.420        14
20.440        43
20.460        71
20.480        57
20.500        14
20.520        71
20.540        57
20.560        86
20.580        71
20.600        57
20.620        14
20.640         0
20.660        14
20.680        43
20.700        29
20.720        57
20.740        43
20.760        86
20.780        43
20.800        57
20.820        14
20.840        29
20.860        43
20.880         0
20.900        71
20.920        29
20.940         0
20.960        57
20.980        71
21.000        71
21.020         0
21.040        29
21.060        86
21.080        86
21.100        43
21.120        57
21.140        14
21.160        29
21.180        14
21.200        43
21.220         0
21.240        57
21.260         0
21.280        57
21.300        29
21.320        29
21.340        43
21.360        57
21.380        57
21.400        43
21.420        43
21.440        14
21.460        14
21.480        43
21.500        43
21.520        14
21.540        14
21.560        43
21.580        29
21.600        14
21.620        14
21.640        86
21.660        71
21.680        57
21.700        43
21.720        14
21.740        29
21.760        29
21.780        71
21.800        57
21.820        71
21.840        57
21.860        43
21.880       129
21.900        14
21.920        86
21.940       100
21.960       100
21.980        86
22.000        86
22.020        29
22.040       114
22.060        57
22.080       157
22.100       186
22.120       129
22.140       243
22.160       157
22.180       171
22.200       228
22.220       228
22.240       171
22.260       129
22.280       129
22.300        57
22.320        43
22.340         0
22.360        29
22.380         0
22.400        14
22.420       114
22.440         0
22.460        57
22.480        29
22.500        29
22.520        71
22.540        57
22.560        43
22.580        71
22.600        29
22.620        57
22.640        71
22.660        14
22.680        29
22.700        29
22.720        57
22.740        71
22.760        86
22.780        43
22.800         0
22.820        43
22.840        29
22.860        71
22.880        14
22.900        14
22.920        86
22.940        29
22.960         0
22.980        57
23.000       100
23.020        29
23.040        71
23.060        43
23.080         0
23.100        29
23.120        43
23.140        57
23.160        29
23.180        29
23.200        29
23.220        29
23.240         0
23.260        14
23.280        14
23.300        14
23.320         0
23.340        29
23.360        14
23.380        14
23.400        29
23.420         0
23.440        29
23.460        29
23.480        29
23.500        14
23.520         0
23.540        14
23.560         0
23.580         0
23.600        43
23.620        29
23.640        57
23.660        14
23.680        14
23.700        57
23.720        14
23.740        29
23.760        71
23.780        71
23.800        43
23.820        57
23.840        43
23.860        29
23.880        29
23.900        71
23.920        43
23.940        14
23.960        29
23.980        29
24.000        14
24.020        14
24.040        29
24.060         0
24.080        57
24.100        43
24.120        57
24.140        14
24.160        14
24.180        29
24.200        14
24.220        29
24.240        57
24.260        43
24.280        14
24.300        57
24.320        14
24.340        29
24.360        14
24.380        29
24.400        14
24.420        14
24.440        14
24.460        29
24.480        43
24.500        43
24.520        43
24.540        57
24.560        29
24.580        29
24.600        14
24.620        14
24.640        14
24.660        29
24.680        57
24.700        57
24.720        57
24.740         0
24.760        57
24.780        29
24.800        29
24.820        29
24.840        29
24.860        57
24.880        29
24.900        14
24.920         0
24.940        29
24.960        29
24.980        14
25.000        14
25.020        29
25.040        57
25.060        29
25.080        43
25.100         0
25.120        14
25.140        14
25.160        57
25.180        14
25.200        29
25.220        14
25.240        29
25.260        14
25.280         0
25.300        43
25.320        43
25.340        14
25.360        14
25.380        43
25.400        29
25.420        43
25.440        29
25.460        14
25.480        29
25.500        14
25.520        71
25.540        57
25.560        29
25.580        43
25.600         0
25.620        71
25.640        57
25.660        14
25.680        29
25.700        29
25.720        43
25.740        29
25.760         0
25.780        43
25.800        14
25.820        43
25.840        43
25.860        29
25.880        29
25.900        29
25.920        14
25.940        57
25.960        57
25.980         0
26.000        29
26.020        43
26.040         0
26.060         0
26.080        14
26.100        57
26.120        29
26.140        14
26.160        43
26.180        29
26.200        29
26.220        43
26.240        29
26.260        43
26.280         0
26.300        43
26.320        43
26.340        43
26.360        57
26.380         0
26.400         0
26.420        29
26.440        29
26.460        29
26.480         0
26.500        43
26.520        29
26.540        29
26.560        29
26.580        14
26.600        29
26.620        43
26.640        43
26.660        57
26.680        14
26.700        14
26.720        14
26.740        57
26.760        43
26.780        43
26.800         0
26.820        14
26.840         0
26.860        57
26.880        14
26.900        43
26.920        29
26.940        29
26.960        29
26.980        57
27.000        86
27.020        71
27.040        14
27.060        29
27.080        14
27.100        14
27.120        29
27.140        29
27.160        14
27.180        43
27.200        14
27.220        14
27.240         0
27.260         0
27.280        43
27.300        43
27.320        57
27.340         0
27.360         0
27.380        29
27.400        43
27.420        43
27.440        14
27.460        14
27.480         0
27.500        29
27.520        14
27.540        14
27.560        43
27.580        29
27.600         0
27.620        14
27.640        43
27.660        43
27.680        43
27.700        14
27.720        14
27.740        29
27.760         0
27.780        43
27.800        43
27.820         0
27.840        14
27.860        29
27.880        29
27.900        29
27.920        14
27.940        29
27.960        14
27.980        14
28.000        29
28.020        14
28.040        14
28.060        14
28.080        14
28.100        43
28.120         0
28.140        14
28.160        14
28.180        14
28.200        14
28.220         0
28.240        14
28.260        29
28.280        14
28.300        29
28.320        14
28.340        29
28.360        29
28.380        57
28.400        57
28.420        71
28.440        43
28.460        14
28.480        29
28.500        43
28.520        14
28.540        57
28.560         0
28.580        29
28.600        29
28.620         0
28.640        14
28.660        43
28.680        29
28.700        14
28.720        14
28.740        14
28.760        29
28.780        14
28.800        86
28.820         0
28.840        14
28.860        14
28.880        29
28.900        14
28.920        14
28.940        14
28.960        43
28.980        29
29.000        14
29.020        14
29.040         0
29.060        14
29.080        14
29.100         0
29.120        57
29.140        29
29.160         0
29.180        57
29.200        14
29.220        43
29.240        14
29.260        14
29.280         0
29.300        14
29.320        14
29.340        71
29.360        14
29.380        14
29.400        14
29.420        14
29.440        14
29.460        43
29.480        29
29.500        14
29.520        14
29.540        14
29.560        29
29.580        43
29.600        14
29.620        14
29.640         0
29.660        29
29.680         0
29.700        14
29.720        14
29.740        57
29.760        14
29.780        14
29.800        57
29.820        29
29.840        43
29.860        57
29.880        14
29.900        29
29.920        29
29.940        43
29.960         0
29.980        43
30.000         0
30.020        29
30.040        71
30.060        43
30.080        29
30.100         0
30.120        29
30.140        14
30.160         0
30.180        14
30.200        29
30.220         0
30.240         0
30.260         0
30.280        29
30.300        14
30.320        14
30.340        14
30.360        43
30.380        14
30.400        14
30.420        14
30.440        29
30.460        57
30.480        43
30.500        43
30.520        43
30.540        29
30.560        57
30.580        29
30.600        14
30.620        57
30.640        57
30.660        14
30.680        57
30.700        29
30.720         0
30.740        43
30.760        14
30.780        14
30.800        29
30.820        14
30.840         0
30.860        29
30.880         0
30.900       100
30.920        57
30.940        14
30.960        29
30.980        57
31.000        57
31.020        29
31.040        14
31.060       100
31.080        43
31.100        43
31.120        57
31.140        29
31.160        43
31.180        71
31.200        29
31.220        14
31.240        29
31.260        71
31.280        29
31.300       143
31.320       143
31.340       200
31.360       228
31.380       457
31.400       500
31.420       685
31.440       657
31.460      1028
31.480      1228
31.500       900
31.520      1142
31.540      1185
31.560      1257
31.580       971
31.600       942
31.620       771
31.640       657
31.660       428
31.680       428
31.700       386
31.720       186
31.740       171
31.760       143
31.780        29
31.800        71
31.820        14
31.840        29
31.860        14
31.880        29
31.900        14
31.920        14
31.940        14
31.960        14
31.980        43
32.000         0
32.020        43
32.040         0
32.060        43
32.080        29
32.100        29
32.120        14
32.140        43
32.160        43
32.180        43
32.200         0
32.220        29
32.240         0
32.260        14
32.280         0
32.300        29
32.320        29
32.340        43
32.360        14
32.380        29
32.400        43
32.420         0
32.440        43
32.460        14
32.480        14
32.500         0
32.520         0
32.540        43
32.560        14
32.580         0
32.600        29
32.620        14
32.640        29
32.660        29
32.680        14
32.700        14
32.720         0
32.740         0
32.760        29
32.780        14
32.800        14
32.820        43
32.840        29
32.860         0
32.880        29
32.900        43
32.920        14
32.940        14
32.960        14
32.980        14
33.000         0
33.020         0
33.040        29
33.060        14
33.080        14
33.100        43
33.120        14
33.140        43
33.160        57
33.180        57
33.200         0
33.220        14
33.240         0
33.260        14
33.280         0
33.300         0
33.320        29
33.340        29
33.360        14
33.380        29
33.400        29
33.420         0
33.440        43
33.460        14
33.480         0
33.500        14
33.520         0
33.540        14
33.560        14
33.580        43
33.600        29
33.620        43
33.640        14
33.660        43
33.680        29
33.700        43
33.720        29
33.740         0
33.760        43
33.780         0
33.800         0
33.820        14
33.840        43
33.860        14
33.880        14
33.900        14
33.920         0
33.940        29
33.960        14
33.980         0
34.000        57
34.020        14
34.040        14
34.060        29
34.080         0
34.100        29
34.120         0
34.140        29
34.160        57
34.180        14
34.200        71
34.220        29
34.240        14
34.260        43
34.280        14
34.300        29
34.320        14
34.340        14
34.360        14
34.380         0
34.400         0
34.420        29
34.440        29
34.460         0
34.480        71
34.500         0
34.520        29
34.540        29
34.560        14
34.580        14
34.600        14
34.620        43
34.640         0
34.660        14
34.680        14
34.700        14
34.720         0
34.740        14
34.760        14
34.780        14
34.800        29
34.820        43
34.840         0
34.860        14
34.880        29
34.900        14
34.920        14
34.940        29
34.960        71
34.980        14
35.000        29
35.020        14
35.040        29
35.060        14
35.080         0
35.100        29
35.120        14
35.140        29
35.160         0
35.180         0
35.200         0
35.220        14
35.240         0
35.260         0
35.280        14
35.300        14
35.320        29
35.340         0
35.360        14
35.380         0
35.400         0
35.420        14
35.440        29
35.460        14
35.480        43
35.500         0
35.520        29
35.540        14
35.560        14
35.580         0
35.600         0
35.620         0
35.640        14
35.660        14
35.680         0
35.700        29
35.720         0
35.740        14
35.760        29
35.780         0
35.800        29
35.820        14
35.840        14
35.860        14
35.880         0
35.900         0
35.920        14
35.940        57
35.960         0
35.980        14
36.000        14
36.020        14
36.040         0
36.060        14
36.080         0
36.100        43
36.120        29
36.140        29
36.160         0
36.180        29
36.200         0
36.220         0
36.240        29
36.260         0
36.280         0
36.300        71
36.320         0
36.340         0
36.360        14
36.380        14
36.400         0
36.420        29
36.440        29
36.460        14
36.480         0
36.500        43
36.520        14
36.540        57
36.560         0
36.580        14
36.600        14
36.620        29
36.640         0
36.660         0
36.680         0
36.700         0
36.720         0
36.740         0
36.760         0
36.780        29
36.800        14
36.820        43
36.840        29
36.860        29
36.880        29
36.900         0
36.920        29
36.940        57
36.960        29
36.980        14
37.000        14
37.020         0
37.040        14
37.060         0
37.080         0
37.100         0
37.120        29
37.140        43
37.160        14
37.180        14
37.200         0
37.220         0
37.240        14
37.260         0
37.280        29
37.300         0
37.320        29
37.340         0
37.360        14
37.380        14
37.400         0
37.420        14
37.440         0
37.460         0
37.480        29
37.500         0
37.520        29
37.540         0
37.560        29
37.580        29
37.600        29
37.620        29
37.640        29
37.660         0
37.680         0
37.700        29
37.720        14
37.740         0
37.760        14
37.780         0
37.800        14
37.820        29
37.840        14
37.860        14
37.880         0
37.900        29
37.920        14
37.940        14
37.960         0
37.980        14
38.000        29
38.020        14
38.040        14
38.060        14
38.080         0
38.100         0
38.120        29
38.140        43
38.160         0
38.180        14
38.200         0
38.220         0
38.240        14
38.260         0
38.280        14
38.300        43
38.320        43
38.340         0
38.360         0
38.380        29
38.400        14
38.420         0
38.440         0
38.460         0
38.480        14
38.500        29
38.520        14
38.540         0
38.560        14
38.580        29
38.600        29
38.620        57
38.640        14
38.660        14
38.680        29
38.700        43
38.720        86
38.740       114
38.760       114
38.780       100
38.800       114
38.820       228
38.840       357
38.860       486
38.880       428
38.900       457
38.920       386
38.940       271
38.960       286
38.980       228
39.000       100
39.020       257
39.040        86
39.060       100
39.080        14
39.100        43
39.120        43
39.140        14
39.160        29
39.180        29
39.200         0
39.220        14
39.240         0
39.260        29
39.280        14
39.300        57
39.320        29
39.340         0
39.360        14
39.380        14
39.400        14
39.420        14
39.440         0
39.460        43
39.480         0
39.500         0
39.520        29
39.540        14
39.560         0
39.580        14
39.600        57
39.620        14
39.640        14
39.660         0
39.680        14
39.700         0
39.720        14
39.740         0
39.760        14
39.780        14
39.800        43
39.820        29
39.840         0
39.860        29
39.880         0
39.900        14
39.920         0
39.940         0
39.960         0
39.980        14
40.000         0
40.020         0
40.040        14
40.060        43
40.080        14
40.100        14
40.120        14
40.140        14
40.160         0
40.180         0
40.200        14
40.220         0
40.240         0
40.260        14
40.280        29
40.300        14
40.320         0
40.340        29
40.360         0
40.380         0
40.400         0
40.420        14
40.440        29
40.460        29
40.480        14
40.500         0
40.520        14
40.540        14
40.560        14
40.580        14
40.600        29
40.620         0
40.640        29
40.660        57
40.680         0
40.700        29
40.720        57
40.740        14
40.760        29
40.780        43
40.800        14
40.820        14
40.840        29
40.860        14
40.880        14
40.900        14
40.920        14
40.940         0
40.960         0
40.980        14
41.000        43
41.020        29
41.040         0
41.060         0
41.080        14
41.100        14
41.120        14
41.140        29
41.160        43
41.180        14
41.200        29
41.220        29
41.240         0
41.260         0
41.280        29
41.300        14
41.320        14
41.340         0
41.360         0
41.380        14
41.400        14
41.420         0
41.440         0
41.460         0
41.480        14
41.500         0
41.520        14
41.540         0
41.560         0
41.580        29
41.600         0
41.620         0
41.640         0
41.660        14
41.680        14
41.700         0
41.720        43
41.740         0
41.760        29
41.780        43
41.800         0
41.820        29
41.840        29
41.860         0
41.880         0
41.900         0
41.920        14
41.940        29
41.960        57
41.980        14
42.000         0
42.020         0
42.040        29
42.060         0
42.080        29
42.100        43
42.120        14
42.140        14
42.160        14
42.180         0
42.200        14
42.220        14
42.240        14
42.260         0
42.280         0
42.300        14
42.320        29
42.340        14
42.360        14
42.380        14
42.400         0
42.420        14
42.440         0
42.460         0
42.480         0
42.500         0
42.520         0
42.540         0
42.560        29
42.580         0
42.600        29
42.620        29
42.640        14
42.660        14
42.680        29
42.700         0
42.720         0
42.740         0
42.760        14
42.780         0
42.800         0
42.820        29
42.840        29
42.860         0
42.880         0
42.900         0
42.920         0
42.940         0
42.960        14
42.980        29
43.000        29
43.020        29
43.040         0
43.060         0
43.080         0
43.100        14
43.120        14
43.140         0
43.160        14
43.180         0
43.200         0
43.220        14
43.240        14
43.260        29
43.280        29
43.300        14
43.320         0
43.340         0
43.360         0
43.380        29
43.400         0
43.420         0
43.440        43
43.460         0
43.480         0
43.500        14
43.520        29
43.540        14
43.560         0
43.580        29
43.600        14
43.620        14
43.640        29
43.660        14
43.680        57
43.700        14
43.720        14
43.740         0
43.760         0
43.780        14
43.800         0
43.820        14
43.840        43
43.860        14
43.880        14
43.900         0
43.920         0
43.940        29
43.960        29
43.980        14
44.000        14
44.020         0
44.040        14
44.060        14
44.080        14
44.100        43
44.120         0
44.140        43
44.160         0
44.180        29
44.200        14
44.220         0
44.240         0
44.260         0
44.280         0
44.300         0
44.320        14
44.340        14
44.360        14
44.380        14
44.400        14
44.420        14
44.440        43
44.460        14
44.480         0
44.500         0
44.520        29
44.540         0
44.560        14
44.580         0
44.600         0
44.620        29
44.640         0
44.660        43
44.680        14
44.700        57
44.720        29
44.740        14
44.760        71
44.780        29
44.800        71
44.820        29
44.840        14
44.860        57
44.880       114
44.900       129
44.920        43
44.940       143
44.960        43
44.980       114
45.000       157
45.020       186
45.040       157
45.060        86
45.080       114
45.100       171
45.120       157
45.140       100
45.160       100
45.180       114
45.200       200
45.220       171
45.240       200
45.260       200
45.280       171
45.300       228
45.320       300
45.340       186
45.360       257
45.380       286
45.400       243
45.420       214
45.440       171
45.460       143
45.480       228
45.500       171
45.520        43
45.540        86
45.560        14
45.580        43
45.600        14
45.620        71
45.640        29
45.660        57
45.680        57
45.700        14
45.720         0
45.740        14
45.760         0
45.780         0
45.800        29
45.820         0
45.840        29
45.860        14
45.880         0
45.900        14
45.920        14
45.940         0
45.960         0
45.980        29
46.000         0
46.020        29
46.040        14
46.060         0
46.080        14
46.100        14
46.120        14
46.140        14
46.160         0
46.180        14
46.200         0
46.220         0
46.240        14
46.260        29
46.280        29
46.300        29
46.320        29
46.340         0
46.360        29
46.380        14
46.400        14
46.420        14
46.440        14
46.460        14
46.480         0
46.500        14
46.520        14
46.540         0
46.560        14
46.580         0
46.600        14
46.620         0
46.640         0
46.660        14
46.680         0
46.700         0
46.720         0
46.740         0
46.760        14
46.780         0
46.800        14
46.820        14
46.840         0
46.860        14
46.880        14
46.900        14
46.920        29
46.940        14
46.960        14
46.980         0
47.000        14
47.020        14
47.040         0
47.060         0
47.080         0
47.100         0
47.120        43
47.140        14
47.160        14
47.180         0
47.200        29
47.220         0
47.240         0
47.260         0
47.280        14
47.300        29
47.320         0
47.340        14
47.360         0
47.380        14
47.400        14
47.420        14
47.440        14
47.460         0
47.480        14
47.500        14
47.520        29
47.540        29
47.560        29
47.580         0
47.600         0
47.620         0
47.640        14
47.660        29
47.680        29
47.700         0
47.720         0
47.740        29
47.760        14
47.780         0
47.800        14
47.820         0
47.840         0
47.860        14
47.880        14
47.900        14
47.920         0
47.940         0
47.960        14
47.980        14
48.000         0
48.020        14
48.040         0
48.060         0
48.080        14
48.100         0
48.120         0
48.140        29
48.160        14
48.180        14
48.200         0
48.220        14
48.240         0
48.260        14
48.280         0
48.300        14
48.320        14
48.340         0
48.360        43
48.380        57
48.400         0
48.420         0
48.440        14
48.460        14
48.480         0
48.500         0
48.520         0
48.540         0
48.560         0
48.580         0
48.600        29
48.620        43
48.640         0
48.660         0
48.680        14
48.700        14
48.720         0
48.740         0
48.760        14
48.780        14
48.800        29
48.820        14
48.840         0
48.860        43
48.880        14
48.900         0
48.920         0
48.940        14
48.960        14
48.980         0
49.000         0
49.020        29
49.040        14
49.060         0
49.080         0
49.100         0
49.120         0
49.140         0
49.160         0
49.180        14
49.200        14
49.220         0
49.240        14
49.260        14
49.280         0
49.300        29
49.320        14
49.340         0
49.360        14
49.380        29
49.400        14
49.420        14
49.440        29
49.460         0
49.480         0
49.500        14
49.520        29
49.540        14
49.560         0
49.580        14
49.600         0
49.620        29
49.640         0
49.660        29
49.680         0
49.700        43
49.720        29
49.740        14
49.760        14
49.780         0
49.800         0
49.820        14
49.840        14
49.860         0
49.880         0
49.900        29
49.920        14
49.940        29
49.960         0
49.980         0
50.000        14
50.020         0
50.040        14
50.060        14
50.080         0
50.100         0
50.120        14
50.140         0
50.160        14
50.180        43
50.200         0
50.220         0
50.240        43
50.260        14
50.280        29
50.300         0
50.320        14
50.340         0
50.360        43
50.380         0
50.400        29
50.420         0
50.440        14
50.460        43
50.480         0
50.500       100
50.520        57
50.540         0
50.560        14
50.580         0
50.600        14
50.620        43
50.640        29
50.660        57
50.680        57
50.700        57
50.720        29
50.740        43
50.760        86
50.780        57
50.800        43
50.820        43
50.840        43
50.860        29
50.880        57
50.900       129
50.920        57
50.940       100
50.960        57
50.980       157
51.000        29
51.020       100
51.040        14
51.060        43
51.080        29
51.100        71
51.120       100
51.140        57
51.160        86
51.180        57
51.200        43
51.220        29
51.240        43
51.260        57
51.280        14
51.300        29
51.320        14
51.340        14
51.360         0
51.380        43
51.400        29
51.420         0
51.440        14
51.460        14
51.480         0
51.500        29
51.520        14
51.540         0
51.560        43
51.580         0
51.600         0
51.620        14
51.640         0
51.660         0
51.680         0
51.700        14
51.720         0
51.740        14
51.760         0
51.780        14
51.800         0
51.820         0
51.840        29
51.860         0
51.880        14
51.900         0
51.920        29
51.940        14
51.960         0
51.980        14
52.000         0
52.020        29
52.040         0
52.060        57
52.080        29
52.100         0
52.120        14
52.140        29
52.160        14
52.180         0
52.200         0
52.220        14
52.240         0
52.260         0
52.280        14
52.300        14
52.320        14
52.340        14
52.360        14
52.380        29
52.400        14
52.420        14
52.440        29
52.460         0
52.480         0
52.500        14
52.520        14
52.540         0
52.560         0
52.580         0
52.600         0
52.620         0
52.640        14
52.660        43
52.680        29
52.700        14
52.720         0
52.740        14
52.760        14
52.780        14
52.800         0
52.820         0
52.840         0
52.860         0
52.880         0
52.900        14
52.920        29
52.940        14
52.960        43
52.980         0
53.000        14
53.020         0
53.040        29
53.060         0
53.080         0
53.100         0
53.120        14
53.140         0
53.160        14
53.180         0
53.200         0
53.220        14
53.240        14
53.260        14
53.280        14
53.300        43
53.320        14
53.340         0
53.360         0
53.380         0
53.400        14
53.420         0
53.440         0
53.460         0
53.480         0
53.500        14
53.520         0
53.540         0
53.560        57
53.580        29
53.600        14
53.620         0
53.640        29
53.660        14
53.680         0
53.700         0
53.720         0
53.740         0
53.760         0
53.780         0
53.800         0
53.820         0
53.840        29
53.860        14
53.880        14
53.900         0
53.920         0
53.940         0
53.960        14
53.980         0
54.000        14
54.020         0
54.040        14
54.060        29
54.080         0
54.100        14
54.120        14
54.140         0
54.160         0
54.180        14
54.200        29
54.220        14
54.240         0
54.260         0
54.280         0
54.300        29
54.320         0
54.340        14
54.360         0
54.380        14
54.400         0
54.420        29
54.440        29
54.460         0
54.480         0
54.500        14
54.520         0
54.540         0
54.560         0
54.580        43
54.600        14
54.620         0
54.640        14
54.660        43
54.680         0
54.700         0
54.720         0
54.740         0
54.760         0
54.780         0
54.800         0
54.820        14
54.840        14
54.860        14
54.880        57
54.900         0
54.920        43
54.940         0
54.960         0
54.980        29
55.000        14
55.020        14
55.040        14
55.060         0
55.080        29
55.100        14
55.120         0
55.140        29
55.160         0
55.180        14
55.200         0
55.220        14
55.240        14
55.260         0
55.280        14
55.300        29
55.320        43
55.340         0
55.360         0
55.380         0
55.400         0
55.420        14
55.440         0
55.460        14
55.480         0
55.500         0
55.520         0
55.540        29
55.560         0
55.580        14
55.600         0
55.620         0
55.640        14
55.660         0
55.680        14
55.700         0
55.720         0
55.740        29
55.760         0
55.780        14
55.800         0
55.820        14
55.840         0
55.860        29
55.880        29
55.900        43
55.920        71
55.940        86
55.960        57
55.980       114
56.000       100
56.020       100
56.040       114
56.060       186
56.080       143
56.100       143
56.120       257
56.140       214
56.160       286
56.180       186
56.200       228
56.220       271
56.240       300
56.260       357
56.280       357
56.300       328
56.320       214
56.340       200
56.360       228
56.380       186
56.400       157
56.420       157
56.440       200
56.460        71
56.480        29
56.500        71
56.520        57
56.540        14
56.560        57
56.580        14
56.600        14
56.620        14
56.640        43
56.660        14
56.680        57
56.700         0
56.720         0
56.740        14
56.760         0
56.780        14
56.800        29
56.820        14
56.840         0
56.860        29
56.880        29
56.900         0
56.920        14
56.940         0
56.960        29
56.980        14
57.000        14
57.020        14
57.040         0
57.060         0
57.080         0
57.100         0
57.120        14
57.140         0
57.160        29
57.180         0
57.200         0
57.220        14
57.240        14
57.260         0
57.280        14
57.300         0
57.320        14
57.340         0
57.360        14
57.380        43
57.400        14
57.420        14
57.440         0
57.460         0
57.480        14
57.500         0
57.520        14
57.540         0
57.560         0
57.580         0
57.600        14
57.620        29
57.640         0
57.660        14
57.680         0
57.700         0
57.720         0
57.740         0
57.760        14
57.780         0
57.800         0
57.820         0
57.840        14
57.860        14
57.880         0
57.900        14
57.920         0
57.940        14
57.960        29
57.980        14
58.000         0
58.020         0
58.040         0
58.060        43
58.080        43
58.100         0
58.120         0
58.140         0
58.160         0
58.180        29
58.200         0
58.220        14
58.240        29
58.260         0
58.280         0
58.300        14
58.320        14
58.340        14
58.360        29
58.380        29
58.400         0
58.420        29
58.440        14
58.460        14
58.480        14
58.500         0
58.520        14
58.540        43
58.560        14
58.580         0
58.600        14
58.620         0
58.640         0
58.660        14
58.680         0
58.700        14
58.720         0
58.740         0
58.760         0
58.780        29
58.800        14
58.820         0
58.840        14
58.860        43
58.880         0
58.900         0
58.920        14
58.940         0
58.960         0
58.980        29
59.000        14
59.020         0
59.040        14
59.060        14
59.080         0
59.100        29
59.120         0
59.140         0
59.160        57
59.180        43
59.200        14
59.220        14
59.240        14
59.260         0
59.280        29
59.300         0
59.320        14
59.340        14
59.360         0
59.380         0
59.400        14
59.420         0
59.440         0
59.460         0
59.480        14
59.500        29
59.520        14
59.540         0
59.560         0
59.580        43
59.600        14
59.620         0
59.640         0
59.660         0
59.680        14
59.700         0
59.720         0
59.740        14
59.760        14
59.780         0
59.800         0
59.820         0
59.840         0
59.860         0
59.880         0
59.900        14
59.920         0
59.940         0
59.960        14
59.980         0
60.000         0
60.020         0
60.040         0
60.060         0
60.080         0
60.100         0
60.120        14
60.140        14
60.160         0
60.180         0
60.200         0
60.220         0
60.240         0
60.260         0
60.280         0
60.300        14
60.320         0
60.340         0
60.360         0
60.380         0
60.400         0
60.420        14
60.440         0
60.460         0
60.480         0
60.500         0
60.520        14
60.540         0
60.560        14
60.580        14
60.600         0
60.620         0
60.640        14
60.660        14
60.680        14
60.700        14
60.720         0
60.740         0
60.760        29
60.780        14
60.800         0
60.820        14
60.840         0
60.860         0
60.880         0
60.900         0
60.920        14
60.940        29
60.960         0
60.980         0
61.000        29
61.020        14
61.040         0
61.060         0
61.080        14
61.100        29
61.120        29
61.140        29
61.160        29
61.180        29
61.200         0
61.220        29
61.240         0
61.260        14
61.280        14
61.300        14
61.320         0
61.340        14
61.360         0
61.380         0
61.400         0
61.420        14
61.440        29
61.460        14
61.480        14
61.500         0
61.520         0
61.540         0
61.560         0
61.580        14
61.600        43
61.620         0
61.640         0
61.660         0
61.680        14
61.700         0
61.720         0
61.740         0
61.760         0
61.780         0
61.800         0
61.820         0
61.840         0
61.860         0
61.880         0
61.900         0
61.920         0
61.940         0
61.960         0
61.980         0
62.000         0
62.020         0
62.040        14
62.060        43
62.080         0
62.100         0
62.120         0
62.140         0
62.160         0
62.180        14
62.200        29
62.220         0
62.240        14
62.260        14
62.280         0
62.300        14
62.320        29
62.340        14
62.360        29
62.380         0
62.400         0
62.420        29
62.440         0
62.460         0
62.480        14
62.500         0
62.520        14
62.540        14
62.560         0
62.580        14
62.600         0
62.620         0
62.640        29
62.660         0
62.680        29
62.700         0
62.720        14
62.740        29
62.760         0
62.780         0
62.800         0
62.820        14
62.840         0
62.860         0
62.880         0
62.900        14
62.920        14
62.940        14
62.960        14
62.980         0
63.000         0
63.020        43
63.040         0
63.060         0
63.080         0
63.100         0
63.120        29
63.140        29
63.160         0
63.180         0
63.200         0
63.220         0
63.240        14
63.260         0
63.280         0
63.300         0
63.320        14
63.340         0
63.360         0
63.380         0
63.400        29
63.420         0
63.440         0
63.460        14
63.480        57
63.500         0
63.520         0
63.540        14
63.560         0
63.580         0
63.600         0
63.620        14
63.640        14
63.660         0
63.680        14
63.700        14
63.720        14
63.740         0
63.760         0
63.780         0
63.800         0
63.820        14
63.840        14
63.860        14
63.880         0
63.900         0
63.920         0
63.940        29
63.960         0
63.980        14
64.000         0
64.020         0
64.040        14
64.060        14
64.080         0
64.100         0
64.120        29
64.140        14
64.160        14
64.180         0
64.200        43
64.220         0
64.240        14
64.260         0
64.280         0
64.300         0
64.320         0
64.340        14
64.360         0
64.380        14
64.400        14
64.420         0
64.440        29
64.460        14
64.480         0
64.500        14
64.520        14
64.540         0
64.560        14
64.580         0
64.600         0
64.620        14
64.640        29
64.660         0
64.680         0
64.700        29
64.720        14
64.740         0
64.760        14
64.780        29
64.800         0
64.820         0
64.840        14
64.860        43
64.880         0
64.900         0
64.920         0
64.940        14
64.960        29
64.980        29
65.000         0
65.020         0
65.040        29
65.060        29
65.080        14
65.100         0
65.120        14
65.140        14
65.160        14
65.180        43
65.200         0
65.220        14
65.240        14
65.260         0
65.280         0
65.300         0
65.320        14
65.340        29
65.360        29
65.380         0
65.400        29
65.420         0
65.440        14
65.460        43
65.480        14
65.500        14
65.520        14
65.540        29
65.560        29
65.580        14
65.600        29
65.620        43
65.640        29
65.660       100
65.680        57
65.700        86
65.720       100
65.740       143
65.760       171
65.780       157
65.800        57
65.820       214
65.840       114
65.860       243
65.880       129
65.900       171
65.920       129
65.940       129
65.960       157
65.980       157
66.000        43
66.020       171
66.040       114
66.060        86
66.080        86
66.100        57
66.120        43
66.140       100
66.160        29
66.180        86
66.200        14
66.220        14
66.240        57
66.260        71
66.280        29
66.300        43
66.320        29
66.340        43
66.360         0
66.380        29
66.400        29
66.420        14
66.440         0
66.460        29
66.480         0
66.500        29
66.520         0
66.540        29
66.560        14
66.580         0
66.600         0
66.620        43
66.640         0
66.660         0
66.680        14
66.700         0
66.720         0
66.740        29
66.760        86
66.780        43
66.800        29
66.820         0
66.840         0
66.860        14
66.880        14
66.900        29
66.920         0
66.940         0
66.960        14
66.980         0
67.000         0
67.020        14
67.040        29
67.060         0
67.080         0
67.100         0
67.120        29
67.140        14
67.160         0
67.180         0
67.200         0
67.220        14
67.240         0
67.260        14
67.280         0
67.300        14
67.320        14
67.340         0
67.360         0
67.380         0
67.400         0
67.420         0
67.440        14
67.460         0
67.480        29
67.500        14
67.520        14
67.540        14
67.560        29
67.580         0
67.600         0
67.620        14
67.640         0
67.660         0
67.680         0
67.700         0
67.720         0
67.740        14
67.760         0
67.780         0
67.800        14
67.820         0
67.840        14
67.860         0
67.880        14
67.900        14
67.920         0
67.940        14
67.960         0
67.980        14
68.000         0
68.020         0
68.040        14
68.060        14
68.080        14
68.100         0
68.120        14
68.140        14
68.160        14
68.180         0
68.200        14
68.220        14
68.240        14
68.260         0
68.280         0
68.300         0
68.320         0
68.340        14
68.360         0
68.380        14
68.400         0
68.420        14
68.440         0
68.460         0
68.480         0
68.500         0
68.520        29
68.540        14
68.560         0
68.580        14
68.600        43
68.620         0
68.640         0
68.660         0
68.680         0
68.700         0
68.720         0
68.740         0
68.760        14
68.780         0
68.800         0
68.820         0
68.840        29
68.860         0
68.880         0
68.900        29
68.920        14
68.940         0
68.960        14
68.980         0
69.000         0
69.020        29
69.040        14
69.060         0
69.080         0
69.100        14
69.120        29
69.140         0
69.160        14
69.180         0
69.200        14
69.220         0
69.240         0
69.260        43
69.280        57
69.300        14
69.320        14
69.340         0
69.360         0
69.380         0
69.400         0
69.420         0
69.440         0
69.460         0
69.480        14
69.500         0
69.520         0
69.540         0
69.560         0
69.580        14
69.600         0
69.620         0
69.640        29
69.660         0
69.680         0
69.700         0
69.720        14
69.740        14
69.760        29
69.780        14
69.800         0
69.820         0
69.840        14
69.860         0
69.880        14
69.900         0
69.920        29
69.940         0
69.960         0
69.980        14
70.000         0
70.020        14
70.040        43
70.060        14
70.080        14
70.100         0
70.120        14
70.140         0
70.160        14
70.180         0
70.200        14
70.220        29
70.240        29
70.260        71
70.280        43
70.300        29
70.320        29
70.340        14
70.360        29
70.380        57
70.400        29
70.420        14
70.440        71
70.460        71
70.480        29
70.500         0
70.520        71
70.540        57
70.560        43
70.580        29
70.600        43
70.620        71
70.640        29
70.660        57
70.680        14
70.700        14
70.720        14
70.740        14
70.760        14
70.780         0
70.800        43
70.820        43
70.840        29
70.860         0
70.880         0
70.900        14
70.920         0
70.940         0
70.960         0
70.980        14
71.000         0
71.020         0
71.040         0
71.060         0
71.080         0
71.100        29
71.120         0
71.140        14
71.160        14
71.180         0
71.200         0
71.220         0
71.240         0
71.260        14
71.280        14
71.300         0
71.320        14
71.340        14
71.360         0
71.380         0
71.400        14
71.420        14
71.440        29
71.460         0
71.480        29
71.500         0
71.520         0
71.540         0
71.560         0
71.580         0
71.600         0
71.620         0
71.640        29
71.660        14
71.680         0
71.700         0
71.720        14
71.740         0
71.760        14
71.780         0
71.800         0
71.820         0
71.840         0
71.860        14
71.880        14
71.900         0
71.920        14
71.940        14
71.960         0
71.980         0
72.000        14
72.020         0
72.040         0
72.060         0
72.080         0
72.100         0
72.120        14
72.140         0
72.160         0
72.180        14
72.200         0
72.220         0
72.240         0
72.260         0
72.280         0
72.300         0
72.320        14
72.340         0
72.360         0
72.380         0
72.400         0
72.420        14
72.440        29
72.460         0
72.480        14
72.500         0
72.520         0
72.540         0
72.560         0
72.580        14
72.600        14
72.620        14
72.640         0
72.660         0
72.680         0
72.700        14
72.720        86
72.740        43
72.760        29
72.780         0
72.800        14
72.820         0
72.840        14
72.860         0
72.880         0
72.900        14
72.920         0
72.940         0
72.960         0
72.980         0
73.000         0
73.020         0
73.040         0
73.060        14
73.080         0
73.100        14
73.120         0
73.140        14
73.160        14
73.180        14
73.200        14
73.220        14
73.240         0
73.260         0
73.280        14
73.300         0
73.320         0
73.340         0
73.360         0
73.380         0
73.400         0
73.420         0
73.440         0
73.460        14
73.480         0
73.500         0
73.520         0
73.540        14
73.560         0
73.580        14
73.600         0
73.620         0
73.640         0
73.660         0
73.680        14
73.700         0
73.720        14
73.740        14
73.760         0
73.780         0
73.800        29
73.820        14
73.840        14
73.860         0
73.880         0
73.900         0
73.920        14
73.940         0
73.960         0
73.980         0
74.000         0
74.020         0
74.040         0
74.060         0
74.080        14
74.100         0
74.120         0
74.140        29
74.160         0
74.180         0
74.200        14
74.220        14
74.240        14
74.260        14
74.280         0
74.300        14
74.320        14
74.340        29
74.360        29
74.380        14
74.400        43
74.420        29
74.440        71
74.460        29
74.480        57
74.500        29
74.520        29
74.540        29
74.560        43
74.580        14
74.600        43
74.620        43
74.640         0
74.660        14
74.680        14
74.700        43
74.720       100
74.740        14
74.760        29
74.780        29
74.800         0
74.820        43
74.840         0
74.860        29
74.880         0
74.900        14
74.920        57
74.940       100
74.960        29
74.980        57
75.000        43
75.020        71
75.040        86
75.060       114
75.080        57
75.100       143
75.120       143
75.140       143
75.160        71
75.180        86
75.200        43
75.220        29
75.240        43
75.260        29
75.280        57
75.300        43
75.320        29
75.340       100
75.360        43
75.380        29
75.400        43
75.420        43
75.440        14
75.460         0
75.480         0
75.500         0
75.520        14
75.540         0
75.560        29
75.580         0
75.600         0
75.620         0
75.640         0
75.660        14
75.680        14
75.700         0
75.720         0
75.740        29
75.760         0
75.780        14
75.800        29
75.820         0
75.840         0
75.860         0
75.880         0
75.900         0
75.920        14
75.940         0
75.960         0
75.980         0
76.000         0
76.020         0
76.040         0
76.060         0
76.080        14
76.100        14
76.120        14
76.140         0
76.160         0
76.180        14
76.200        14
76.220        29
76.240         0
76.260         0
76.280        14
76.300         0
76.320         0
76.340         0
76.360         0
76.380         0
76.400         0
76.420         0
76.440         0
76.460        14
76.480        14
76.500        14
76.520         0
76.540         0
76.560         0
76.580         0
76.600        14
76.620         0
76.640        29
76.660         0
76.680         0
76.700         0
76.720        29
76.740        29
76.760        14
76.780         0
76.800         0
76.820        14
76.840         0
76.860        29
76.880         0
76.900         0
76.920         0
76.940        14
76.960        14
76.980         0
77.000         0
77.020        14
77.040         0
77.060         0
77.080        29
77.100        29
77.120         0
77.140         0
77.160         0
77.180         0
77.200         0
77.220         0
77.240        14
77.260        14
77.280         0
77.300        14
77.320         0
77.340         0
77.360         0
77.380        14
77.400        14
77.420        14
77.440         0
77.460         0
77.480         0
77.500         0
77.520         0
77.540         0
77.560         0
77.580         0
77.600        14
77.620         0
77.640         0
77.660        14
77.680        14
77.700         0
77.720        14
77.740         0
77.760        29
77.780         0
77.800        29
77.820         0
77.840         0
77.860         0
77.880         0
77.900        14
77.920         0
77.940         0
77.960        14
77.980         0
78.000         0
78.020         0
78.040         0
78.060        14
78.080         0
78.100         0
78.120         0
78.140         0
78.160        29
78.180        14
78.200        14
78.220        43
78.240        14
78.260         0
78.280        14
78.300        29
78.320        29
78.340        14
78.360         0
78.380        29
78.400        14
78.420        14
78.440        29
78.460         0
78.480        14
78.500         0
78.520         0
78.540        14
78.560         0
78.580        14
78.600        29
78.620        14
78.640         0
78.660         0
78.680         0
78.700         0
78.720        14
78.740        29
78.760        14
78.780        14
78.800        71
78.820        29
78.840         0
78.860        29
78.880        14
78.900        14
78.920        57
78.940        14
78.960        29
78.980         0
79.000        29
79.020        43
79.040        43
79.060         0
79.080         0
79.100        29
79.120        43
79.140         0
79.160         0
79.180         0
79.200        29
79.220        43
79.240        43
79.260        29
79.280        14
79.300        29
79.320        43
79.340        29
79.360        57
79.380        43
79.400        57
79.420        43
79.440        43
79.460        29
79.480        57
79.500        57
79.520        57
79.540         0
79.560        29
79.580        29
79.600        43
79.620        43
79.640        43
79.660        29
79.680        57
79.700        43
79.720       100
79.740         0
79.760         0
79.780        29
79.800        14
79.820         0
79.840         0
79.860         0
79.880        43
79.900         0
79.920         0
79.940        29
79.960         0
79.980         0
80.000         0
