20.000       293
20.020       347
20.040       313
20.060       287
20.080       307
20.100       367
20.120       303
20.140       333
20.160       343
20.180       353
20.200       287
20.220       340
20.240       383
20.260       300
20.280       357
20.300       340
20.320       300
20.340       343
20.360       323
20.380       320
20.400       323
20.420       347
20.440       310
20.460       267
20.480       317
20.500       330
20.520       360
20.540       333
20.560       337
20.580       333
20.600       327
20.620       313
20.640       290
20.660       333
20.680       373
20.700       337
20.720       367
20.740       310
20.760       360
20.780       303
20.800       317
20.820       337
20.840       367
20.860       363
20.880       367
20.900       373
20.920       367
20.940       310
20.960       340
20.980       337
21.000       270
21.020       357
21.040       380
21.060       323
21.080       363
21.100       370
21.120       363
21.140       317
21.160       350
21.180       357
21.200       310
21.220       397
21.240       423
21.260       417
21.280       410
21.300       403
21.320       503
21.340       466
21.360       486
21.380       520
21.400       480
21.420       526
21.440       523
21.460       583
21.480       403
21.500       470
21.520       426
21.540       410
21.560       430
21.580       433
21.600       317
21.620       247
21.640       363
21.660       300
21.680       353
21.700       307
21.720       353
21.740       263
21.760       303
21.780       263
21.800       303
21.820       323
21.840       267
21.860       267
21.880       297
21.900       220
21.920       267
21.940       237
21.960       357
21.980       280
22.000       267
22.020       307
22.040       250
22.060       273
22.080       293
22.100       220
22.120       280
22.140       273
22.160       283
22.180       240
22.200       353
22.220       263
22.240       297
22.260       277
22.280       247
22.300       237
22.320       273
22.340       263
22.360       253
22.380       263
22.400       277
22.420       267
22.440       270
22.460       303
22.480       240
22.500       287
22.520       277
22.540       290
22.560       220
22.580       253
22.600       303
22.620       273
22.640       270
22.660       263
22.680       237
22.700       263
22.720       267
22.740       287
22.760       317
22.780       280
22.800       280
22.820       270
22.840       240
22.860       330
22.880       270
22.900       313
22.920       367
22.940       310
22.960       317
22.980       323
23.000       313
23.020       390
23.040       390
23.060       403
23.080       387
23.100       403
23.120       357
23.140       327
23.160       317
23.180       333
23.200       313
23.220       273
23.240       267
23.260       250
23.280       277
23.300       263
23.320       220
23.340       300
23.360       220
23.380       253
23.400       193
23.420       257
23.440       250
23.460       263
23.480       273
23.500       247
23.520       230
23.540       250
23.560       233
23.580       287
23.600       257
23.620       300
23.640       277
23.660       280
23.680       283
23.700       307
23.720       223
23.740       287
23.760       290
23.780       293
23.800       337
23.820       307
23.840       323
23.860       293
23.880       357
23.900       310
23.920       307
23.940       270
23.960       227
23.980       280
24.000       287
24.020       220
24.040       293
24.060       207
24.080       270
24.100       280
24.120       230
24.140       187
24.160       207
24.180       167
24.200       290
24.220       270
24.240       247
24.260       253
24.280       260
24.300       197
24.320       230
24.340       220
24.360       247
24.380       267
24.400       273
24.420       257
24.440       287
24.460       267
24.480       303
24.500       330
24.520       267
24.540       250
24.560       313
24.580       280
24.600       330
24.620       323
24.640       367
24.660       450
24.680       536
24.700       576
24.720       693
24.740       803
24.760       863
24.780       936
24.800      1063
24.820      1200
24.840      1253
24.860      1536
24.880      1603
24.900      1579
24.920      1499
24.940      1363
24.960      1343
24.980      1203
25.000       986
25.020       813
25.040       736
25.060       560
25.080       486
25.100       436
25.120       373
25.140       290
25.160       293
25.180       327
25.200       337
25.220       303
25.240       303
25.260       293
25.280       293
25.300       323
25.320       257
25.340       223
25.360       230
25.380       243
25.400       290
25.420       263
25.440       280
25.460       270
25.480       237
25.500       223
25.520       267
25.540       213
25.560       243
25.580       333
25.600       287
25.620       273
25.640       310
25.660       323
25.680       250
25.700       233
25.720       233
25.740       273
25.760       183
25.780       247
25.800       223
25.820       270
25.840       223
25.860       237
25.880       250
25.900       197
25.920       203
25.940       217
25.960       230
25.980       210
26.000       207
26.020       200
26.040       253
26.060       213
26.080       257
26.100       253
26.120       270
26.140       233
26.160       227
26.180       200
26.200       213
26.220       223
26.240       177
26.260       210
26.280       237
26.300       283
26.320       283
26.340       187
26.360       243
26.380       200
26.400       243
26.420       227
26.440       247
26.460       253
26.480       237
26.500       293
26.520       250
26.540       247
26.560       250
26.580       257
26.600       223
26.620       330
26.640       270
26.660       330
26.680       327
26.700       263
26.720       290
26.740       307
26.760       247
26.780       247
26.800       260
26.820       237
26.840       257
26.860       300
26.880       263
26.900       197
26.920       170
26.940       250
26.960       177
26.980       193
27.000       203
27.020       197
27.040       177
27.060       127
27.080       207
27.100       207
27.120       263
27.140       257
27.160       197
27.180       207
27.200       240
27.220       190
27.240       183
27.260       197
27.280       183
27.300       167
27.320       230
27.340       213
27.360       183
27.380       233
27.400       223
27.420       217
27.440       180
27.460       177
27.480       207
27.500       280
27.520       143
27.540       187
27.560       183
27.580       230
27.600       227
27.620       187
27.640       240
27.660       197
27.680       160
27.700       203
27.720       197
27.740       237
27.760       310
27.780       207
27.800       177
27.820       220
27.840       167
27.860       207
27.880       220
27.900       223
27.920       173
27.940       197
27.960       207
27.980       200
28.000       227
28.020       207
28.040       270
28.060       237
28.080       237
28.100       230
28.120       220
28.140       220
28.160       227
28.180       217
28.200       197
28.220       227
28.240       203
28.260       203
28.280       187
28.300       247
28.320       157
28.340       197
28.360       190
28.380       217
28.400       203
28.420       240
28.440       213
28.460       230
28.480       243
28.500       207
28.520       227
28.540       177
28.560       237
28.580       183
28.600       173
28.620       163
28.640       203
28.660       210
28.680       193
28.700       177
28.720       213
28.740       217
28.760       203
28.780       223
28.800       153
28.820       170
28.840       167
28.860       167
28.880       193
28.900       200
28.920       230
28.940       243
28.960       257
28.980       223
29.000       147
29.020       220
29.040       203
29.060       253
29.080       200
29.100       267
29.120       310
29.140       320
29.160       293
29.180       367
29.200       426
29.220       470
29.240       630
29.260       713
29.280       796
29.300      1116
29.320      1319
29.340      1536
29.360      1936
29.380      2136
29.400      2182
29.420      2212
29.440      2159
29.460      2063
29.480      1933
29.500      1566
29.520      1293
29.540       993
29.560       790
29.580       606
29.600       417
29.620       343
29.640       290
29.660       217
29.680       197
29.700       197
29.720       217
29.740       253
29.760       173
29.780       250
29.800       220
29.820       240
29.840       257
29.860       193
29.880       223
29.900       250
29.920       227
29.940       197
29.960       217
29.980       250
30.000       180
30.020       187
30.040       217
30.060       207
30.080       203
30.100       193
30.120       187
30.140       203
30.160       143
30.180       223
30.200       160
30.220       177
30.240       207
30.260       217
30.280       140
30.300       180
30.320       213
30.340       203
30.360       207
30.380       183
30.400       233
30.420       147
30.440       153
30.460       197
30.480       173
30.500       153
30.520       157
30.540       150
30.560       160
30.580       163
30.600       147
30.620       187
30.640       183
30.660       170
30.680       207
30.700       203
30.720       197
30.740       207
30.760       170
30.780       147
30.800       147
30.820       163
30.840       170
30.860       177
30.880       167
30.900       247
30.920       177
30.940       147
30.960       207
30.980       140
31.000       173
31.020       110
31.040       153
31.060       217
31.080       187
31.100       190
31.120       227
31.140       167
31.160       173
31.180       177
31.200       227
31.220       200
31.240       187
31.260       217
31.280       177
31.300       193
31.320       160
31.340       207
31.360       163
31.380       217
31.400       217
31.420       190
31.440       240
31.460       300
31.480       303
31.500       213
31.520       217
31.540       183
31.560       217
31.580       143
31.600       220
31.620       177
31.640       183
31.660       193
31.680       157
31.700       153
31.720       197
31.740       207
31.760       193
31.780       180
31.800       203
31.820       220
31.840       167
31.860       220
31.880       170
31.900       167
31.920       193
31.940       180
31.960       207
31.980       210
32.000       233
32.020       223
32.040       183
32.060       147
32.080       187
32.100       133
32.120       213
32.140       197
32.160       180
32.180       163
32.200       173
32.220       173
32.240       247
32.260       173
32.280       203
32.300       160
32.320       247
32.340       170
32.360       170
32.380       160
32.400       173
32.420       143
32.440       223
32.460       160
32.480       160
32.500       143
32.520       213
32.540       227
32.560       207
32.580       143
32.600       157
32.620       157
32.640       153
32.660       197
32.680       250
32.700       187
32.720       167
32.740       237
32.760       207
32.780       193
32.800       173
32.820       167
32.840       160
32.860       183
32.880       190
32.900       200
32.920       190
32.940       133
32.960       140
32.980       153
33.000       187
33.020       230
33.040       220
33.060       180
33.080       177
33.100       217
33.120       173
33.140       187
33.160       183
33.180       160
33.200       183
33.220       223
33.240       177
33.260       210
33.280       163
33.300       153
33.320       153
33.340       193
33.360       113
33.380       210
33.400       197
33.420       167
33.440       177
33.460       203
33.480       153
33.500       203
33.520       147
33.540       203
33.560       183
33.580       137
33.600       173
33.620       190
33.640       230
33.660       157
33.680       187
33.700       167
33.720       190
33.740       167
33.760       190
33.780       153
33.800       197
33.820       137
33.840       193
33.860       190
33.880       170
33.900       263
33.920       163
33.940       167
33.960       160
33.980       170
34.000       180
34.020       160
34.040       190
34.060       163
34.080       147
34.100       170
34.120       167
34.140       147
34.160       190
34.180       180
34.200       197
34.220       143
34.240       193
34.260       220
34.280       240
34.300       170
34.320       163
34.340       163
34.360       183
34.380       160
34.400       150
34.420       157
34.440       173
34.460       157
34.480       157
34.500       190
34.520       177
34.540       173
34.560       157
34.580       183
34.600       203
34.620       210
34.640       167
34.660       170
34.680       203
34.700       170
34.720       160
34.740       210
34.760       187
34.780       190
34.800       190
34.820       233
34.840       183
34.860       213
34.880       257
34.900       213
34.920       173
34.940       173
34.960       220
34.980       217
35.000       220
35.020       220
35.040       263
35.060       233
35.080       217
35.100       193
35.120       180
35.140       180
35.160       220
35.180       243
35.200       190
35.220       210
35.240       203
35.260       207
35.280       183
35.300       190
35.320       167
35.340       197
35.360       203
35.380       233
35.400       223
35.420       187
35.440       190
35.460       243
35.480       213
35.500       200
35.520       210
35.540       187
35.560       223
35.580       163
35.600       203
35.620       183
35.640       203
35.660       187
35.680       163
35.700       213
35.720       223
35.740       220
35.760       210
35.780       283
35.800       263
35.820       227
35.840       337
35.860       330
35.880       417
35.900       490
35.920       473
35.940       490
35.960       466
35.980       500
36.000       513
36.020       456
36.040       460
36.060       463
36.080       390
36.100       383
36.120       290
36.140       363
36.160       287
36.180       230
36.200       240
36.220       243
36.240       227
36.260       203
36.280       190
36.300       253
36.320       210
36.340       190
36.360       193
36.380       210
36.400       227
36.420       183
36.440       177
36.460       197
36.480       170
36.500       237
36.520       213
36.540       203
36.560       173
36.580       210
36.600       173
36.620       157
36.640       160
36.660       197
36.680       193
36.700       167
36.720       160
36.740       167
36.760       193
36.780       207
36.800       207
36.820       177
36.840       190
36.860       203
36.880       233
36.900       200
36.920       207
36.940       203
36.960       187
36.980       187
37.000       193
37.020       213
37.040       170
37.060       200
37.080       207
37.100       177
37.120       180
37.140       243
37.160       240
37.180       157
37.200       213
37.220       167
37.240       173
37.260       173
37.280       190
37.300       170
37.320       190
37.340       217
37.360       200
37.380       210
37.400       203
37.420       170
37.440       190
37.460       207
37.480       200
37.500       227
37.520       210
37.540       183
37.560       243
37.580       260
37.600       260
37.620       293
37.640       303
37.660       350
37.680       426
37.700       393
37.720       413
37.740       337
37.760       360
37.780       323
37.800       313
37.820       373
37.840       323
37.860       303
37.880       333
37.900       283
37.920       277
37.940       210
37.960       187
37.980       227
38.000       217
38.020       193
38.040       213
38.060       230
38.080       220
38.100       183
38.120       210
38.140       257
38.160       217
38.180       227
38.200       233
38.220       237
38.240       203
38.260       250
38.280       263
38.300       247
38.320       253
38.340       287
38.360       313
38.380       343
38.400       283
38.420       240
38.440       310
38.460       317
38.480       327
38.500       237
38.520       263
38.540       267
38.560       287
38.580       233
38.600       267
38.620       250
38.640       233
38.660       250
38.680       250
38.700       193
38.720       237
38.740       240
38.760       277
38.780       290
38.800       207
38.820       177
38.840       213
38.860       213
38.880       217
38.900       213
38.920       190
38.940       227
38.960       210
38.980       217
39.000       280
39.020       203
39.040       260
39.060       283
39.080       270
39.100       287
39.120       223
39.140       277
39.160       260
39.180       350
39.200       337
39.220       297
39.240       320
39.260       360
39.280       367
39.300       390
39.320       460
39.340       413
39.360       513
39.380       546
39.400       553
39.420       550
39.440       596
39.460       593
39.480       523
39.500       523
39.520       410
39.540       337
39.560       407
39.580       337
39.600       303
39.620       257
39.640       260
39.660       180
39.680       250
39.700       227
39.720       210
39.740       217
39.760       250
39.780       203
39.800       257
39.820       203
39.840       180
39.860       230
39.880       180
39.900       227
39.920       190
39.940       183
39.960       247
39.980       227
40.000       207
40.020       213
40.040       213
40.060       150
40.080       183
40.100       157
40.120       237
40.140       187
40.160       237
40.180       220
40.200       190
40.220       213
40.240       177
40.260       220
40.280       167
40.300       270
40.320       230
40.340       203
40.360       250
40.380       247
40.400       210
40.420       197
40.440       177
40.460       197
40.480       250
40.500       250
40.520       263
40.540       217
40.560       160
40.580       203
40.600       187
40.620       220
40.640       190
40.660       193
40.680       217
40.700       190
40.720       243
40.740       233
40.760       190
40.780       193
40.800       217
40.820       257
40.840       240
40.860       183
40.880       220
40.900       170
40.920       190
40.940       210
40.960       163
40.980       247
41.000       200
41.020       200
41.040       200
41.060       153
41.080       233
41.100       210
41.120       250
41.140       220
41.160       210
41.180       200
41.200       243
41.220       203
41.240       193
41.260       240
41.280       237
41.300       200
41.320       190
41.340       237
41.360       227
41.380       233
41.400       213
41.420       193
41.440       220
41.460       210
41.480       237
41.500       233
41.520       190
41.540       190
41.560       237
41.580       230
41.600       210
41.620       237
41.640       217
41.660       160
41.680       190
41.700       237
41.720       210
41.740       203
41.760       177
41.780       217
41.800       230
41.820       213
41.840       213
41.860       217
41.880       190
41.900       193
41.920       247
41.940       230
41.960       193
41.980       257
42.000       217
42.020       210
42.040       213
42.060       197
42.080       270
42.100       197
42.120       197
42.140       247
42.160       197
42.180       217
42.200       227
42.220       227
42.240       237
42.260       170
42.280       183
42.300       213
42.320       240
42.340       207
42.360       217
42.380       240
42.400       183
42.420       227
42.440       210
42.460       223
42.480       287
42.500       200
42.520       283
42.540       220
42.560       213
42.580       177
42.600       223
42.620       177
42.640       220
42.660       203
42.680       197
42.700       240
42.720       250
42.740       217
42.760       207
42.780       223
42.800       210
42.820       197
42.840       193
42.860       187
42.880       207
42.900       217
42.920       230
42.940       277
42.960       257
42.980       310
43.000       287
43.020       343
43.040       387
43.060       350
43.080       423
43.100       436
43.120       490
43.140       550
43.160       503
43.180       570
43.200       593
43.220       623
43.240       593
43.260       606
43.280       593
43.300       536
43.320       573
43.340       620
43.360       753
43.380       770
43.400       790
43.420       753
43.440       726
43.460       703
43.480       623
43.500       530
43.520       493
43.540       473
43.560       426
43.580       360
43.600       403
43.620       290
43.640       297
43.660       217
43.680       263
43.700       203
43.720       253
43.740       200
43.760       207
43.780       223
43.800       213
43.820       253
43.840       227
43.860       243
43.880       207
43.900       197
43.920       173
43.940       160
43.960       223
43.980       190
44.000       173
44.020       253
44.040       243
44.060       197
44.080       250
44.100       200
44.120       173
44.140       187
44.160       167
44.180       157
44.200       237
44.220       200
44.240       210
44.260       153
44.280       183
44.300       227
44.320       167
44.340       160
44.360       227
44.380       227
44.400       193
44.420       157
44.440       190
44.460       207
44.480       243
44.500       197
44.520       173
44.540       170
44.560       147
44.580       150
44.600       200
44.620       170
44.640       243
44.660       193
44.680       207
44.700       197
44.720       233
44.740       207
44.760       207
44.780       167
44.800       197
44.820       210
44.840       203
44.860       180
44.880       213
44.900       227
44.920       153
44.940       240
44.960       200
44.980       207
45.000       207
45.020       197
45.040       210
45.060       200
45.080       207
45.100       163
45.120       237
45.140       230
45.160       187
45.180       170
45.200       213
45.220       187
45.240       153
45.260       253
45.280       247
45.300       197
45.320       237
45.340       200
45.360       227
45.380       257
45.400       263
45.420       223
45.440       240
45.460       263
45.480       230
45.500       257
45.520       200
45.540       223
45.560       280
45.580       233
45.600       217
45.620       283
45.640       277
45.660       213
45.680       240
45.700       257
45.720       300
45.740       213
45.760       233
45.780       247
45.800       210
45.820       207
45.840       213
45.860       203
45.880       193
45.900       270
45.920       230
45.940       223
45.960       197
45.980       210
46.000       183
46.020       167
46.040       187
46.060       207
46.080       237
46.100       207
46.120       173
46.140       193
46.160       177
46.180       177
46.200       130
46.220       223
46.240       223
46.260       213
46.280       190
46.300       203
46.320       197
46.340       220
46.360       170
46.380       217
46.400       213
46.420       187
46.440       200
46.460       223
46.480       203
46.500       250
46.520       263
46.540       223
46.560       190
46.580       190
46.600       247
46.620       240
46.640       213
46.660       243
46.680       173
46.700       210
46.720       190
46.740       223
46.760       227
46.780       240
46.800       183
46.820       227
46.840       240
46.860       217
46.880       243
46.900       263
46.920       193
46.940       240
46.960       253
46.980       243
47.000       247
47.020       273
47.040       303
47.060       267
47.080       280
47.100       337
47.120       373
47.140       367
47.160       333
47.180       310
47.200       307
47.220       263
47.240       300
47.260       327
47.280       327
47.300       277
47.320       320
47.340       330
47.360       353
47.380       350
47.400       486
47.420       540
47.440       533
47.460       526
47.480       660
47.500       723
47.520       716
47.540       693
47.560       663
47.580       560
47.600       450
47.620       536
47.640       486
47.660       426
47.680       473
47.700       340
47.720       340
47.740       283
47.760       263
47.780       230
47.800       253
47.820       237
47.840       223
47.860       203
47.880       250
47.900       207
47.920       240
47.940       197
47.960       183
47.980       197
48.000       207
48.020       210
48.040       187
48.060       190
48.080       207
48.100       217
48.120       173
48.140       177
48.160       217
48.180       200
48.200       207
48.220       200
48.240       223
48.260       230
48.280       213
48.300       253
48.320       303
48.340       350
48.360       303
48.380       353
48.400       410
48.420       496
48.440       496
48.460       503
48.480       603
48.500       700
48.520       670
48.540       676
48.560       600
48.580       590
48.600       516
48.620       490
48.640       466
48.660       363
48.680       440
48.700       327
48.720       350
48.740       293
48.760       260
48.780       213
48.800       217
48.820       257
48.840       163
48.860       177
48.880       217
48.900       177
48.920       153
48.940       167
48.960       190
48.980       210
49.000       207
49.020       207
49.040       210
49.060       160
49.080       230
49.100       137
49.120       203
49.140       207
49.160       137
49.180       223
49.200       193
49.220       220
49.240       183
49.260       200
49.280       157
49.300       167
49.320       207
49.340       220
49.360       190
49.380       173
49.400       177
49.420       253
49.440       220
49.460       243
49.480       163
49.500       173
49.520       200
49.540       160
49.560       213
49.580       197
49.600       203
49.620       163
49.640       200
49.660       203
49.680       227
49.700       157
49.720       157
49.740       177
49.760       173
49.780       207
49.800       157
49.820       187
49.840       170
49.860       190
49.880       137
49.900       180
49.920       187
49.940       150
49.960       190
49.980       187
50.000       197
50.020       183
50.040       133
50.060       180
50.080       163
50.100       143
50.120       183
50.140       213
50.160       210
50.180       227
50.200       167
50.220       163
50.240       150
50.260       207
50.280       177
50.300       170
50.320       180
50.340       233
50.360       180
50.380       163
50.400       163
50.420       180
50.440       197
50.460       220
50.480       257
50.500       180
50.520       300
50.540       240
50.560       223
50.580       223
50.600       210
50.620       237
50.640       283
50.660       247
50.680       270
50.700       257
50.720       250
50.740       213
50.760       223
50.780       203
50.800       283
50.820       217
50.840       207
50.860       197
50.880       247
50.900       227
50.920       267
50.940       193
50.960       207
50.980       283
51.000       273
51.020       287
51.040       263
51.060       277
51.080       287
51.100       317
51.120       297
51.140       270
51.160       260
51.180       213
51.200       240
51.220       233
51.240       183
51.260       193
51.280       163
51.300       227
51.320       197
51.340       157
51.360       217
51.380       227
51.400       157
51.420       183
51.440       200
51.460       147
51.480       170
51.500       160
51.520       210
51.540       157
51.560       133
51.580       190
51.600       150
51.620       207
51.640       173
51.660       137
51.680       183
51.700       147
51.720       170
51.740       157
51.760       167
51.780       170
51.800       177
51.820       170
51.840       170
51.860       170
51.880       177
51.900       160
51.920       163
51.940       167
51.960       147
51.980       207
52.000       140
52.020       143
52.040       187
52.060       210
52.080       170
52.100       160
52.120       147
52.140       153
52.160       157
52.180       183
52.200       170
52.220       183
52.240       170
52.260       137
52.280       223
52.300       137
52.320       237
52.340       177
52.360       163
52.380       157
52.400       173
52.420       207
52.440       193
52.460       203
52.480       200
52.500       197
52.520       180
52.540       200
52.560       187
52.580       220
52.600       177
52.620       253
52.640       217
52.660       223
52.680       223
52.700       220
52.720       213
52.740       207
52.760       180
52.780       210
52.800       190
52.820       150
52.840       157
52.860       117
52.880       203
52.900       187
52.920       197
52.940       157
52.960       167
52.980       163
53.000       153
53.020       140
53.040       160
53.060       173
53.080       173
53.100       177
53.120       140
53.140       193
53.160       180
53.180       167
53.200       193
53.220       160
53.240       177
53.260       183
53.280       143
53.300       140
53.320       153
53.340       193
53.360       150
53.380       153
53.400       140
53.420       233
53.440       177
53.460       167
53.480       177
53.500       153
53.520       153
53.540       190
53.560       160
53.580       173
53.600       170
53.620       173
53.640       190
53.660       167
53.680       173
53.700       160
53.720       153
53.740       173
53.760       153
53.780       147
53.800       123
53.820       140
53.840       137
53.860       173
53.880       180
53.900       137
53.920       150
53.940        83
53.960       120
53.980       180
54.000       183
54.020       177
54.040       157
54.060       223
54.080       183
54.100       157
54.120       180
54.140       153
54.160       203
54.180       120
54.200       167
54.220       190
54.240       183
54.260       143
54.280       177
54.300       177
54.320       180
54.340       180
54.360       180
54.380       193
54.400       190
54.420       177
54.440       173
54.460       210
54.480       150
54.500       183
54.520       143
54.540       230
54.560       160
54.580       163
54.600       213
54.620       173
54.640       173
54.660       153
54.680       200
54.700       173
54.720       257
54.740       173
54.760       260
54.780       210
54.800       140
54.820       207
54.840       200
54.860       193
54.880       160
54.900       193
54.920       233
54.940       223
54.960       210
54.980       227
55.000       213
55.020       220
55.040       217
55.060       267
55.080       233
55.100       197
55.120       270
55.140       203
55.160       230
55.180       277
55.200       223
55.220       213
55.240       170
55.260       227
55.280       253
55.300       190
55.320       267
55.340       207
55.360       217
55.380       237
55.400       207
55.420       163
55.440       197
55.460       213
55.480       197
55.500       167
55.520       190
55.540       173
55.560       203
55.580       200
55.600       183
55.620       127
55.640       173
55.660       140
55.680       223
55.700       147
55.720       180
55.740       200
55.760       200
55.780       130
55.800       187
55.820       163
55.840       153
55.860       160
55.880       200
55.900       147
55.920       163
55.940       153
55.960       157
55.980       160
56.000       140
56.020       207
56.040       173
56.060       160
56.080       173
56.100       157
56.120       127
56.140       133
56.160       147
56.180       180
56.200       167
56.220       203
56.240       170
56.260       200
56.280       200
56.300       190
56.320       193
56.340       163
56.360       223
56.380       180
56.400       180
56.420       187
56.440       223
56.460       247
56.480       213
56.500       240
56.520       207
56.540       257
56.560       183
56.580       210
56.600       287
56.620       273
56.640       307
56.660       280
56.680       217
56.700       293
56.720       230
56.740       167
56.760       213
56.780       193
56.800       223
56.820       223
56.840       197
56.860       160
56.880       190
56.900       180
56.920       200
56.940       160
56.960       197
56.980       190
57.000       160
57.020       203
57.040       197
57.060       157
57.080       193
57.100       170
57.120       200
57.140       227
57.160       213
57.180       213
57.200       263
57.220       263
57.240       217
57.260       270
57.280       213
57.300       207
57.320       277
57.340       347
57.360       277
57.380       290
57.400       337
57.420       340
57.440       337
57.460       347
57.480       327
57.500       293
57.520       300
57.540       290
57.560       257
57.580       263
57.600       227
57.620       213
57.640       180
57.660       140
57.680       177
57.700       187
57.720       193
57.740       220
57.760       167
57.780       180
57.800       160
57.820       163
57.840       147
57.860       130
57.880       180
57.900       157
57.920       187
57.940       183
57.960       187
57.980       223
58.000       177
58.020       197
58.040       223
58.060       187
58.080       180
58.100       203
58.120       167
58.140       157
58.160       223
58.180       220
58.200       170
58.220       150
58.240       180
58.260       150
58.280       150
58.300       197
58.320       210
58.340       197
58.360       223
58.380       213
58.400       210
58.420       180
58.440       183
58.460       207
58.480       163
58.500       150
58.520       177
58.540       197
58.560       167
58.580       167
58.600       187
58.620       170
58.640       140
58.660       127
58.680       170
58.700       143
58.720       153
58.740       143
58.760       160
58.780       150
58.800       143
58.820       213
58.840       107
58.860       120
58.880       150
58.900       123
58.920       150
58.940       177
58.960       160
58.980       177
59.000       137
59.020       150
59.040       163
59.060       140
59.080       143
59.100       173
59.120       160
59.140       177
59.160       100
59.180       100
59.200       140
59.220       157
59.240       170
59.260       153
59.280       140
59.300       137
59.320       127
59.340       133
59.360       197
59.380       137
59.400       167
59.420       177
59.440       163
59.460       163
59.480       117
59.500       147
59.520       140
59.540       173
59.560       133
59.580       170
59.600       183
59.620       147
59.640       190
59.660       180
59.680       140
59.700       180
59.720       180
59.740       203
59.760       183
59.780       167
59.800       237
59.820       187
59.840       160
59.860       163
59.880       180
59.900       163
59.920       133
59.940       180
59.960       137
59.980         0
60.000         0
