20.000       700
20.020       757
20.040       671
20.060       714
20.080       700
20.100       785
20.120       757
20.140       600
20.160       643
20.180       571
20.200       714
20.220       657
20.240       843
20.260       814
20.280       557
20.300       800
20.320       643
20.340       571
20.360       743
20.380       714
20.400       557
20.420       657
20.440       557
20.460       700
20.480       528
20.500       585
20.520       771
20.540       500
20.560       885
20.580       828
20.600       900
20.620       757
20.640       643
20.660       585
20.680       571
20.700       628
20.720       685
20.740       757
20.760       614
20.780       814
20.800       571
20.820       800
20.840       757
20.860       557
20.880       785
20.900       700
20.920       957
20.940       785
20.960       571
20.980       828
21.000       785
21.020       814
21.040       714
21.060       985
21.080       985
21.100       871
21.120       814
21.140       914
21.160      1057
21.180       928
21.200      1014
21.220      1285
21.240      1214
21.260      1200
21.280      1200
21.300      1914
21.320      1585
21.340      1357
21.360      1528
21.380      1399
21.400      1628
21.420      1185
21.440      1200
21.460       900
21.480       985
21.500       671
21.520       785
21.540       643
21.560       700
21.580       728
21.600       628
21.620       757
21.640       685
21.660       600
21.680       671
21.700       571
21.720       528
21.740       671
21.760       585
21.780       443
21.800       800
21.820       757
21.840       728
21.860       571
21.880       585
21.900       557
21.920       557
21.940       528
21.960       628
21.980       500
22.000       543
22.020       685
22.040       671
22.060       600
22.080       486
22.100       500
22.120       671
22.140       600
22.160       543
22.180       500
22.200       685
22.220       657
22.240       728
22.260       600
22.280       585
22.300       714
22.320       528
22.340       500
22.360       614
22.380       543
22.400       643
22.420       671
22.440       443
22.460       500
22.480       457
22.500       528
22.520       428
22.540       614
22.560       514
22.580       557
22.600       500
22.620       471
22.640       600
22.660       657
22.680       443
22.700       471
22.720       685
22.740       514
22.760       543
22.780       500
22.800       528
22.820       728
22.840       714
22.860       543
22.880       628
22.900       514
22.920       600
22.940       628
22.960       671
22.980       671
23.000       500
23.020       443
23.040       671
23.060       514
23.080       414
23.100       457
23.120       600
23.140       428
23.160       571
23.180       585
23.200       557
23.220       457
23.240       514
23.260       571
23.280       543
23.300       600
23.320       528
23.340       514
23.360       557
23.380       614
23.400       428
23.420       528
23.440       543
23.460       443
23.480       514
23.500       386
23.520       657
23.540       428
23.560       500
23.580       600
23.600       400
23.620       571
23.640       785
23.660       428
23.680       500
23.700       471
23.720       657
23.740       657
23.760       386
23.780       443
23.800       428
23.820       486
23.840       414
23.860       428
23.880       471
23.900       757
23.920       486
23.940       557
23.960       557
23.980       585
24.000       557
24.020       657
24.040       514
24.060       514
24.080       557
24.100       443
24.120       471
24.140       414
24.160       457
24.180       514
24.200       614
24.220       643
24.240       471
24.260       628
24.280       486
24.300       500
24.320       500
24.340       514
24.360       571
24.380       500
24.400       571
24.420       614
24.440       543
24.460       600
24.480       514
24.500       514
24.520       486
24.540       443
24.560       514
24.580       486
24.600       543
24.620       571
24.640       657
24.660       600
24.680       528
24.700       471
24.720       500
24.740       657
24.760       428
24.780       357
24.800       414
24.820       386
24.840       585
24.860       514
24.880       471
24.900       500
24.920       471
24.940       428
24.960       643
24.980       371
25.000       628
25.020       271
25.040       428
25.060       571
25.080       428
25.100       328
25.120       486
25.140       543
25.160       543
25.180       486
25.200       457
25.220       557
25.240       571
25.260       414
25.280       400
25.300       428
25.320       428
25.340       414
25.360       486
25.380       528
25.400       428
25.420       600
25.440       557
25.460       628
25.480       571
25.500       428
25.520       428
25.540       386
25.560       557
25.580       414
25.600       557
25.620       486
25.640       443
25.660       386
25.680       371
25.700       514
25.720       614
25.740       514
25.760       500
25.780       600
25.800       528
25.820       471
25.840       414
25.860       286
25.880       457
25.900       457
25.920       571
25.940       328
25.960       414
25.980       443
26.000       443
26.020       371
26.040       486
26.060       428
26.080       643
26.100       528
26.120       443
26.140       543
26.160       528
26.180       400
26.200       400
26.220       571
26.240       443
26.260       371
26.280       414
26.300       428
26.320       557
26.340       314
26.360       357
26.380       443
26.400       557
26.420       528
26.440       386
26.460       428
26.480       357
26.500       614
26.520       514
26.540       571
26.560       657
26.580       457
26.600       500
26.620       328
26.640       457
26.660       414
26.680       628
26.700       443
26.720       514
26.740       486
26.760       457
26.780       528
26.800       357
26.820       371
26.840       386
26.860       414
26.880       657
26.900       386
26.920       414
26.940       400
26.960       371
26.980       328
27.000       514
27.020       514
27.040       357
27.060       357
27.080       443
27.100       500
27.120       543
27.140       471
27.160       471
27.180       471
27.200       500
27.220       414
27.240       500
27.260       471
27.280       543
27.300       500
27.320       443
27.340       400
27.360       486
27.380       486
27.400       457
27.420       371
27.440       371
27.460       328
27.480       571
27.500       286
27.520       600
27.540       400
27.560       257
27.580       314
27.600       500
27.620       543
27.640       443
27.660       457
27.680       400
27.700       471
27.720       471
27.740       400
27.760       300
27.780       471
27.800       328
27.820       400
27.840       500
27.860       471
27.880       500
27.900       543
27.920       528
27.940       386
27.960       414
27.980       371
28.000       500
28.020       257
28.040       443
28.060       514
28.080       443
28.100       486
28.120       428
28.140       443
28.160       386
28.180       571
28.200       471
28.220       443
28.240       357
28.260       314
28.280       471
28.300       386
28.320       414
28.340       428
28.360       271
28.380       514
28.400       386
28.420       243
28.440       386
28.460       328
28.480       343
28.500       343
28.520       443
28.540       371
28.560       286
28.580       314
28.600       414
28.620       486
28.640       328
28.660       428
28.680       414
28.700       328
28.720       486
28.740       486
28.760       286
28.780       428
28.800       486
28.820       328
28.840       471
28.860       514
28.880       414
28.900       328
28.920       257
28.940       286
28.960       271
28.980       400
29.000       514
29.020       486
29.040       314
29.060       357
29.080       314
29.100       428
29.120       386
29.140       300
29.160       486
29.180       386
29.200       428
29.220       457
29.240       414
29.260       214
29.280       243
29.300       543
29.320       486
29.340       328
29.360       471
29.380       314
29.400       386
29.420       457
29.440       371
29.460       443
29.480       614
29.500       486
29.520       600
29.540       543
29.560       271
29.580       328
29.600       471
29.620       428
29.640       400
29.660       443
29.680       300
29.700       528
29.720       400
29.740       471
29.760       428
29.780       700
29.800       600
29.820       614
29.840       828
29.860       643
29.880       671
29.900       928
29.920       714
29.940      1014
29.960       785
29.980      1114
30.000       928
30.020      1114
30.040      1642
30.060      1457
30.080      1585
30.100      1614
30.120      1785
30.140      2099
30.160      2628
30.180      3099
30.200      2999
30.220      3727
30.240      4612
30.260      4798
30.280      5926
30.300      6169
30.320      7211
30.340      7626
30.360      9225
30.380      8497
30.400      9153
30.420      8568
30.440      7940
30.460      7340
30.480      6383
30.500      5341
30.520      3998
30.540      3798
30.560      2956
30.580      2071
30.600      1842
30.620      1457
30.640      1342
30.660      1071
30.680       957
30.700       800
30.720       914
30.740       828
30.760       885
30.780       714
30.800       871
30.820       671
30.840       643
30.860       500
30.880       514
30.900       614
30.920       528
30.940       685
30.960       500
30.980       343
31.000       486
31.020       386
31.040       585
31.060       514
31.080       500
31.100       471
31.120       528
31.140       543
31.160       614
31.180       371
31.200       414
31.220       314
31.240       471
31.260       528
31.280       514
31.300       443
31.320       543
31.340       500
31.360       414
31.380       286
31.400       557
31.420       271
31.440       443
31.460       457
31.480       443
31.500       357
31.520       300
31.540       471
31.560       400
31.580       371
31.600       471
31.620       357
31.640       243
31.660       486
31.680       386
31.700       471
31.720       314
31.740       386
31.760       357
31.780       357
31.800       314
31.820       386
31.840       386
31.860       328
31.880       257
31.900       328
31.920       386
31.940       343
31.960       314
31.980       457
32.000       314
32.020       314
32.040       314
32.060       371
32.080       414
32.100       471
32.120       300
32.140       386
32.160       428
32.180       500
32.200       414
32.220       343
32.240       371
32.260       428
32.280       328
32.300       428
32.320       357
32.340       286
32.360       314
32.380       314
32.400       286
32.420       300
32.440       300
32.460       300
32.480       357
32.500       386
32.520       443
32.540       428
32.560       343
32.580       343
32.600       343
32.620       428
32.640       271
32.660       371
32.680       243
32.700       300
32.720       357
32.740       214
32.760       271
32.780       171
32.800       286
32.820       314
32.840       457
32.860       257
32.880       400
32.900       343
32.920       386
32.940       300
32.960       257
32.980       257
33.000       428
33.020       214
33.040       314
33.060       400
33.080       300
33.100       371
33.120       386
33.140       228
33.160       371
33.180       414
33.200       300
33.220       471
33.240       286
33.260       300
33.280       357
33.300       257
33.320       271
33.340       286
33.360       371
33.380       300
33.400       314
33.420       228
33.440       357
33.460       228
33.480       300
33.500       271
33.520       186
33.540       214
33.560       428
33.580       286
33.600       286
33.620       257
33.640       228
33.660       328
33.680       371
33.700       314
33.720       186
33.740       400
33.760       328
33.780       243
33.800       243
33.820       257
33.840       243
33.860       400
33.880       343
33.900       243
33.920       343
33.940       343
33.960       286
33.980       414
34.000       214
34.020       228
34.040       357
34.060       357
34.080       286
34.100       400
34.120       300
34.140       286
34.160       228
34.180       286
34.200       443
34.220       371
34.240       171
34.260       457
34.280       400
34.300       257
34.320       228
34.340       228
34.360       271
34.380       457
34.400       271
34.420       300
34.440       300
34.460       371
34.480       243
34.500       428
34.520       243
34.540       314
34.560       257
34.580       286
34.600       228
34.620       343
34.640       214
34.660       157
34.680       314
34.700       257
34.720       428
34.740       300
34.760       343
34.780       214
34.800       243
34.820       257
34.840       243
34.860       271
34.880       328
34.900       328
34.920       286
34.940       171
34.960       157
34.980       386
35.000       386
35.020       371
35.040       300
35.060       214
35.080       271
35.100       271
35.120       186
35.140       257
35.160       286
35.180       257
35.200       314
35.220       271
35.240       214
35.260       271
35.280       314
35.300       228
35.320       314
35.340       371
35.360       300
35.380       286
35.400       314
35.420       228
35.440       300
35.460       228
35.480       257
35.500       343
35.520       328
35.540       343
35.560       214
35.580       343
35.600       257
35.620       214
35.640       328
35.660       357
35.680       243
35.700       300
35.720       314
35.740       228
35.760       371
35.780       428
35.800       200
35.820       357
35.840       300
35.860       257
35.880       357
35.900       257
35.920       271
35.940       271
35.960       443
35.980       243
36.000       386
36.020       271
36.040       271
36.060       214
36.080       286
36.100       328
36.120       414
36.140       243
36.160       300
36.180       300
36.200       228
36.220       186
36.240       328
36.260       386
36.280       400
36.300       171
36.320       200
36.340       271
36.360       228
36.380       214
36.400       386
36.420       186
36.440       257
36.460       243
36.480       286
36.500       386
36.520       357
36.540       400
36.560       314
36.580       243
36.600       314
36.620       271
36.640       400
36.660       328
36.680       300
36.700       300
36.720       300
36.740       300
36.760       243
36.780       214
36.800       357
36.820       257
36.840       386
36.860       243
36.880       328
36.900       314
36.920       343
36.940       257
36.960       228
36.980       228
37.000       243
37.020       314
37.040       343
37.060       300
37.080       371
37.100       300
37.120       371
37.140       328
37.160       314
37.180       357
37.200       328
37.220       386
37.240       386
37.260       400
37.280       414
37.300       428
37.320       486
37.340       457
37.360       657
37.380       700
37.400       743
37.420       885
37.440       800
37.460      1171
37.480      1185
37.500      1000
37.520      1057
37.540      1028
37.560      1200
37.580       928
37.600       857
37.620       757
37.640       942
37.660       471
37.680       628
37.700       528
37.720       343
37.740       557
37.760       357
37.780       357
37.800       386
37.820       500
37.840       300
37.860       314
37.880       343
37.900       271
37.920       271
37.940       343
37.960       471
37.980       300
38.000       257
38.020       357
38.040       200
38.060       286
38.080       300
38.100       243
38.120       343
38.140       243
38.160       257
38.180       314
38.200       286
38.220       343
38.240       286
38.260       286
38.280       186
38.300       357
38.320       357
38.340       286
38.360       386
38.380       257
38.400       314
38.420       228
38.440       343
38.460       228
38.480       371
38.500       300
38.520       286
38.540       257
38.560       243
38.580       271
38.600       328
38.620       200
38.640       214
38.660       386
38.680       286
38.700       228
38.720       257
38.740       400
38.760       186
38.780       243
38.800       386
38.820       186
38.840       314
38.860       314
38.880       314
38.900       200
38.920       171
38.940       286
38.960       300
38.980       371
39.000       357
39.020       328
39.040       314
39.060       214
39.080       486
39.100       243
39.120       228
39.140       328
39.160       357
39.180       443
39.200       343
39.220       300
39.240       357
39.260       300
39.280       386
39.300       271
39.320       286
39.340       243
39.360       414
39.380       271
39.400       228
39.420       243
39.440       386
39.460       286
39.480       243
39.500       343
39.520       300
39.540       143
39.560       414
39.580       400
39.600       357
39.620       357
39.640       357
39.660       443
39.680       300
39.700       386
39.720       414
39.740       243
39.760       357
39.780       314
39.800       400
39.820       414
39.840       300
39.860       428
39.880       428
39.900       343
39.920       328
39.940       328
39.960       386
39.980       386
40.000       286
40.020       271
40.040       428
40.060       328
40.080       171
40.100       286
40.120       314
40.140       414
40.160       386
40.180       357
40.200       357
40.220       300
40.240       214
40.260       286
40.280       386
40.300       328
40.320       357
40.340       314
40.360       186
40.380       314
40.400       343
40.420       271
40.440       257
40.460       343
40.480       343
40.500       243
40.520       357
40.540       314
40.560       328
40.580       243
40.600       171
40.620       371
40.640       328
40.660       228
40.680       243
40.700       214
40.720       400
40.740       243
40.760       357
40.780       257
40.800       257
40.820       300
40.840       314
40.860       400
40.880       257
40.900       314
40.920       357
40.940       257
40.960       328
40.980       200
41.000       200
41.020       257
41.040       114
41.060       271
41.080       314
41.100       357
41.120       243
41.140       286
41.160       243
41.180       300
41.200       243
41.220       228
41.240       300
41.260       271
41.280       186
41.300       271
41.320       300
41.340       243
41.360       243
41.380       286
41.400       271
41.420       328
41.440       214
41.460       357
41.480       214
41.500       129
41.520       200
41.540       243
41.560       257
41.580       286
41.600       257
41.620       171
41.640       243
41.660       157
41.680       157
41.700       200
41.720       243
41.740       243
41.760       328
41.780       243
41.800       200
41.820       143
41.840       286
41.860       186
41.880       328
41.900       328
41.920       357
41.940       300
41.960       257
41.980       129
42.000       257
42.020       243
42.040       271
42.060       257
42.080       371
42.100       228
42.120       257
42.140       214
42.160       328
42.180       286
42.200       343
42.220       228
42.240       257
42.260       157
42.280       271
42.300       314
42.320       400
42.340       257
42.360       300
42.380       328
42.400       257
42.420       314
42.440       271
42.460       186
42.480       314
42.500       414
42.520       343
42.540       200
42.560       257
42.580       186
42.600       271
42.620       328
42.640       300
42.660       271
42.680       286
42.700       271
42.720       371
42.740       271
42.760       386
42.780       328
42.800       343
42.820       300
42.840       400
42.860       400
42.880       200
42.900       314
42.920       314
42.940       400
42.960       300
42.980       386
43.000       200
43.020       457
43.040       414
43.060       528
43.080       585
43.100       400
43.120       414
43.140       614
43.160       643
43.180       685
43.200       714
43.220       814
43.240       885
43.260       871
43.280      1142
43.300      1385
43.320      1728
43.340      1557
43.360      2442
43.380      1871
43.400      2413
43.420      2956
43.440      3027
43.460      3399
43.480      3784
43.500      3656
43.520      3670
43.540      3499
43.560      3713
43.580      3813
43.600      2956
43.620      3370
43.640      2785
43.660      2285
43.680      2213
43.700      1756
43.720      1428
43.740      1628
43.760      1357
43.780       914
43.800       757
43.820       700
43.840       614
43.860       657
43.880       600
43.900       414
43.920       500
43.940       500
43.960       514
43.980       400
44.000       314
44.020       357
44.040       400
44.060       371
44.080       400
44.100       414
44.120       257
44.140       414
44.160       314
44.180       514
44.200       257
44.220       371
44.240       386
44.260       300
44.280       357
44.300       271
44.320       286
44.340       386
44.360       414
44.380       286
44.400       371
44.420       357
44.440       271
44.460       243
44.480       328
44.500       228
44.520       371
44.540       257
44.560       286
44.580       286
44.600       271
44.620       243
44.640       214
44.660       371
44.680       271
44.700       286
44.720       243
44.740       286
44.760       314
44.780       243
44.800       243
44.820       314
44.840       171
44.860       228
44.880       228
44.900       386
44.920       286
44.940       300
44.960       228
44.980       328
45.000       157
45.020       243
45.040       286
45.060       257
45.080       328
45.100       228
45.120       171
45.140       243
45.160       243
45.180       186
45.200       343
45.220       343
45.240       171
45.260       271
45.280       200
45.300       214
45.320       271
45.340       314
45.360       271
45.380       186
45.400       157
45.420       171
45.440       328
45.460       257
45.480       228
45.500       357
45.520       257
45.540       214
45.560       243
45.580       200
45.600       243
45.620       157
45.640       271
45.660       157
45.680       143
45.700       143
45.720       171
45.740       300
45.760       286
45.780       271
45.800       186
45.820       100
45.840       171
45.860       257
45.880       157
45.900       186
45.920       171
45.940       171
45.960       143
45.980       286
46.000       200
46.020       186
46.040       343
46.060       186
46.080       314
46.100       200
46.120       228
46.140       386
46.160       114
46.180       343
46.200       214
46.220       157
46.240       143
46.260       286
46.280       257
46.300       243
46.320       171
46.340       300
46.360       286
46.380       171
46.400       228
46.420       186
46.440       243
46.460       114
46.480       343
46.500       271
46.520       214
46.540       400
46.560       243
46.580       186
46.600       200
46.620       243
46.640       228
46.660       186
46.680       271
46.700       200
46.720       214
46.740       186
46.760       143
46.780       200
46.800       286
46.820       171
46.840       228
46.860       143
46.880       214
46.900       271
46.920       171
46.940       414
46.960       257
46.980       228
47.000       300
47.020       243
47.040       143
47.060       171
47.080       271
47.100       214
47.120       300
47.140       257
47.160       143
47.180       257
47.200       228
47.220       228
47.240       243
47.260       157
47.280       243
47.300       286
47.320       314
47.340       214
47.360       214
47.380       286
47.400       371
47.420       271
47.440       243
47.460       200
47.480       186
47.500       257
47.520       243
47.540       271
47.560       300
47.580       200
47.600       171
47.620       257
47.640       214
47.660       214
47.680       228
47.700       228
47.720       228
47.740       214
47.760       171
47.780       171
47.800       143
47.820       186
47.840       186
47.860       243
47.880       300
47.900       129
47.920       257
47.940       157
47.960       186
47.980       214
48.000       157
48.020       300
48.040       143
48.060       357
48.080       257
48.100       186
48.120       228
48.140       257
48.160       214
48.180       214
48.200       271
48.220       343
48.240       171
48.260       243
48.280       314
48.300       243
48.320       171
48.340       129
48.360       271
48.380       157
48.400       386
48.420       357
48.440       286
48.460       186
48.480       143
48.500       243
48.520       271
48.540       228
48.560       100
48.580       286
48.600       257
48.620       200
48.640       214
48.660       129
48.680       228
48.700       286
48.720       186
48.740       143
48.760       328
48.780       171
48.800       328
48.820       228
48.840       271
48.860       186
48.880       271
48.900       271
48.920       243
48.940       271
48.960       200
48.980       200
49.000       243
49.020       243
49.040       228
49.060       171
49.080       200
49.100       328
49.120       214
49.140       228
49.160       243
49.180       200
49.200       257
49.220       214
49.240       257
49.260       214
49.280       257
49.300       386
49.320       200
49.340       200
49.360       171
49.380       286
49.400       157
49.420       186
49.440       186
49.460       186
49.480       243
49.500       286
49.520       257
49.540       214
49.560       314
49.580       271
49.600       271
49.620       228
49.640       286
49.660       357
49.680       228
49.700       314
49.720       186
49.740       243
49.760       200
49.780       228
49.800       100
49.820       214
49.840       271
49.860       186
49.880       114
49.900       214
49.920       257
49.940       243
49.960       214
49.980       328
50.000       200
50.020       300
50.040       300
50.060       200
50.080       200
50.100       186
50.120       271
50.140       200
50.160       228
50.180       214
50.200       243
50.220       200
50.240       129
50.260       257
50.280       171
50.300       228
50.320       200
50.340       271
50.360       200
50.380       200
50.400       228
50.420       300
50.440       243
50.460       214
50.480       157
50.500       228
50.520       214
50.540       143
50.560       214
50.580       243
50.600       200
50.620       300
50.640       257
50.660       243
50.680       257
50.700       257
50.720       200
50.740       243
50.760       214
50.780       257
50.800       286
50.820       171
50.840       300
50.860       243
50.880       314
50.900       300
50.920       243
50.940       228
50.960       286
50.980       228
51.000       257
51.020       186
51.040       286
51.060       400
51.080       371
51.100       300
51.120       286
51.140       186
51.160       286
51.180       371
51.200       186
51.220       314
51.240       328
51.260       257
51.280       271
51.300       186
51.320       228
51.340       200
51.360       300
51.380       300
51.400       186
51.420       243
51.440       300
51.460       200
51.480       200
51.500       143
51.520       200
51.540       286
51.560       214
51.580       414
51.600       157
51.620       414
51.640       357
51.660       186
51.680       271
51.700       200
51.720       214
51.740       343
51.760       200
51.780       186
51.800       228
51.820       228
51.840       186
51.860       186
51.880       314
51.900       300
51.920       200
51.940       343
51.960       328
51.980       471
52.000       143
52.020       314
52.040       271
52.060       243
52.080       386
52.100       257
52.120       286
52.140       271
52.160       314
52.180       214
52.200       157
52.220       286
52.240       328
52.260       214
52.280       271
52.300       186
52.320       228
52.340       286
52.360       228
52.380       257
52.400       228
52.420       371
52.440       228
52.460       286
52.480       228
52.500       257
52.520       157
52.540       271
52.560       129
52.580       228
52.600       257
52.620       300
52.640       271
52.660       228
52.680       228
52.700       214
52.720       300
52.740       200
52.760       214
52.780       371
52.800       143
52.820       171
52.840       243
52.860       357
52.880       271
52.900       228
52.920       300
52.940       328
52.960       214
52.980       257
53.000       157
53.020       200
53.040       214
53.060       228
53.080       271
53.100       186
53.120       271
53.140       300
53.160       186
53.180       186
53.200       257
53.220       257
53.240       186
53.260       214
53.280       286
53.300       257
53.320       257
53.340       214
53.360       243
53.380       300
53.400       228
53.420       200
53.440       157
53.460       357
53.480       143
53.500       186
53.520       214
53.540       228
53.560       114
53.580       300
53.600       371
53.620       214
53.640       228
53.660       186
53.680       314
53.700       286
53.720       186
53.740       386
53.760       328
53.780       214
53.800       300
53.820       314
53.840       357
53.860       243
53.880       486
53.900       557
53.920       514
53.940       357
53.960       486
53.980       557
54.000       714
54.020       400
54.040       714
54.060       657
54.080       757
54.100       643
54.120       685
54.140       857
54.160       728
54.180       728
54.200       757
54.220       585
54.240       486
54.260       571
54.280       571
54.300       443
54.320       286
54.340       443
54.360       357
54.380       343
54.400       414
54.420       257
54.440       286
54.460       228
54.480       357
54.500       286
54.520       257
54.540       271
54.560       314
54.580       371
54.600       257
54.620       286
54.640       200
54.660       314
54.680       157
54.700       214
54.720       200
54.740       171
54.760       228
54.780       214
54.800       200
54.820       214
54.840       171
54.860       300
54.880       286
54.900       300
54.920       328
54.940       200
54.960       157
54.980       214
55.000       328
55.020       157
55.040       228
55.060       100
55.080       300
55.100       186
55.120       200
55.140       286
55.160       186
55.180       271
55.200       157
55.220       171
55.240       257
55.260       200
55.280       200
55.300       186
55.320       200
55.340       129
55.360       200
55.380       286
55.400       228
55.420       300
55.440       228
55.460       143
55.480       228
55.500       171
55.520       186
55.540       243
55.560       200
55.580       100
55.600       214
55.620       157
55.640       171
55.660       129
55.680       143
55.700       328
55.720       243
55.740       243
55.760       143
55.780       200
55.800       286
55.820       157
55.840        86
55.860       186
55.880       314
55.900       143
55.920       271
55.940       314
55.960       171
55.980       214
56.000       143
56.020       157
56.040       171
56.060       257
56.080       157
56.100       200
56.120       243
56.140       243
56.160       200
56.180       228
56.200       143
56.220       171
56.240       228
56.260       243
56.280       171
56.300       171
56.320       157
56.340       228
56.360       214
56.380       171
56.400       100
56.420       243
56.440       200
56.460       286
56.480       171
56.500       214
56.520       129
56.540       214
56.560       243
56.580       143
56.600       186
56.620       129
56.640       186
56.660       228
56.680       143
56.700       186
56.720       228
56.740       286
56.760       129
56.780       157
56.800       157
56.820       200
56.840       214
56.860       157
56.880       243
56.900       157
56.920       186
56.940       228
56.960       171
56.980       271
57.000       228
57.020       271
57.040       100
57.060       186
57.080       257
57.100       186
57.120       171
57.140       214
57.160       114
57.180       171
57.200       171
57.220       214
57.240       243
57.260       143
57.280       186
57.300       186
57.320       186
57.340       257
57.360       129
57.380       228
57.400       214
57.420       200
57.440       129
57.460       186
57.480       186
57.500       129
57.520       157
57.540       200
57.560       300
57.580       200
57.600       200
57.620       100
57.640       100
57.660       286
57.680       157
57.700       129
57.720       186
57.740       171
57.760       214
57.780       129
57.800       171
57.820       171
57.840       228
57.860       214
57.880       228
57.900        71
57.920       200
57.940       200
57.960       214
57.980       243
58.000       214
58.020        86
58.040       129
58.060       114
58.080       243
58.100       186
58.120       271
58.140       171
58.160       171
58.180       200
58.200       186
58.220       286
58.240       186
58.260       214
58.280       129
58.300       200
58.320       228
58.340       143
58.360        57
58.380       171
58.400       214
58.420       100
58.440       171
58.460       129
58.480       343
58.500       143
58.520       171
58.540       129
58.560       186
58.580       157
58.600       143
58.620       143
58.640       257
58.660       257
58.680       186
58.700       114
58.720       100
58.740       186
58.760       171
58.780       186
58.800       143
58.820       100
58.840        57
58.860       243
58.880       157
58.900       100
58.920       157
58.940       171
58.960       200
58.980       143
59.000       129
59.020        86
59.040        71
59.060       157
59.080       186
59.100       157
59.120       114
59.140       114
59.160       243
59.180        71
59.200       186
59.220        86
59.240        71
59.260       143
59.280       228
59.300       157
59.320       186
59.340       200
59.360       186
59.380       228
59.400       186
59.420       200
59.440       114
59.460       214
59.480       157
59.500       228
59.520       171
59.540       157
59.560       214
59.580       100
59.600       157
59.620       171
59.640       100
59.660       186
59.680       214
59.700       157
59.720       214
59.740       157
59.760       157
59.780       171
59.800       214
59.820       243
59.840       157
59.860       171
59.880       157
59.900       200
59.920       186
59.940       171
59.960       186
59.980       171
60.000       171
