20.000         0
20.020         0
20.040         0
20.060         0
20.080         0
20.100         0
20.120         0
20.140         0
20.160         0
20.180         0
20.200         7
20.220         0
20.240         0
20.260         0
20.280         0
20.300         0
20.320         0
20.340         0
20.360         0
20.380         0
20.400         0
20.420         0
20.440         0
20.460         0
20.480         0
20.500        87
20.520        53
20.540       113
20.560        93
20.580        80
20.600       140
20.620       100
20.640       107
20.660       100
20.680        73
20.700        93
20.720        87
20.740       120
20.760       107
20.780        87
20.800       120
20.820        80
20.840        80
20.860       113
20.880        73
20.900        60
20.920       113
20.940        93
20.960       100
20.980        73
21.000        47
21.020        60
21.040        67
21.060       100
21.080       113
21.100        67
21.120       100
21.140       140
21.160       100
21.180        53
21.200       160
21.220        53
21.240        80
21.260        60
21.280        67
21.300       140
21.320       127
21.340       100
21.360        87
21.380       127
21.400       107
21.420       113
21.440        73
21.460        93
21.480        87
21.500        93
21.520       100
21.540       140
21.560       100
21.580       100
21.600       120
21.620        40
21.640        73
21.660        47
21.680        67
21.700        73
21.720        67
21.740        73
21.760        93
21.780        87
21.800       127
21.820        67
21.840        73
21.860        60
21.880        80
21.900        67
21.920        87
21.940        80
21.960        53
21.980       127
22.000        67
22.020        67
22.040        87
22.060        80
22.080        87
22.100        60
22.120        40
22.140       120
22.160        67
22.180        87
22.200       100
22.220        93
22.240        33
22.260        73
22.280        53
22.300       107
22.320        80
22.340        93
22.360        87
22.380       100
22.400        73
22.420        47
22.440        80
22.460        73
22.480        80
22.500        60
22.520        40
22.540        93
22.560        87
22.580       100
22.600       113
22.620       107
22.640        67
22.660        67
22.680        80
22.700       100
22.720        67
22.740        80
22.760        67
22.780        73
22.800        60
22.820        53
22.840        67
22.860        93
22.880        73
22.900        67
22.920        60
22.940        87
22.960        87
22.980        40
23.000       113
23.020        93
23.040        67
23.060       133
23.080        80
23.100        67
23.120        47
23.140        67
23.160        33
23.180        93
23.200        27
23.220        73
23.240       113
23.260        53
23.280        67
23.300        87
23.320        40
23.340        73
23.360        53
23.380       100
23.400        53
23.420        87
23.440        93
23.460        27
23.480        80
23.500        87
23.520        60
23.540        80
23.560        67
23.580        67
23.600        93
23.620        33
23.640        73
23.660        40
23.680        53
23.700       113
23.720       100
23.740        73
23.760        73
23.780        87
23.800        87
23.820        87
23.840        40
23.860        67
23.880        93
23.900        67
23.920        40
23.940        67
23.960        60
23.980        67
24.000        33
24.020        60
24.040        60
24.060        33
24.080        40
24.100        73
24.120        40
24.140        27
24.160        60
24.180        47
24.200        40
24.220        67
24.240        40
24.260        40
24.280        40
24.300        67
24.320        60
24.340        60
24.360        40
24.380        47
24.400        53
24.420        60
24.440        47
24.460        80
24.480        67
24.500        60
24.520        67
24.540       100
24.560        87
24.580        33
24.600        67
24.620        93
24.640        80
24.660        40
24.680        80
24.700       100
24.720       100
24.740       120
24.760        73
24.780       140
24.800       140
24.820       133
24.840       127
24.860       113
24.880       107
24.900       120
24.920        80
24.940       120
24.960        73
24.980        73
25.000        67
25.020        73
25.040        87
25.060        40
25.080        47
25.100        80
25.120        47
25.140        60
25.160        80
25.180        60
25.200        40
25.220        60
25.240        60
25.260        40
25.280        67
25.300        53
25.320        40
25.340        93
25.360        67
25.380        40
25.400        73
25.420        80
25.440        60
25.460        73
25.480        93
25.500        27
25.520        27
25.540        73
25.560        47
25.580        60
25.600        33
25.620        53
25.640        27
25.660        60
25.680        73
25.700        13
25.720        47
25.740        60
25.760        93
25.780        67
25.800        33
25.820        73
25.840        47
25.860        73
25.880        27
25.900        47
25.920        67
25.940        53
25.960        67
25.980        80
26.000        47
26.020        47
26.040        47
26.060        47
26.080        73
26.100        67
26.120        53
26.140        47
26.160       100
26.180        87
26.200        53
26.220        20
26.240        27
26.260        40
26.280        27
26.300        80
26.320        73
26.340        67
26.360        73
26.380        53
26.400       107
26.420        33
26.440        60
26.460        53
26.480        47
26.500        53
26.520         7
26.540        47
26.560        60
26.580        47
26.600        27
26.620        27
26.640        47
26.660        73
26.680        73
26.700        53
26.720        67
26.740        80
26.760        27
26.780        47
26.800        80
26.820        87
26.840        47
26.860        27
26.880        33
26.900        60
26.920        60
26.940        47
26.960        40
26.980        33
27.000        33
27.020        47
27.040        27
27.060        47
27.080        47
27.100        60
27.120         7
27.140        13
27.160        40
27.180        60
27.200        20
27.220        40
27.240        47
27.260        20
27.280        40
27.300        67
27.320        40
27.340        33
27.360        40
27.380        20
27.400        40
27.420        27
27.440        33
27.460        73
27.480        40
27.500        53
27.520        47
27.540        80
27.560        33
27.580        47
27.600        33
27.620        53
27.640        47
27.660        40
27.680        47
27.700        33
27.720        47
27.740        40
27.760        27
27.780        47
27.800        53
27.820        33
27.840        60
27.860        60
27.880        53
27.900        60
27.920        40
27.940        53
27.960        53
27.980        33
28.000        80
28.020        73
28.040        47
28.060        33
28.080        40
28.100        40
28.120        73
28.140        53
28.160        60
28.180        40
28.200        33
28.220        67
28.240        27
28.260        53
28.280        40
28.300        33
28.320        53
28.340        27
28.360        60
28.380        53
28.400        47
28.420        40
28.440        60
28.460        27
28.480        40
28.500        60
28.520        40
28.540        73
28.560        13
28.580        67
28.600        33
28.620        67
28.640        40
28.660        33
28.680        27
28.700        93
28.720        20
28.740        20
28.760        53
28.780       120
28.800        33
28.820        40
28.840        40
28.860        60
28.880        47
28.900        40
28.920        33
28.940        93
28.960        40
28.980        53
29.000        33
29.020        40
29.040       107
29.060        67
29.080       140
29.100        60
29.120        60
29.140       147
29.160       100
29.180        80
29.200       113
29.220       153
29.240       107
29.260       173
29.280       200
29.300       187
29.320       287
29.340       187
29.360       220
29.380       260
29.400       140
29.420       167
29.440       140
29.460       193
29.480       120
29.500        87
29.520       107
29.540       147
29.560       140
29.580        93
29.600        80
29.620       100
29.640        67
29.660       107
29.680       100
29.700        87
29.720       100
29.740        87
29.760       133
29.780        73
29.800       107
29.820        47
29.840        87
29.860       127
29.880       147
29.900       107
29.920        87
29.940       100
29.960        73
29.980       140
30.000        73
30.020        80
30.040        93
30.060        87
30.080       113
30.100       107
30.120        80
30.140        67
30.160        60
30.180        93
30.200        87
30.220        67
30.240       107
30.260       107
30.280        93
30.300        67
30.320        80
30.340        93
30.360       113
30.380        93
30.400        67
30.420       120
30.440       100
30.460        60
30.480        80
30.500       173
30.520        67
30.540       140
30.560        60
30.580        93
30.600       107
30.620        93
30.640       140
30.660        87
30.680        87
30.700       113
30.720       113
30.740        67
30.760        53
30.780       133
30.800       147
30.820       113
30.840       133
30.860       120
30.880       107
30.900        93
30.920       113
30.940       127
30.960        80
30.980        93
31.000       113
31.020        87
31.040       140
31.060        93
31.080        73
31.100       167
31.120       100
31.140       113
31.160       180
31.180       120
31.200       113
31.220       100
31.240       133
31.260       167
31.280       127
31.300       127
31.320       153
31.340       140
31.360       160
31.380       127
31.400       120
31.420       207
31.440       100
31.460       160
31.480       187
31.500       200
31.520       153
31.540       147
31.560       213
31.580       187
31.600       207
31.620       133
31.640       227
31.660       167
31.680       213
31.700       173
31.720       200
31.740       193
31.760       167
31.780       173
31.800       287
31.820       153
31.840       107
31.860       247
31.880       227
31.900       193
31.920       227
31.940       220
31.960       253
31.980       300
32.000       187
32.020       440
32.040       486
32.060       680
32.080      1519
32.100      1979
32.120      1646
32.140      1046
32.160       560
32.180       380
32.200       347
32.220       367
32.240       340
32.260       333
32.280       220
32.300       240
32.320       187
32.340       153
32.360       180
32.380       193
32.400       180
32.420       273
32.440       153
32.460       160
32.480       193
32.500       173
32.520       253
32.540       267
32.560       233
32.580       200
32.600       180
32.620       253
32.640       180
32.660       240
32.680       167
32.700       167
32.720       233
32.740       187
32.760       213
32.780       247
32.800       300
32.820       193
32.840       167
32.860       207
32.880       267
32.900       200
32.920       247
32.940       287
32.960       233
32.980       253
33.000       253
33.020       220
33.040       180
33.060       207
33.080       220
33.100       227
33.120       353
33.140       193
33.160       347
33.180       313
33.200       260
33.220       253
33.240       273
33.260       207
33.280       333
33.300       293
33.320       227
33.340       267
33.360       220
33.380       213
33.400       213
33.420       247
33.440       267
33.460       253
33.480       213
33.500       280
33.520       387
33.540       213
33.560       273
33.580       287
33.600       253
33.620       300
33.640       233
33.660       280
33.680       207
33.700       260
33.720       353
33.740       300
33.760       213
33.780       280
33.800       273
33.820       240
33.840       380
33.860       287
33.880       253
33.900       307
33.920       293
33.940       333
33.960       260
33.980       307
34.000       240
34.020       353
34.040       253
34.060       253
34.080       220
34.100       247
34.120       267
34.140       220
34.160       307
34.180       393
34.200       340
34.220       253
34.240       367
34.260       253
34.280       320
34.300       260
34.320       333
34.340       313
34.360       466
34.380       640
34.400       766
34.420       840
34.440       873
34.460      1120
34.480      1226
34.500      1259
34.520      1259
34.540      1213
34.560      1093
34.580      1266
34.600      1206
34.620      1053
34.640      1106
34.660      1273
34.680      1433
34.700      1213
34.720      1406
34.740      1253
34.760      1413
34.780      1173
34.800      1246
34.820      1226
34.840      1286
34.860      1313
34.880      1513
34.900      1193
34.920      1439
34.940      1406
34.960      1399
34.980      1293
35.000      1326
35.020      1393
35.040      1579
35.060      1459
35.080      1539
35.100      1499
35.120      1486
35.140      1479
35.160      1346
35.180      1439
35.200      1479
35.220      1773
35.240      1426
35.260      1873
35.280      1673
35.300      1826
35.320      2099
35.340      2232
35.360      2352
35.380      2886
35.400      3145
35.420      4372
35.440      6524
35.460      8357
35.480      9996
35.500     10276
35.520     12402
35.540     15500
35.560     23910
35.580     57244
35.600    160896
35.620    252239
35.640    267660
35.660    244655
35.680    192250
35.700    169286
35.720    190590
35.740    187338
35.760    149147
35.780     87938
35.800     43343
35.820     24870
35.840     16913
35.860     14508
35.880     12015
35.900      8557
35.920      5778
35.940      3938
35.960      3152
35.980      2899
36.000      2619
36.020      2259
36.040      2292
36.060      2186
36.080      1986
36.100      1919
36.120      2092
36.140      1699
36.160      1726
36.180      1786
36.200      1619
36.220      1753
36.240      1699
36.260      1259
36.280      1646
36.300      1486
36.320      1399
36.340      1253
36.360      1433
36.380      1273
36.400      1393
36.420      1346
36.440      1220
36.460      1240
36.480      1246
36.500      1259
36.520      1200
36.540      1473
36.560      1313
36.580      1279
36.600      1213
36.620      1113
36.640      1126
36.660      1086
36.680      1020
36.700      1253
36.720      1293
36.740      1186
36.760       906
36.780      1080
36.800      1146
36.820      1106
36.840      1053
36.860       953
36.880       966
36.900      1226
36.920      1040
36.940      1213
36.960       926
36.980      1060
37.000      1120
37.020       960
37.040      1166
37.060       980
37.080      1160
37.100      1133
37.120      1006
37.140       980
37.160       986
37.180      1046
37.200      1000
37.220      1173
37.240       886
37.260       866
37.280       960
37.300      1006
37.320      1053
37.340      1033
37.360       960
37.380       940
37.400       986
37.420       933
37.440       953
37.460      1026
37.480       993
37.500       933
37.520       986
37.540      1026
37.560       873
37.580      1026
37.600      1040
37.620       986
37.640       933
37.660       900
37.680       766
37.700       866
37.720       946
37.740       846
37.760      1026
37.780       760
37.800       966
37.820      1006
37.840       906
37.860       846
37.880       886
37.900       886
37.920      1013
37.940       940
37.960       846
37.980       993
38.000       933
38.020       933
38.040       866
38.060       860
38.080       753
38.100       800
38.120       733
38.140       726
38.160       886
38.180       773
38.200       953
38.220       806
38.240       826
38.260       726
38.280       833
38.300       906
38.320       866
38.340       820
38.360       800
38.380       873
38.400       880
38.420       726
38.440       813
38.460       800
38.480       853
38.500       840
38.520       760
38.540       746
38.560       793
38.580       840
38.600       786
38.620       846
38.640       800
38.660       706
38.680       780
38.700       733
38.720       733
38.740       813
38.760       713
38.780       680
38.800       813
38.820       740
38.840       826
38.860       660
38.880       700
38.900       660
38.920       753
38.940       800
38.960       613
38.980       760
39.000       780
39.020       813
39.040       846
39.060       620
39.080       606
39.100       760
39.120       766
39.140       680
39.160       706
39.180       486
39.200       753
39.220       653
39.240       713
39.260       686
39.280       760
39.300       806
39.320       780
39.340       706
39.360       766
39.380       793
39.400       626
39.420       733
39.440       686
39.460       566
39.480       820
39.500       720
39.520       760
39.540       693
39.560       626
39.580       606
39.600       713
39.620       633
39.640       586
39.660       626
39.680       653
39.700       666
39.720       746
39.740       766
39.760       706
39.780       666
39.800       673
39.820       673
39.840       766
39.860       580
39.880       700
39.900       706
39.920       666
39.940       526
39.960       486
39.980       526
40.000       586
40.020       660
40.040       580
40.060       693
40.080       633
40.100       613
40.120       646
40.140       653
40.160       446
40.180       606
40.200       586
40.220       693
40.240       580
40.260       526
40.280       580
40.300       520
40.320       573
40.340       626
40.360       580
40.380       546
40.400       466
40.420       686
40.440       633
40.460       666
40.480       593
40.500       700
40.520       520
40.540       660
40.560       513
40.580       460
40.600       666
40.620       586
40.640       533
40.660       580
40.680       520
40.700       533
40.720       593
40.740       620
40.760       460
40.780       566
40.800       620
40.820       573
40.840       493
40.860       513
40.880       586
40.900       593
40.920       586
40.940       566
40.960       560
40.980       493
41.000       480
41.020       546
41.040       500
41.060       453
41.080       533
41.100       466
41.120       486
41.140       466
41.160       486
41.180       533
41.200       593
41.220       493
41.240       380
41.260       533
41.280       613
41.300       593
41.320       513
41.340       546
41.360       620
41.380       566
41.400       500
41.420       600
41.440       493
41.460       407
41.480       506
41.500       480
41.520       580
41.540       446
41.560       506
41.580       586
41.600       533
41.620       553
41.640       387
41.660       393
41.680       540
41.700       420
41.720       493
41.740       400
41.760       506
41.780       680
41.800       860
41.820       920
41.840       866
41.860       860
41.880       640
41.900       800
41.920       633
41.940       773
41.960       740
41.980       593
42.000       560
42.020       493
42.040       440
42.060       500
42.080       460
42.100       500
42.120       373
42.140       400
42.160       480
42.180       506
42.200       466
42.220       426
42.240       473
42.260       373
42.280       413
42.300       553
42.320       440
42.340       500
42.360       486
42.380       420
42.400       526
42.420       540
42.440       426
42.460       500
42.480       480
42.500       426
42.520       466
42.540       373
42.560       426
42.580       367
42.600       440
42.620       520
42.640       486
42.660       407
42.680       493
42.700       426
42.720       333
42.740       553
42.760       387
42.780       426
42.800       533
42.820       460
42.840       413
42.860       413
42.880       440
42.900       453
42.920       380
42.940       440
42.960       373
42.980       313
43.000       500
43.020       566
43.040       440
43.060       440
43.080       466
43.100       347
43.120       393
43.140       473
43.160       453
43.180       400
43.200       460
43.220       473
43.240       446
43.260       400
43.280       473
43.300       453
43.320       400
43.340       426
43.360       407
43.380       353
43.400       387
43.420       413
43.440       420
43.460       313
43.480       387
43.500       380
43.520       413
43.540       393
43.560       400
43.580       347
43.600       353
43.620       400
43.640       373
43.660       287
43.680       380
43.700       353
43.720       520
43.740       353
43.760       413
43.780       426
43.800       400
43.820       333
43.840       327
43.860       373
43.880       340
43.900       387
43.920       373
43.940       320
43.960       373
43.980       367
44.000       360
44.020       327
44.040       293
44.060       320
44.080       233
44.100       433
44.120       307
44.140       333
44.160       340
44.180       333
44.200       313
44.220       347
44.240       393
44.260       353
44.280       340
44.300       287
44.320       387
44.340       353
44.360       313
44.380       347
44.400       273
44.420       446
44.440       267
44.460       380
44.480       420
44.500       340
44.520       353
44.540       307
44.560       327
44.580       313
44.600       360
44.620       373
44.640       287
44.660       353
44.680       347
44.700       393
44.720       327
44.740       207
44.760       307
44.780       347
44.800       307
44.820       320
44.840       300
44.860       260
44.880       313
44.900       387
44.920       333
44.940       287
44.960       287
44.980       420
45.000       327
45.020       340
45.040       273
45.060       333
45.080       340
45.100       213
45.120       300
45.140       247
45.160       287
45.180       347
45.200       333
45.220       320
45.240       313
45.260       320
45.280       287
45.300       313
45.320       380
45.340       247
45.360       260
45.380       426
45.400       287
45.420       360
45.440       333
45.460       387
45.480       387
45.500       227
45.520       260
45.540       340
45.560       300
45.580       273
45.600       240
45.620       287
45.640       313
45.660       333
45.680       320
45.700       340
45.720       267
45.740       327
45.760       247
45.780       333
45.800       247
45.820       287
45.840       380
45.860       233
45.880       313
45.900       273
45.920       267
45.940       280
45.960       187
45.980       327
46.000       227
46.020       373
46.040       260
46.060       273
46.080       280
46.100       273
46.120       233
46.140       267
46.160       287
46.180       293
46.200       273
46.220       227
46.240       253
46.260       213
46.280       260
46.300       307
46.320       253
46.340       227
46.360       200
46.380       293
46.400       373
46.420       240
46.440       233
46.460       260
46.480       313
46.500       267
46.520       267
46.540       293
46.560       267
46.580       180
46.600       293
46.620       247
46.640       227
46.660       300
46.680       173
46.700       307
46.720       287
46.740       247
46.760       287
46.780       280
46.800       267
46.820       207
46.840       273
46.860       207
46.880       233
46.900       287
46.920       247
46.940       233
46.960       220
46.980       240
47.000       247
47.020       213
47.040       320
47.060       227
47.080       280
47.100       267
47.120       220
47.140       293
47.160       280
47.180       280
47.200       307
47.220       260
47.240       253
47.260       307
47.280       273
47.300       293
47.320       313
47.340       300
47.360       320
47.380       313
47.400       347
47.420       240
47.440       233
47.460       220
47.480       280
47.500       267
47.520       320
47.540       360
47.560       353
47.580       300
47.600       267
47.620       220
47.640       247
47.660       280
47.680       160
47.700       220
47.720       273
47.740       340
47.760       300
47.780       267
47.800       200
47.820       273
47.840       180
47.860       220
47.880       213
47.900       187
47.920       207
47.940       260
47.960       187
47.980       240
48.000       207
48.020       220
48.040       327
48.060       253
48.080       287
48.100       307
48.120       486
48.140       347
48.160       440
48.180       473
48.200       393
48.220       320
48.240       253
48.260       320
48.280       313
48.300       313
48.320       360
48.340       267
48.360       227
48.380       267
48.400       313
48.420       267
48.440       273
48.460       213
48.480       207
48.500       173
48.520       327
48.540       253
48.560       193
48.580       193
48.600       193
48.620       200
48.640       267
48.660       207
48.680       220
48.700       213
48.720       327
48.740       253
48.760       240
48.780       193
48.800       187
48.820       233
48.840       220
48.860       240
48.880       220
48.900       167
48.920       193
48.940       207
48.960       193
48.980       267
49.000       193
49.020       160
49.040       220
49.060       160
49.080       193
49.100       213
49.120       180
49.140       253
49.160       207
49.180       200
49.200       193
49.220       187
49.240       213
49.260       200
49.280       167
49.300       213
49.320       180
49.340       207
49.360       240
49.380       213
49.400       160
49.420       153
49.440       233
49.460       200
49.480       193
49.500       260
49.520       160
49.540       173
49.560       213
49.580       233
49.600       207
49.620       160
49.640       253
49.660       193
49.680       247
49.700       213
49.720       213
49.740       180
49.760       160
49.780       193
49.800       220
49.820       140
49.840       220
49.860       147
49.880       213
49.900       187
49.920       173
49.940       213
49.960       220
49.980       147
50.000       207
50.020       113
50.040       253
50.060       227
50.080       173
50.100       173
50.120       233
50.140       220
50.160       160
50.180       213
50.200       200
50.220       153
50.240       180
50.260       180
50.280       153
50.300       227
50.320       193
50.340       167
50.360       233
50.380       293
50.400       167
50.420       193
50.440       180
50.460       160
50.480       200
50.500       200
50.520       193
50.540       200
50.560       173
50.580       147
50.600       233
50.620       193
50.640       187
50.660       180
50.680       167
50.700       147
50.720       180
50.740       167
50.760       187
50.780       200
50.800       187
50.820       233
50.840       200
50.860       207
50.880       193
50.900       187
50.920       187
50.940       187
50.960       240
50.980       173
51.000       227
51.020       167
51.040       207
51.060       153
51.080       207
51.100       100
51.120       213
51.140       233
51.160       227
51.180       213
51.200       153
51.220       220
51.240       167
51.260       193
51.280       207
51.300       180
51.320       180
51.340       200
51.360       140
51.380       200
51.400       227
51.420       160
51.440       133
51.460       207
51.480       180
51.500       240
51.520       107
51.540       133
51.560       147
51.580       127
51.600       220
51.620       213
51.640       120
51.660       213
51.680       187
51.700       233
51.720       147
51.740       160
51.760       140
51.780       193
51.800       153
51.820       147
51.840       147
51.860       200
51.880       167
51.900       167
51.920       113
51.940       200
51.960       147
51.980       193
52.000       213
52.020       147
52.040       193
52.060       140
52.080       153
52.100       160
52.120       120
52.140       220
52.160       147
52.180       173
52.200       200
52.220       180
52.240       100
52.260        80
52.280       253
52.300       233
52.320       193
52.340       200
52.360       167
52.380       173
52.400       153
52.420       240
52.440       167
52.460       240
52.480       267
52.500       127
52.520       153
52.540       153
52.560       133
52.580       167
52.600       247
52.620       180
52.640       220
52.660       180
52.680       153
52.700       113
52.720       227
52.740       233
52.760       207
52.780       247
52.800       240
52.820       227
52.840       167
52.860       160
52.880       167
52.900       147
52.920       100
52.940       180
52.960       167
52.980       187
53.000       113
53.020       180
53.040       167
53.060       187
53.080       140
53.100       167
53.120       213
53.140       147
53.160       180
53.180       147
53.200       167
53.220       220
53.240       133
53.260       160
53.280       160
53.300       173
53.320       147
53.340       167
53.360       127
53.380       187
53.400       127
53.420       187
53.440       193
53.460       187
53.480       187
53.500       200
53.520       187
53.540       180
53.560       180
53.580       167
53.600       213
53.620       133
53.640       153
53.660       180
53.680       133
53.700       127
53.720       147
53.740       127
53.760       133
53.780       180
53.800       247
53.820       187
53.840       140
53.860       180
53.880       173
53.900       213
53.920       153
53.940       187
53.960       180
53.980       213
54.000       140
54.020       133
54.040       187
54.060       207
54.080       160
54.100       140
54.120       153
54.140       220
54.160       153
54.180       213
54.200        73
54.220       133
54.240       140
54.260       193
54.280       153
54.300       147
54.320       207
54.340       233
54.360       173
54.380       140
54.400       227
54.420       207
54.440       100
54.460       167
54.480       213
54.500       127
54.520       213
54.540       187
54.560       173
54.580       147
54.600       153
54.620       160
54.640       120
54.660       133
54.680       193
54.700       153
54.720       107
54.740       207
54.760       153
54.780        87
54.800       187
54.820       200
54.840       120
54.860       153
54.880       167
54.900       140
54.920       153
54.940       113
54.960       173
54.980       140
55.000       167
55.020       187
55.040       167
55.060       153
55.080       173
55.100       113
55.120       180
55.140       147
55.160       193
55.180       160
55.200       147
55.220       127
55.240       140
55.260       120
55.280       173
55.300       153
55.320       133
55.340       133
55.360       153
55.380       133
55.400       113
55.420       153
55.440       153
55.460       120
55.480       120
55.500       133
55.520       133
55.540       100
55.560       167
55.580       140
55.600       160
55.620       173
55.640       133
55.660       167
55.680       160
55.700       180
55.720       147
55.740       133
55.760       140
55.780       173
55.800       107
55.820       147
55.840       173
55.860       193
55.880       147
55.900       113
55.920       133
55.940       160
55.960       133
55.980       180
56.000       147
56.020       127
56.040        80
56.060       180
56.080       180
56.100       100
56.120       147
56.140        87
56.160       187
56.180       220
56.200       193
56.220       133
56.240       140
56.260       147
56.280       147
56.300       160
56.320       173
56.340       147
56.360       147
56.380       120
56.400       133
56.420       147
56.440       140
56.460       133
56.480       227
56.500       167
56.520       167
56.540       153
56.560       133
56.580       120
56.600       113
56.620       200
56.640       133
56.660       160
56.680       147
56.700       127
56.720       127
56.740       113
56.760       127
56.780       193
56.800       167
56.820        93
56.840       120
56.860       147
56.880       173
56.900       133
56.920       180
56.940        93
56.960       147
56.980       147
57.000       107
57.020       113
57.040       200
57.060       120
57.080       247
57.100       147
57.120       133
57.140       153
57.160       173
57.180       140
57.200       167
57.220       133
57.240       133
57.260       133
57.280       220
57.300       140
57.320       140
57.340       160
57.360       207
57.380       153
57.400       147
57.420       107
57.440       193
57.460       153
57.480       180
57.500       133
57.520       187
57.540       187
57.560       180
57.580       140
57.600       160
57.620       160
57.640       173
57.660       120
57.680       200
57.700       107
57.720       127
57.740       120
57.760       147
57.780       200
57.800       147
57.820       120
57.840       100
57.860       107
57.880       113
57.900       160
57.920       147
57.940       147
57.960       107
57.980       133
58.000       167
58.020       167
58.040       173
58.060       160
58.080        93
58.100       153
58.120       127
58.140       187
58.160       127
58.180       147
58.200       120
58.220       100
58.240       113
58.260       140
58.280        93
58.300        93
58.320       113
58.340       113
58.360       180
58.380       180
58.400       167
58.420       127
58.440       127
58.460       107
58.480       100
58.500       187
58.520       147
58.540       140
58.560       100
58.580       100
58.600       120
58.620       107
58.640       187
58.660       173
58.680       120
58.700       160
58.720       147
58.740       120
58.760       113
58.780        93
58.800        67
58.820       187
58.840       113
58.860       147
58.880       127
58.900       107
58.920       120
58.940        87
58.960       107
58.980       160
59.000       120
59.020       113
59.040       147
59.060        93
59.080       147
59.100       147
59.120       140
59.140       147
59.160       140
59.180       120
59.200       113
59.220       120
59.240       153
59.260       147
59.280       140
59.300       160
59.320       160
59.340       140
59.360       167
59.380       107
59.400       127
59.420       113
59.440       167
59.460       167
59.480       153
59.500       160
59.520       140
59.540       100
59.560       153
59.580       120
59.600       100
59.620       100
59.640        93
59.660       200
59.680       127
59.700       127
59.720       140
59.740       113
59.760       147
59.780       140
59.800       120
59.820       133
59.840       127
59.860       113
59.880       113
59.900       173
59.920        40
59.940       127
59.960       200
59.980       113
60.000       127
