20.000       710
20.020       660
20.040       690
20.060       690
20.080       763
20.100       626
20.120       713
20.140       740
20.160       723
20.180       670
20.200       636
20.220       640
20.240       740
20.260       710
20.280       653
20.300       606
20.320       656
20.340       666
20.360       690
20.380       683
20.400       703
20.420       680
20.440       646
20.460       660
20.480       726
20.500       620
20.520       603
20.540       600
20.560       616
20.580       710
20.600       643
20.620       643
20.640       680
20.660       700
20.680       656
20.700       620
20.720       653
20.740       626
20.760       666
20.780       693
20.800       693
20.820       686
20.840       593
20.860       656
20.880       540
20.900       593
20.920       570
20.940       626
20.960       603
20.980       680
21.000       680
21.020       606
21.040       673
21.060       540
21.080       626
21.100       620
21.120       606
21.140       596
21.160       600
21.180       743
21.200       556
21.220       600
21.240       593
21.260       646
21.280       653
21.300       563
21.320       626
21.340       623
21.360       646
21.380       560
21.400       563
21.420       623
21.440       510
21.460       523
21.480       556
21.500       613
21.520       616
21.540       610
21.560       540
21.580       583
21.600       583
21.620       546
21.640       626
21.660       676
21.680       666
21.700       640
21.720       606
21.740       503
21.760       523
21.780       640
21.800       600
21.820       590
21.840       583
21.860       530
21.880       583
21.900       676
21.920       520
21.940       663
21.960       553
21.980       556
22.000       563
22.020       493
22.040       520
22.060       513
22.080       573
22.100       613
22.120       590
22.140       510
22.160       570
22.180       570
22.200       610
22.220       536
22.240       580
22.260       553
22.280       616
22.300       570
22.320       530
22.340       563
22.360       463
22.380       536
22.400       476
22.420       586
22.440       666
22.460       493
22.480       536
22.500       613
22.520       493
22.540       520
22.560       593
22.580       513
22.600       516
22.620       533
22.640       550
22.660       550
22.680       526
22.700       493
22.720       526
22.740       560
22.760       560
22.780       566
22.800       526
22.820       580
22.840       460
22.860       486
22.880       476
22.900       506
22.920       493
22.940       536
22.960       593
22.980       466
23.000       500
23.020       530
23.040       510
23.060       503
23.080       550
23.100       466
23.120       643
23.140       493
23.160       523
23.180       530
23.200       610
23.220       580
23.240       540
23.260       483
23.280       493
23.300       493
23.320       556
23.340       463
23.360       536
23.380       407
23.400       483
23.420       413
23.440       513
23.460       387
23.480       456
23.500       576
23.520       570
23.540       516
23.560       456
23.580       440
23.600       476
23.620       513
23.640       570
23.660       397
23.680       470
23.700       483
23.720       543
23.740       476
23.760       480
23.780       473
23.800       466
23.820       490
23.840       480
23.860       526
23.880       506
23.900       510
23.920       500
23.940       470
23.960       423
23.980       510
24.000       500
24.020       446
24.040       450
24.060       443
24.080       466
24.100       493
24.120       486
24.140       503
24.160       550
24.180       353
24.200       433
24.220       436
24.240       483
24.260       476
24.280       453
24.300       523
24.320       446
24.340       423
24.360       483
24.380       453
24.400       446
24.420       500
24.440       503
24.460       526
24.480       380
24.500       456
24.520       466
24.540       496
24.560       470
24.580       440
24.600       443
24.620       450
24.640       480
24.660       446
24.680       430
24.700       446
24.720       440
24.740       466
24.760       397
24.780       443
24.800       466
24.820       403
24.840       520
24.860       410
24.880       433
24.900       383
24.920       470
24.940       450
24.960       490
24.980       456
25.000       486
25.020       430
25.040       456
25.060       443
25.080       423
25.100       500
25.120       410
25.140       510
25.160       433
25.180       463
25.200       433
25.220       373
25.240       443
25.260       410
25.280       490
25.300       473
25.320       433
25.340       490
25.360       387
25.380       463
25.400       483
25.420       460
25.440       473
25.460       480
25.480       486
25.500       533
25.520       533
25.540       460
25.560       420
25.580       516
25.600       443
25.620       446
25.640       453
25.660       453
25.680       470
25.700       536
25.720       433
25.740       493
25.760       367
25.780       407
25.800       430
25.820       413
25.840       377
25.860       466
25.880       483
25.900       456
25.920       473
25.940       383
25.960       407
25.980       423
26.000       397
26.020       430
26.040       456
26.060       446
26.080       426
26.100       393
26.120       470
26.140       403
26.160       430
26.180       410
26.200       476
26.220       417
26.240       410
26.260       430
26.280       443
26.300       387
26.320       397
26.340       360
26.360       436
26.380       407
26.400       397
26.420       420
26.440       436
26.460       423
26.480       433
26.500       486
26.520       417
26.540       423
26.560       400
26.580       373
26.600       433
26.620       343
26.640       403
26.660       383
26.680       373
26.700       390
26.720       436
26.740       466
26.760       377
26.780       377
26.800       433
26.820       450
26.840       510
26.860       420
26.880       410
26.900       407
26.920       413
26.940       390
26.960       393
26.980       423
27.000       373
27.020       410
27.040       400
27.060       420
27.080       410
27.100       403
27.120       433
27.140       423
27.160       450
27.180       360
27.200       353
27.220       476
27.240       413
27.260       433
27.280       360
27.300       350
27.320       397
27.340       463
27.360       360
27.380       400
27.400       353
27.420       420
27.440       363
27.460       470
27.480       403
27.500       436
27.520       443
27.540       483
27.560       403
27.580       407
27.600       453
27.620       373
27.640       373
27.660       430
27.680       400
27.700       446
27.720       383
27.740       353
27.760       417
27.780       460
27.800       440
27.820       400
27.840       423
27.860       453
27.880       420
27.900       393
27.920       377
27.940       430
27.960       443
27.980       403
28.000       403
28.020       417
28.040       490
28.060       476
28.080       367
28.100       463
28.120       390
28.140       370
28.160       403
28.180       473
28.200       363
28.220       423
28.240       417
28.260       380
28.280       403
28.300       373
28.320       353
28.340       450
28.360       413
28.380       403
28.400       407
28.420       423
28.440       390
28.460       380
28.480       403
28.500       410
28.520       410
28.540       397
28.560       383
28.580       470
28.600       380
28.620       390
28.640       430
28.660       387
28.680       370
28.700       370
28.720       337
28.740       470
28.760       436
28.780       446
28.800       450
28.820       350
28.840       387
28.860       456
28.880       476
28.900       373
28.920       466
28.940       347
28.960       426
28.980       423
29.000       433
29.020       430
29.040       526
29.060       503
29.080       476
29.100       480
29.120       393
29.140       433
29.160       490
29.180       387
29.200       460
29.220       493
29.240       337
29.260       387
29.280       440
29.300       397
29.320       367
29.340       390
29.360       393
29.380       413
29.400       393
29.420       473
29.440       426
29.460       380
29.480       333
29.500       483
29.520       470
29.540       387
29.560       407
29.580       397
29.600       360
29.620       430
29.640       370
29.660       390
29.680       480
29.700       363
29.720       390
29.740       387
29.760       353
29.780       450
29.800       490
29.820       473
29.840       403
29.860       383
29.880       363
29.900       403
29.920       387
29.940       423
29.960       400
29.980       417
30.000       377
30.020       420
30.040       460
30.060       490
30.080       470
30.100       600
30.120       586
30.140       543
30.160       686
30.180       690
30.200       716
30.220       843
30.240       926
30.260      1093
30.280      1106
30.300      1366
30.320      1506
30.340      1723
30.360      1829
30.380      1916
30.400      2132
30.420      2366
30.440      2492
30.460      2462
30.480      2456
30.500      2239
30.520      2106
30.540      1706
30.560      1543
30.580      1316
30.600      1090
30.620       963
30.640       796
30.660       650
30.680       620
30.700       546
30.720       510
30.740       443
30.760       413
30.780       400
30.800       446
30.820       393
30.840       383
30.860       403
30.880       370
30.900       407
30.920       470
30.940       453
30.960       383
30.980       443
31.000       403
31.020       413
31.040       410
31.060       377
31.080       410
31.100       373
31.120       420
31.140       363
31.160       446
31.180       390
31.200       426
31.220       370
31.240       407
31.260       367
31.280       353
31.300       433
31.320       377
31.340       280
31.360       400
31.380       393
31.400       373
31.420       420
31.440       390
31.460       456
31.480       360
31.500       313
31.520       347
31.540       353
31.560       410
31.580       440
31.600       350
31.620       357
31.640       353
31.660       423
31.680       317
31.700       383
31.720       367
31.740       373
31.760       390
31.780       367
31.800       373
31.820       380
31.840       330
31.860       337
31.880       373
31.900       337
31.920       357
31.940       363
31.960       363
31.980       383
32.000       340
32.020       373
32.040       400
32.060       403
32.080       343
32.100       353
32.120       380
32.140       400
32.160       353
32.180       350
32.200       347
32.220       360
32.240       353
32.260       370
32.280       363
32.300       377
32.320       353
32.340       343
32.360       330
32.380       323
32.400       357
32.420       357
32.440       377
32.460       287
32.480       317
32.500       410
32.520       303
32.540       350
32.560       387
32.580       363
32.600       397
32.620       393
32.640       350
32.660       310
32.680       407
32.700       320
32.720       350
32.740       343
32.760       363
32.780       370
32.800       347
32.820       367
32.840       337
32.860       393
32.880       407
32.900       320
32.920       333
32.940       327
32.960       293
32.980       330
33.000       413
33.020       410
33.040       413
33.060       293
33.080       393
33.100       330
33.120       337
33.140       383
33.160       343
33.180       330
33.200       390
33.220       397
33.240       337
33.260       323
33.280       367
33.300       357
33.320       373
33.340       333
33.360       413
33.380       370
33.400       387
33.420       350
33.440       363
33.460       397
33.480       377
33.500       333
33.520       403
33.540       380
33.560       426
33.580       340
33.600       373
33.620       357
33.640       373
33.660       370
33.680       347
33.700       347
33.720       377
33.740       363
33.760       357
33.780       383
33.800       357
33.820       377
33.840       393
33.860       347
33.880       410
33.900       317
33.920       343
33.940       400
33.960       327
33.980       357
34.000       323
34.020       340
34.040       327
34.060       373
34.080       350
34.100       383
34.120       293
34.140       303
34.160       380
34.180       360
34.200       343
34.220       367
34.240       353
34.260       410
34.280       383
34.300       360
34.320       330
34.340       337
34.360       370
34.380       380
34.400       350
34.420       340
34.440       417
34.460       420
34.480       357
34.500       400
34.520       390
34.540       400
34.560       317
34.580       363
34.600       333
34.620       327
34.640       380
34.660       300
34.680       330
34.700       373
34.720       343
34.740       337
34.760       337
34.780       343
34.800       290
34.820       330
34.840       373
34.860       273
34.880       383
34.900       320
34.920       347
34.940       410
34.960       400
34.980       403
35.000       343
35.020       300
35.040       377
35.060       327
35.080       373
35.100       350
35.120       403
35.140       360
35.160       337
35.180       387
35.200       330
35.220       320
35.240       357
35.260       347
35.280       397
35.300       337
35.320       357
35.340       293
35.360       393
35.380       327
35.400       367
35.420       357
35.440       343
35.460       440
35.480       363
35.500       307
35.520       327
35.540       350
35.560       417
35.580       387
35.600       347
35.620       360
35.640       367
35.660       400
35.680       397
35.700       333
35.720       407
35.740       393
35.760       400
35.780       417
35.800       397
35.820       343
35.840       347
35.860       387
35.880       337
35.900       397
35.920       333
35.940       320
35.960       343
35.980       400
36.000       363
36.020       323
36.040       400
36.060       387
36.080       297
36.100       440
36.120       360
36.140       370
36.160       390
36.180       373
36.200       340
36.220       350
36.240       383
36.260       387
36.280       373
36.300       387
36.320       380
36.340       340
36.360       400
36.380       347
36.400       327
36.420       390
36.440       440
36.460       383
36.480       357
36.500       377
36.520       370
36.540       353
36.560       317
36.580       357
36.600       320
36.620       353
36.640       403
36.660       360
36.680       357
36.700       347
36.720       353
36.740       320
36.760       377
36.780       387
36.800       347
36.820       380
36.840       443
36.860       363
36.880       353
36.900       330
36.920       410
36.940       370
36.960       383
36.980       310
37.000       367
37.020       377
37.040       360
37.060       400
37.080       360
37.100       293
37.120       347
37.140       353
37.160       373
37.180       423
37.200       373
37.220       377
37.240       420
37.260       417
37.280       330
37.300       397
37.320       407
37.340       466
37.360       380
37.380       470
37.400       550
37.420       543
37.440       620
37.460       730
37.480       800
37.500       863
37.520       870
37.540      1190
37.560      1316
37.580      1389
37.600      1546
37.620      1629
37.640      1706
37.660      1689
37.680      1703
37.700      1563
37.720      1423
37.740      1426
37.760      1166
37.780       983
37.800       823
37.820       746
37.840       666
37.860       503
37.880       526
37.900       383
37.920       400
37.940       400
37.960       407
37.980       287
38.000       370
38.020       377
38.040       430
38.060       397
38.080       373
38.100       393
38.120       370
38.140       426
38.160       426
38.180       403
38.200       367
38.220       327
38.240       423
38.260       353
38.280       413
38.300       407
38.320       327
38.340       363
38.360       337
38.380       370
38.400       360
38.420       390
38.440       410
38.460       373
38.480       403
38.500       380
38.520       343
38.540       387
38.560       400
38.580       340
38.600       347
38.620       390
38.640       403
38.660       333
38.680       377
38.700       353
38.720       330
38.740       353
38.760       360
38.780       377
38.800       417
38.820       353
38.840       353
38.860       313
38.880       343
38.900       380
38.920       370
38.940       357
38.960       393
38.980       430
39.000       343
39.020       390
39.040       357
39.060       377
39.080       407
39.100       383
39.120       426
39.140       410
39.160       403
39.180       413
39.200       400
39.220       330
39.240       380
39.260       423
39.280       343
39.300       297
39.320       383
39.340       360
39.360       370
39.380       403
39.400       370
39.420       373
39.440       417
39.460       327
39.480       350
39.500       363
39.520       377
39.540       373
39.560       483
39.580       343
39.600       327
39.620       380
39.640       410
39.660       340
39.680       367
39.700       417
39.720       307
39.740       367
39.760       277
39.780       373
39.800       357
39.820       340
39.840       330
39.860       360
39.880       330
39.900       400
39.920       397
39.940       423
39.960       353
39.980       360
40.000       387
40.020       367
40.040       307
40.060       397
40.080       360
40.100       373
40.120       373
40.140       417
40.160       317
40.180       367
40.200       293
40.220       403
40.240       407
40.260       430
40.280       360
40.300       446
40.320       430
40.340       413
40.360       340
40.380       387
40.400       426
40.420       440
40.440       333
40.460       353
40.480       387
40.500       343
40.520       330
40.540       357
40.560       363
40.580       357
40.600       407
40.620       370
40.640       413
40.660       350
40.680       333
40.700       397
40.720       340
40.740       357
40.760       390
40.780       360
40.800       343
40.820       340
40.840       360
40.860       350
40.880       307
40.900       287
40.920       383
40.940       370
40.960       380
40.980       380
41.000       293
41.020       353
41.040       367
41.060       360
41.080       367
41.100       357
41.120       400
41.140       310
41.160       377
41.180       323
41.200       377
41.220       377
41.240       397
41.260       367
41.280       333
41.300       337
41.320       367
41.340       407
41.360       327
41.380       313
41.400       423
41.420       367
41.440       350
41.460       323
41.480       397
41.500       343
41.520       377
41.540       383
41.560       347
41.580       350
41.600       337
41.620       357
41.640       340
41.660       370
41.680       343
41.700       377
41.720       340
41.740       403
41.760       390
41.780       297
41.800       383
41.820       317
41.840       380
41.860       373
41.880       393
41.900       357
41.920       383
41.940       446
41.960       313
41.980       393
42.000       337
42.020       397
42.040       387
42.060       347
42.080       373
42.100       357
42.120       337
42.140       370
42.160       343
42.180       380
42.200       410
42.220       367
42.240       403
42.260       393
42.280       353
42.300       486
42.320       476
42.340       347
42.360       380
42.380       380
42.400       400
42.420       407
42.440       453
42.460       377
42.480       330
42.500       357
42.520       343
42.540       417
42.560       370
42.580       353
42.600       397
42.620       373
42.640       327
42.660       426
42.680       357
42.700       360
42.720       403
42.740       407
42.760       473
42.780       403
42.800       370
42.820       333
42.840       370
42.860       430
42.880       363
42.900       343
42.920       390
42.940       410
42.960       363
42.980       377
43.000       370
43.020       307
43.040       423
43.060       373
43.080       350
43.100       367
43.120       320
43.140       367
43.160       390
43.180       327
43.200       343
43.220       350
43.240       423
43.260       377
43.280       357
43.300       363
43.320       327
43.340       387
43.360       436
43.380       363
43.400       403
43.420       357
43.440       417
43.460       403
43.480       423
43.500       353
43.520       337
43.540       383
43.560       337
43.580       387
43.600       367
43.620       407
43.640       377
43.660       417
43.680       420
43.700       350
43.720       417
43.740       387
43.760       363
43.780       417
43.800       303
43.820       313
43.840       470
43.860       333
43.880       330
43.900       313
43.920       393
43.940       393
43.960       387
43.980       303
44.000       370
44.020       417
44.040       367
44.060       363
44.080       440
44.100       373
44.120       343
44.140       353
44.160       370
44.180       367
44.200       383
44.220       377
44.240       400
44.260       343
44.280       350
44.300       317
44.320       367
44.340       340
44.360       267
44.380       367
44.400       333
44.420       303
44.440       343
44.460       403
44.480       436
44.500       370
44.520       353
44.540       400
44.560       307
44.580       367
44.600       323
44.620       430
44.640       343
44.660       357
44.680       343
44.700       323
44.720       333
44.740       383
44.760       313
44.780       307
44.800       327
44.820       363
44.840       333
44.860       310
44.880       420
44.900       347
44.920       333
44.940       363
44.960       330
44.980       373
45.000       313
45.020       383
45.040       263
45.060       317
45.080       407
45.100       317
45.120       377
45.140       350
45.160       293
45.180       363
45.200       403
45.220       393
45.240       333
45.260       297
45.280       287
45.300       337
45.320       333
45.340       367
45.360       277
45.380       353
45.400       373
45.420       350
45.440       290
45.460       347
45.480       383
45.500       383
45.520       410
45.540       310
45.560       426
45.580       293
45.600       377
45.620       340
45.640       387
45.660       403
45.680       350
45.700       353
45.720       373
45.740       353
45.760       353
45.780       380
45.800       337
45.820       327
45.840       426
45.860       297
45.880       290
45.900       387
45.920       337
45.940       307
45.960       380
45.980       330
46.000       293
46.020       353
46.040       300
46.060       380
46.080       337
46.100       350
46.120       340
46.140       407
46.160       367
46.180       350
46.200       383
46.220       403
46.240       383
46.260       370
46.280       363
46.300       350
46.320       363
46.340       343
46.360       407
46.380       353
46.400       353
46.420       390
46.440       310
46.460       373
46.480       363
46.500       393
46.520       347
46.540       333
46.560       350
46.580       350
46.600       297
46.620       377
46.640       443
46.660       380
46.680       333
46.700       373
46.720       320
46.740       333
46.760       323
46.780       373
46.800       403
46.820       363
46.840       367
46.860       330
46.880       373
46.900       363
46.920       397
46.940       353
46.960       320
46.980       330
47.000       303
47.020       320
47.040       410
47.060       317
47.080       367
47.100       307
47.120       456
47.140       400
47.160       360
47.180       353
47.200       390
47.220       347
47.240       353
47.260       367
47.280       420
47.300       380
47.320       413
47.340       397
47.360       423
47.380       363
47.400       337
47.420       313
47.440       397
47.460       377
47.480       347
47.500       363
47.520       343
47.540       377
47.560       360
47.580       303
47.600       297
47.620       373
47.640       387
47.660       310
47.680       320
47.700       423
47.720       423
47.740       363
47.760       397
47.780       313
47.800       337
47.820       367
47.840       370
47.860       383
47.880       333
47.900       347
47.920       327
47.940       310
47.960       343
47.980       413
48.000       270
48.020       380
48.040       413
48.060       317
48.080       383
48.100       340
48.120       363
48.140       373
48.160       357
48.180       383
48.200       320
48.220       333
48.240       340
48.260       387
48.280       350
48.300       420
48.320       380
48.340       300
48.360       333
48.380       370
48.400       363
48.420       393
48.440       373
48.460       380
48.480       317
48.500       313
48.520       370
48.540       303
48.560       313
48.580       407
48.600       300
48.620       297
48.640       343
48.660       303
48.680       320
48.700       320
48.720       360
48.740       313
48.760       323
48.780       383
48.800       363
48.820       367
48.840       327
48.860       303
48.880       317
48.900       287
48.920       350
48.940       290
48.960       330
48.980       367
49.000       360
49.020       327
49.040       310
49.060       283
49.080       350
49.100       293
49.120       310
49.140       320
49.160       343
49.180       377
49.200       277
49.220       290
49.240       320
49.260       390
49.280       353
49.300       413
49.320       363
49.340       303
49.360       350
49.380       307
49.400       327
49.420       367
49.440       270
49.460       323
49.480       297
49.500       357
49.520       353
49.540       273
49.560       397
49.580       310
49.600       347
49.620       377
49.640       420
49.660       387
49.680       343
49.700       350
49.720       407
49.740       353
49.760       347
49.780       330
49.800       357
49.820       290
49.840       347
49.860       407
49.880       343
49.900       317
49.920       363
49.940       367
49.960       400
49.980       353
50.000       393
50.020       333
50.040       327
50.060       320
50.080       307
50.100       307
50.120       317
50.140       350
50.160       377
50.180       436
50.200       313
50.220       357
50.240       440
50.260       273
50.280       340
50.300       330
50.320       347
50.340       293
50.360       293
50.380       293
50.400       280
50.420       323
50.440       323
50.460       353
50.480       426
50.500       343
50.520       357
50.540       380
50.560       383
50.580       370
50.600       310
50.620       357
50.640       353
50.660       363
50.680       353
50.700       323
50.720       383
50.740       330
50.760       420
50.780       387
50.800       333
50.820       387
50.840       357
50.860       350
50.880       330
50.900       320
50.920       373
50.940       327
50.960       293
50.980       370
51.000       327
51.020       313
51.040       300
51.060       360
51.080       267
51.100       393
51.120       347
51.140       327
51.160       367
51.180       400
51.200       413
51.220       310
51.240       347
51.260       383
51.280       330
51.300       377
51.320       360
51.340       373
51.360       347
51.380       403
51.400       353
51.420       327
51.440       363
51.460       370
51.480       353
51.500       327
51.520       370
51.540       417
51.560       330
51.580       343
51.600       387
51.620       377
51.640       327
51.660       357
51.680       360
51.700       343
51.720       307
51.740       387
51.760       383
51.780       383
51.800       353
51.820       393
51.840       340
51.860       350
51.880       300
51.900       337
51.920       323
51.940       327
51.960       327
51.980       343
52.000       397
52.020       317
52.040       347
52.060       403
52.080       363
52.100       380
52.120       347
52.140       413
52.160       393
52.180       317
52.200       337
52.220       370
52.240       357
52.260       347
52.280       373
52.300       360
52.320       436
52.340       430
52.360       453
52.380       460
52.400       397
52.420       387
52.440       413
52.460       456
52.480       466
52.500       440
52.520       480
52.540       476
52.560       473
52.580       433
52.600       476
52.620       480
52.640       466
52.660       380
52.680       430
52.700       417
52.720       343
52.740       377
52.760       343
52.780       383
52.800       383
52.820       380
52.840       393
52.860       397
52.880       327
52.900       383
52.920       333
52.940       357
52.960       340
52.980       397
53.000       400
53.020       363
53.040       350
53.060       397
53.080       407
53.100       370
53.120       400
53.140       317
53.160       363
53.180       440
53.200       360
53.220       393
53.240       310
53.260       330
53.280       400
53.300       317
53.320       310
53.340       323
53.360       383
53.380       400
53.400       337
53.420       323
53.440       353
53.460       383
53.480       327
53.500       367
53.520       297
53.540       317
53.560       397
53.580       353
53.600       367
53.620       317
53.640       313
53.660       317
53.680       297
53.700       323
53.720       340
53.740       337
53.760       347
53.780       330
53.800       317
53.820       380
53.840       350
53.860       363
53.880       360
53.900       423
53.920       347
53.940       363
53.960       347
53.980       483
54.000       380
54.020       423
54.040       436
54.060       420
54.080       496
54.100       536
54.120       613
54.140       686
54.160       693
54.180       966
54.200       940
54.220      1093
54.240      1163
54.260      1173
54.280      1246
54.300      1319
54.320      1186
54.340      1296
54.360      1163
54.380      1026
54.400      1036
54.420       973
54.440      1070
54.460       856
54.480       783
54.500       673
54.520       623
54.540       546
54.560       496
54.580       453
54.600       390
54.620       426
54.640       413
54.660       403
54.680       337
54.700       400
54.720       383
54.740       337
54.760       357
54.780       360
54.800       333
54.820       340
54.840       400
54.860       303
54.880       330
54.900       313
54.920       343
54.940       333
54.960       313
54.980       347
55.000       400
55.020       323
55.040       323
55.060       373
55.080       350
55.100       323
55.120       287
55.140       313
55.160       327
55.180       260
55.200       383
55.220       290
55.240       293
55.260       287
55.280       330
55.300       283
55.320       327
55.340       343
55.360       357
55.380       303
55.400       293
55.420       313
55.440       337
55.460       307
55.480       363
55.500       277
55.520       320
55.540       303
55.560       330
55.580       347
55.600       360
55.620       283
55.640       323
55.660       403
55.680       263
55.700       300
55.720       270
55.740       297
55.760       360
55.780       297
55.800       360
55.820       310
55.840       367
55.860       357
55.880       340
55.900       307
55.920       297
55.940       400
55.960       347
55.980       327
56.000       240
56.020       273
56.040       303
56.060       340
56.080       307
56.100       300
56.120       283
56.140       307
56.160       240
56.180       260
56.200       293
56.220       303
56.240       347
56.260       343
56.280       387
56.300       327
56.320       340
56.340       283
56.360       327
56.380       310
56.400       390
56.420       413
56.440       300
56.460       307
56.480       337
56.500       277
56.520       320
56.540       373
56.560       407
56.580       277
56.600       317
56.620       260
56.640       367
56.660       327
56.680       280
56.700       287
56.720       323
56.740       240
56.760       283
56.780       293
56.800       307
56.820       253
56.840       330
56.860       300
56.880       377
56.900       337
56.920       347
56.940       273
56.960       340
56.980       300
57.000       313
57.020       390
57.040       277
57.060       280
57.080       293
57.100       353
57.120       436
57.140       310
57.160       347
57.180       377
57.200       273
57.220       333
57.240       333
57.260       327
57.280       307
57.300       307
57.320       330
57.340       353
57.360       273
57.380       287
57.400       270
57.420       243
57.440       283
57.460       340
57.480       283
57.500       330
57.520       333
57.540       327
57.560       273
57.580       240
57.600       297
57.620       360
57.640       320
57.660       233
57.680       327
57.700       273
57.720       313
57.740       280
57.760       287
57.780       303
57.800       260
57.820       360
57.840       293
57.860       340
57.880       290
57.900       353
57.920       363
57.940       247
57.960       367
57.980       330
58.000       320
58.020       260
58.040       300
58.060       273
58.080       277
58.100       220
58.120       297
58.140       317
58.160       283
58.180       327
58.200       260
58.220       273
58.240       267
58.260       243
58.280       303
58.300       323
58.320       280
58.340       270
58.360       333
58.380       267
58.400       317
58.420       307
58.440       320
58.460       240
58.480       280
58.500       303
58.520       277
58.540       247
58.560       233
58.580       287
58.600       300
58.620       333
58.640       277
58.660       260
58.680       277
58.700       250
58.720       297
58.740       293
58.760       297
58.780       267
58.800       370
58.820       270
58.840       283
58.860       293
58.880       230
58.900       323
58.920       300
58.940       237
58.960       313
58.980       313
59.000       243
59.020       283
59.040       280
59.060       287
59.080       260
59.100       270
59.120       237
59.140       300
59.160       347
59.180       290
59.200       303
59.220       317
59.240       237
59.260       290
59.280       230
59.300       303
59.320       320
59.340       320
59.360       243
59.380       283
59.400       297
59.420       257
59.440       330
59.460       283
59.480       283
59.500       277
59.520       303
59.540       293
59.560       343
59.580       247
59.600       257
59.620       310
59.640       283
59.660       313
59.680       290
59.700       263
59.720       323
59.740       310
59.760       287
59.780       303
59.800       297
59.820       313
59.840       277
59.860       317
59.880       270
59.900       327
59.920       297
59.940       343
59.960       363
59.980       110
60.000       110
