20.000        67
20.020        67
20.040        97
20.060        80
20.080        97
20.100        80
20.120        73
20.140        93
20.160        73
20.180        73
20.200       113
20.220        83
20.240        80
20.260       107
20.280        67
20.300       107
20.320        93
20.340        60
20.360        90
20.380        80
20.400        97
20.420        73
20.440       103
20.460        63
20.480        97
20.500        73
20.520        63
20.540       117
20.560        63
20.580        77
20.600        87
20.620        60
20.640        67
20.660        83
20.680        77
20.700        73
20.720        83
20.740        97
20.760        93
20.780        67
20.800        80
20.820        80
20.840        93
20.860        73
20.880        80
20.900        47
20.920       103
20.940        57
20.960        93
20.980        73
21.000        93
21.020        93
21.040        93
21.060        73
21.080        70
21.100        87
21.120        70
21.140        70
21.160        83
21.180       100
21.200        83
21.220        83
21.240       133
21.260        60
21.280        87
21.300       110
21.320        70
21.340        93
21.360        47
21.380        63
21.400        73
21.420        70
21.440       110
21.460       107
21.480        93
21.500        87
21.520        97
21.540        93
21.560        73
21.580        73
21.600        67
21.620        37
21.640       113
21.660        50
21.680        63
21.700        90
21.720       100
21.740        30
21.760        97
21.780        80
21.800        53
21.820        67
21.840        87
21.860       103
21.880        73
21.900        80
21.920        73
21.940        83
21.960        70
21.980        73
22.000       150
22.020        87
22.040        67
22.060        63
22.080        60
22.100        50
22.120        90
22.140        93
22.160        70
22.180        53
22.200        93
22.220        73
22.240        90
22.260        53
22.280        87
22.300        83
22.320        77
22.340        60
22.360        77
22.380        53
22.400        90
22.420        50
22.440        70
22.460        93
22.480        50
22.500        87
22.520       103
22.540        90
22.560        67
22.580        57
22.600        97
22.620        40
22.640        80
22.660        53
22.680        50
22.700        90
22.720        47
22.740        60
22.760        83
22.780        87
22.800        73
22.820        53
22.840        67
22.860        73
22.880        47
22.900        63
22.920        53
22.940        67
22.960        87
22.980        63
23.000        90
23.020        73
23.040        77
23.060        80
23.080        70
23.100        77
23.120        63
23.140        57
23.160        90
23.180        50
23.200        77
23.220        63
23.240        50
23.260        57
23.280        87
23.300        63
23.320        53
23.340        80
23.360        67
23.380        47
23.400        43
23.420        57
23.440        70
23.460        57
23.480        90
23.500        83
23.520        47
23.540        70
23.560        60
23.580        43
23.600        77
23.620        53
23.640        97
23.660        47
23.680        90
23.700        50
23.720        67
23.740        60
23.760        90
23.780        53
23.800        80
23.820        90
23.840        60
23.860        77
23.880        87
23.900       110
23.920        93
23.940        67
23.960        37
23.980        67
24.000        57
24.020        77
24.040        87
24.060        53
24.080        57
24.100        80
24.120        70
24.140        70
24.160        60
24.180        70
24.200        70
24.220        60
24.240        77
24.260        70
24.280        60
24.300        80
24.320        50
24.340        60
24.360        60
24.380        73
24.400        83
24.420        77
24.440        53
24.460        60
24.480        50
24.500        37
24.520        60
24.540        47
24.560        63
24.580        63
24.600        83
24.620        53
24.640        53
24.660        30
24.680        60
24.700        97
24.720        50
24.740        63
24.760        70
24.780        63
24.800        77
24.820        53
24.840        63
24.860        60
24.880        40
24.900        47
24.920        83
24.940        57
24.960        67
24.980        60
25.000        57
25.020        83
25.040        47
25.060        40
25.080        70
25.100        60
25.120        67
25.140        67
25.160        57
25.180        47
25.200        43
25.220        53
25.240        77
25.260        97
25.280        40
25.300        57
25.320        70
25.340        67
25.360        87
25.380        77
25.400        93
25.420        90
25.440        73
25.460        60
25.480       110
25.500       100
25.520       180
25.540       253
25.560       370
25.580       430
25.600       370
25.620       363
25.640       300
25.660       187
25.680       153
25.700       130
25.720        90
25.740        80
25.760        90
25.780        83
25.800        73
25.820        80
25.840        70
25.860        93
25.880        83
25.900        77
25.920        60
25.940        53
25.960        70
25.980        70
26.000        67
26.020        60
26.040        50
26.060        67
26.080        77
26.100        47
26.120        50
26.140        43
26.160        47
26.180        43
26.200        50
26.220        57
26.240        63
26.260        53
26.280        60
26.300        57
26.320        50
26.340        50
26.360        63
26.380        67
26.400        80
26.420        47
26.440        70
26.460        67
26.480        33
26.500        67
26.520        37
26.540        30
26.560        83
26.580        40
26.600        30
26.620        57
26.640        47
26.660        63
26.680        63
26.700        47
26.720        67
26.740        63
26.760        73
26.780        83
26.800        70
26.820        67
26.840        53
26.860        57
26.880        67
26.900        57
26.920        40
26.940        50
26.960        47
26.980        70
27.000        63
27.020        67
27.040        40
27.060        40
27.080        67
27.100        40
27.120        60
27.140        60
27.160        67
27.180        43
27.200        67
27.220        40
27.240        40
27.260        40
27.280        67
27.300        57
27.320        53
27.340        63
27.360        57
27.380        40
27.400        80
27.420        33
27.440        60
27.460        70
27.480        63
27.500        43
27.520        73
27.540        57
27.560        60
27.580        43
27.600        37
27.620        57
27.640        63
27.660        50
27.680        63
27.700        30
27.720        47
27.740        73
27.760        60
27.780        63
27.800        53
27.820        67
27.840        37
27.860        60
27.880        50
27.900        43
27.920        50
27.940        67
27.960        50
27.980        43
28.000        77
28.020        47
28.040        67
28.060        50
28.080        30
28.100        50
28.120        30
28.140        40
28.160        40
28.180        67
28.200        60
28.220        47
28.240        57
28.260        53
28.280        43
28.300        47
28.320        37
28.340        63
28.360        50
28.380        57
28.400        57
28.420        43
28.440        40
28.460        57
28.480        37
28.500        43
28.520        47
28.540        37
28.560        57
28.580        63
28.600        53
28.620        43
28.640        80
28.660        53
28.680        47
28.700        53
28.720        60
28.740        40
28.760        37
28.780        47
28.800        57
28.820        33
28.840        73
28.860        40
28.880        23
28.900        37
28.920        80
28.940        40
28.960        27
28.980        57
29.000        53
29.020        37
29.040        37
29.060        30
29.080        60
29.100        17
29.120        43
29.140        73
29.160        27
29.180        67
29.200        50
29.220        37
29.240        63
29.260        50
29.280        53
29.300        37
29.320        27
29.340        53
29.360        53
29.380        50
29.400        87
29.420        37
29.440        40
29.460        53
29.480        47
29.500        50
29.520        47
29.540        37
29.560        60
29.580        33
29.600        77
29.620        40
29.640        40
29.660        30
29.680        50
29.700        70
29.720        43
29.740        63
29.760        23
29.780        47
29.800        53
29.820        47
29.840        40
29.860        43
29.880        33
29.900        40
29.920        43
29.940        40
29.960        57
29.980        77
30.000        23
30.020        63
30.040        23
30.060        30
30.080        47
30.100        50
30.120        40
30.140        30
30.160        57
30.180        53
30.200        37
30.220        80
30.240        50
30.260        27
30.280        43
30.300        47
30.320        43
30.340        37
30.360        70
30.380        47
30.400       107
30.420        77
30.440        63
30.460        53
30.480        53
30.500        37
30.520        30
30.540        37
30.560        63
30.580        37
30.600        57
30.620        47
30.640        70
30.660        53
30.680        70
30.700        57
30.720        80
30.740        60
30.760        73
30.780        87
30.800        73
30.820        77
30.840        90
30.860        47
30.880        83
30.900        37
30.920       107
30.940       103
30.960       143
30.980       127
31.000       103
31.020       170
31.040       260
31.060       257
31.080       430
31.100       523
31.120       680
31.140       840
31.160      1070
31.180      1026
31.200       936
31.220       906
31.240       753
31.260       630
31.280       453
31.300       426
31.320       257
31.340       203
31.360       153
31.380       133
31.400       110
31.420        93
31.440       100
31.460       100
31.480        43
31.500        53
31.520        67
31.540        77
31.560        80
31.580        40
31.600        37
31.620        70
31.640        50
31.660        47
31.680        47
31.700        60
31.720        50
31.740        40
31.760        70
31.780        50
31.800        43
31.820        50
31.840        83
31.860        37
31.880        60
31.900        33
31.920        27
31.940        50
31.960        40
31.980        40
32.000        53
32.020        37
32.040        50
32.060        33
32.080        73
32.100        47
32.120        67
32.140        47
32.160        33
32.180        43
32.200        60
32.220        43
32.240        30
32.260        40
32.280        27
32.300        43
32.320        47
32.340        60
32.360        40
32.380        33
32.400        40
32.420        47
32.440        57
32.460        33
32.480        30
32.500        17
32.520        33
32.540        57
32.560        50
32.580        33
32.600        63
32.620        27
32.640        37
32.660        40
32.680        57
32.700         7
32.720        60
32.740        40
32.760        40
32.780        47
32.800        53
32.820        43
32.840        37
32.860        40
32.880        47
32.900        37
32.920        47
32.940        40
32.960        47
32.980        53
33.000        67
33.020        50
33.040        30
33.060        43
33.080        53
33.100        40
33.120        23
33.140        20
33.160        53
33.180        33
33.200        73
33.220        30
33.240        27
33.260        43
33.280        33
33.300        53
33.320        40
33.340        33
33.360        40
33.380        33
33.400        47
33.420        40
33.440        53
33.460        33
33.480        27
33.500        40
33.520        37
33.540        53
33.560        47
33.580        37
33.600        30
33.620        57
33.640        37
33.660        57
33.680        37
33.700        40
33.720        37
33.740        53
33.760        40
33.780        37
33.800        47
33.820        73
33.840        23
33.860        33
33.880        23
33.900        50
33.920        47
33.940        43
33.960        47
33.980        60
34.000        50
34.020        47
34.040        70
34.060        57
34.080        47
34.100        53
34.120        50
34.140        43
34.160        77
34.180        67
34.200        17
34.220        37
34.240        47
34.260        40
34.280        53
34.300        47
34.320        50
34.340        47
34.360        33
34.380        23
34.400        60
34.420        40
34.440        73
34.460        53
34.480        40
34.500        57
34.520        47
34.540        47
34.560        27
34.580        43
34.600        47
34.620        57
34.640        50
34.660        20
34.680        30
34.700        50
34.720        43
34.740        43
34.760        37
34.780        40
34.800        37
34.820        30
34.840        50
34.860        60
34.880        57
34.900        67
34.920        57
34.940        83
34.960        90
34.980        97
35.000        80
35.020        97
35.040       133
35.060       150
35.080       190
35.100       277
35.120       560
35.140      1090
35.160      1283
35.180      1313
35.200       996
35.220       786
35.240       723
35.260       740
35.280       593
35.300       340
35.320       147
35.340        67
35.360        70
35.380        70
35.400        70
35.420        77
35.440        80
35.460        40
35.480        40
35.500        50
35.520        30
35.540        60
35.560        47
35.580        37
35.600        37
35.620        30
35.640        60
35.660        27
35.680        50
35.700        57
35.720        53
35.740        40
35.760        27
35.780        37
35.800        50
35.820        40
35.840        70
35.860        20
35.880        23
35.900        53
35.920        47
35.940        47
35.960        33
35.980        20
36.000        40
36.020        23
36.040        53
36.060        33
36.080        33
36.100        37
36.120        50
36.140        33
36.160        47
36.180        43
36.200        40
36.220        57
36.240        13
36.260        30
36.280        53
36.300        37
36.320        37
36.340        40
36.360        50
36.380        40
36.400        47
36.420        63
36.440        40
36.460        27
36.480        43
36.500        50
36.520        47
36.540        40
36.560        30
36.580        23
36.600        43
36.620        33
36.640        37
36.660        30
36.680        30
36.700        43
36.720        47
36.740        20
36.760        50
36.780        23
36.800        40
36.820        27
36.840        37
36.860        30
36.880        40
36.900        37
36.920        37
36.940        27
36.960        47
36.980        37
37.000        30
37.020        57
37.040        67
37.060        40
37.080        30
37.100        43
37.120        40
37.140        77
37.160        37
37.180        60
37.200        33
37.220        17
37.240        37
37.260        33
37.280        37
37.300        33
37.320        33
37.340        50
37.360        47
37.380        47
37.400        33
37.420        50
37.440        30
37.460        53
37.480        43
37.500        53
37.520        70
37.540        30
37.560        43
37.580        53
37.600        60
37.620        97
37.640        40
37.660        43
37.680        77
37.700        57
37.720        63
37.740       150
37.760       287
37.780       420
37.800       483
37.820       330
37.840       220
37.860       187
37.880       277
37.900       270
37.920       160
37.940       100
37.960        87
37.980        33
38.000        73
38.020        47
38.040        27
38.060        63
38.080        43
38.100        57
38.120        30
38.140        57
38.160        37
38.180        53
38.200        43
38.220        70
38.240        57
38.260        63
38.280        80
38.300        87
38.320        93
38.340       157
38.360       160
38.380       240
38.400       347
38.420       423
38.440       566
38.460       570
38.480       576
38.500       436
38.520       383
38.540       373
38.560       313
38.580       247
38.600       197
38.620       143
38.640        87
38.660        93
38.680        53
38.700        47
38.720        63
38.740        50
38.760        50
38.780        33
38.800        30
38.820        43
38.840        50
38.860        43
38.880        37
38.900        43
38.920        67
38.940        43
38.960        37
38.980        40
39.000        50
39.020        33
39.040        43
39.060        43
39.080        47
39.100        47
39.120        40
39.140        37
39.160        43
39.180        20
39.200        27
39.220        50
39.240        20
39.260        27
39.280        33
39.300        27
39.320        47
39.340        33
39.360        23
39.380        43
39.400        40
39.420        50
39.440        23
39.460        20
39.480        40
39.500        47
39.520        47
39.540        27
39.560        43
39.580        50
39.600        57
39.620        40
39.640        27
39.660        47
39.680        20
39.700        33
39.720        37
39.740        43
39.760        47
39.780        13
39.800        30
39.820        33
39.840        37
39.860        40
39.880        33
39.900        37
39.920        30
39.940        43
39.960        23
39.980        47
40.000        23
40.020        40
40.040        63
40.060        40
40.080        40
40.100        37
40.120        30
40.140        43
40.160        27
40.180        43
40.200        37
40.220        27
40.240        40
40.260        40
40.280        30
40.300        23
40.320        37
40.340        17
40.360        43
40.380        27
40.400        47
40.420        30
40.440        47
40.460        33
40.480        27
40.500        33
40.520        33
40.540        47
40.560        33
40.580        30
40.600        17
40.620        13
40.640        30
40.660        43
40.680        43
40.700        33
40.720        37
40.740        27
40.760        20
40.780        23
40.800        47
40.820        17
40.840        50
40.860        50
40.880        27
40.900        50
40.920        30
40.940        37
40.960        53
40.980        53
41.000        13
41.020        37
41.040        37
41.060        23
41.080        43
41.100        47
41.120        53
41.140        20
41.160        33
41.180        13
41.200        17
41.220        27
41.240        60
41.260        27
41.280        37
41.300        30
41.320        33
41.340        37
41.360        37
41.380        43
41.400        23
41.420        17
41.440        43
41.460        43
41.480        47
41.500        40
41.520        53
41.540        37
41.560        30
41.580        37
41.600        63
41.620        70
41.640       117
41.660       113
41.680       237
41.700       193
41.720       197
41.740       107
41.760        90
41.780       140
41.800       113
41.820        83
41.840        60
41.860        70
41.880        57
41.900        37
41.920        40
41.940        47
41.960        37
41.980        37
42.000        30
42.020        33
42.040        17
42.060        27
42.080        37
42.100        33
42.120        27
42.140        53
42.160        40
42.180        20
42.200        53
42.220        40
42.240        27
42.260        33
42.280        37
42.300        30
42.320        40
42.340        17
42.360        47
42.380        30
42.400        23
42.420        33
42.440        47
42.460        23
42.480        43
42.500        33
42.520        13
42.540        27
42.560        20
42.580        17
42.600        27
42.620        60
42.640        30
42.660        20
42.680        50
42.700        27
42.720        30
42.740        53
42.760        33
42.780        40
42.800        13
42.820        53
42.840        27
42.860        27
42.880        27
42.900        27
42.920        43
42.940        53
42.960        47
42.980        43
43.000        27
43.020        10
43.040        23
43.060        40
43.080        50
43.100        40
43.120        43
43.140        80
43.160        63
43.180        63
43.200        47
43.220        57
43.240        83
43.260        77
43.280        73
43.300       160
43.320       260
43.340       423
43.360       576
43.380       720
43.400       540
43.420       393
43.440       223
43.460       320
43.480       367
43.500       360
43.520       250
43.540       150
43.560        80
43.580       100
43.600        57
43.620        50
43.640        50
43.660        33
43.680        40
43.700        17
43.720        47
43.740        40
43.760        23
43.780        33
43.800        30
43.820        40
43.840        23
43.860        13
43.880        23
43.900        40
43.920        50
43.940        17
43.960        30
43.980        20
44.000        53
44.020        30
44.040        50
44.060        30
44.080        17
44.100        47
44.120        40
44.140        43
44.160        50
44.180        10
44.200        23
44.220        23
44.240        20
44.260        47
44.280        43
44.300        57
44.320        33
44.340        30
44.360        37
44.380        53
44.400        13
44.420        13
44.440        33
44.460        37
44.480        33
44.500        33
44.520        43
44.540        47
44.560        20
44.580        37
44.600        43
44.620        30
44.640        37
44.660        50
44.680        50
44.700        37
44.720        30
44.740        20
44.760        23
44.780        30
44.800        20
44.820        33
44.840        57
44.860        33
44.880        37
44.900        50
44.920        33
44.940        23
44.960        53
44.980        20
45.000        23
45.020        40
45.040        30
45.060        13
45.080        60
45.100        37
45.120        30
45.140        33
45.160        27
45.180        27
45.200        33
45.220        37
45.240        37
45.260        23
45.280        27
45.300        33
45.320        43
45.340        20
45.360        20
45.380        27
45.400        13
45.420        20
45.440        33
45.460        23
45.480        57
45.500        27
45.520        10
45.540        37
45.560        13
45.580        40
45.600        30
45.620        53
45.640        37
45.660        23
45.680        17
45.700        27
45.720        30
45.740        50
45.760        13
45.780        17
45.800        23
45.820        17
45.840        23
45.860        27
45.880        33
45.900        33
45.920        30
45.940        33
45.960        30
45.980        30
46.000        40
46.020        10
46.040        30
46.060        10
46.080        23
46.100        33
46.120        20
46.140        20
46.160        30
46.180        33
46.200        27
46.220        30
46.240        37
46.260        30
46.280        27
46.300        27
46.320        33
46.340        23
46.360        23
46.380        40
46.400        30
46.420        37
46.440        33
46.460        23
46.480        47
46.500        20
46.520        27
46.540        30
46.560        30
46.580        17
46.600        33
46.620        37
46.640        13
46.660        20
46.680        33
46.700        20
46.720        40
46.740        30
46.760        27
46.780        27
46.800        10
46.820        20
46.840        50
46.860        43
46.880        27
46.900        20
46.920        40
46.940        10
46.960        33
46.980        33
47.000        30
47.020        13
47.040        27
47.060        20
47.080        30
47.100        27
47.120        40
47.140        37
47.160        27
47.180        23
47.200        17
47.220        23
47.240        40
47.260        23
47.280        20
47.300        17
47.320        23
47.340        37
47.360        47
47.380        47
47.400        23
47.420        17
47.440        27
47.460        30
47.480        30
47.500        33
47.520        30
47.540        23
47.560        17
47.580        23
47.600        27
47.620        40
47.640        27
47.660        13
47.680        20
47.700        30
47.720        40
47.740        23
47.760        40
47.780        37
47.800        27
47.820        20
47.840        33
47.860        20
47.880        20
47.900        40
47.920        33
47.940        33
47.960        17
47.980        17
48.000        33
48.020        13
48.040        37
48.060        27
48.080        23
48.100        17
48.120        13
48.140        23
48.160        27
48.180        33
48.200        20
48.220        30
48.240        23
48.260        27
48.280        27
48.300        27
48.320        13
48.340        23
48.360        33
48.380        13
48.400        20
48.420        23
48.440        20
48.460        27
48.480        23
48.500        23
48.520        23
48.540        20
48.560        23
48.580        33
48.600        10
48.620        30
48.640        30
48.660        37
48.680        20
48.700        27
48.720        20
48.740        13
48.760        10
48.780        17
48.800        30
48.820        30
48.840        20
48.860        27
48.880        27
48.900        17
48.920        53
48.940        30
48.960        37
48.980        20
49.000        33
49.020        23
49.040        20
49.060        20
49.080        20
49.100        17
49.120        13
49.140        33
49.160        30
49.180        37
49.200        47
49.220        23
49.240        27
49.260        23
49.280         7
49.300        23
49.320        20
49.340        40
49.360        20
49.380        27
49.400        20
49.420        20
49.440        10
49.460        40
49.480        30
49.500        30
49.520        30
49.540        13
49.560        10
49.580        30
49.600        10
49.620        33
49.640        33
49.660        17
49.680        20
49.700        37
49.720        20
49.740        23
49.760        23
49.780        47
49.800        23
49.820        17
49.840        43
49.860        13
49.880        30
49.900        33
49.920        37
49.940        30
49.960        20
49.980        40
50.000        30
50.020        13
50.040        27
50.060        30
50.080        23
50.100        17
50.120        17
50.140        37
50.160        33
50.180        40
50.200        40
50.220        17
50.240        30
50.260        20
50.280        33
50.300        30
50.320        30
50.340        30
50.360        27
50.380        23
50.400        20
50.420         3
50.440        17
50.460        23
50.480        47
50.500        30
50.520        13
50.540        20
50.560        17
50.580        37
50.600        27
50.620        33
50.640        13
50.660        33
50.680        17
50.700        17
50.720        13
50.740        27
50.760        23
50.780        20
50.800        20
50.820        17
50.840        10
50.860        37
50.880        23
50.900        30
50.920        10
50.940        47
50.960        37
50.980        17
51.000        20
51.020        20
51.040        23
51.060        10
51.080        17
51.100        23
51.120        10
51.140        27
51.160        33
51.180        27
51.200        27
51.220        30
51.240        23
51.260        13
51.280        23
51.300        23
51.320        17
51.340        40
51.360        27
51.380        13
51.400        43
51.420        33
51.440        37
51.460        17
51.480        30
51.500        43
51.520        50
51.540        43
51.560        33
51.580        23
51.600        30
51.620        43
51.640        30
51.660        17
51.680        33
51.700        37
51.720        20
51.740        17
51.760        17
51.780        40
51.800        27
51.820        33
51.840        27
51.860        27
51.880        33
51.900        27
51.920        27
51.940        17
51.960        27
51.980        20
52.000        33
52.020        27
52.040        37
52.060        40
52.080        13
52.100        23
52.120        30
52.140        23
52.160        23
52.180        40
52.200        23
52.220        27
52.240        30
52.260        40
52.280        30
52.300        27
52.320        47
52.340        47
52.360        30
52.380        37
52.400        37
52.420        47
52.440        43
52.460        50
52.480        63
52.500        97
52.520       137
52.540       250
52.560       387
52.580       443
52.600       307
52.620       157
52.640        80
52.660        97
52.680       173
52.700       177
52.720       197
52.740       157
52.760       117
52.780        63
52.800        67
52.820        40
52.840        60
52.860        43
52.880        20
52.900        20
52.920        17
52.940        47
52.960        27
52.980        40
53.000        20
53.020        13
53.040        30
53.060        10
53.080        27
53.100        20
53.120        33
53.140        23
53.160        30
53.180        23
53.200        30
53.220        27
53.240        37
53.260        33
53.280        43
53.300        73
53.320        20
53.340        27
53.360        30
53.380        17
53.400        13
53.420        13
53.440        27
53.460        13
53.480        20
53.500        33
53.520        13
53.540        17
53.560        17
53.580        40
53.600        20
53.620        23
53.640        30
53.660        23
53.680        30
53.700        17
53.720        10
53.740        23
53.760        23
53.780        23
53.800        40
53.820        23
53.840        20
53.860        27
53.880        10
53.900        27
53.920        23
53.940        20
53.960        27
53.980        33
54.000        33
54.020        23
54.040        23
54.060        37
54.080        17
54.100        30
54.120        27
54.140        10
54.160        30
54.180        27
54.200        17
54.220        20
54.240        40
54.260        17
54.280        43
54.300        30
54.320        27
54.340        20
54.360        37
54.380        23
54.400        17
54.420        30
54.440        27
54.460         7
54.480        27
54.500        27
54.520        27
54.540        30
54.560        23
54.580        23
54.600        43
54.620        40
54.640        37
54.660        17
54.680        10
54.700        23
54.720        17
54.740         3
54.760        17
54.780        17
54.800        37
54.820        30
54.840        17
54.860        30
54.880        17
54.900        20
54.920        30
54.940        30
54.960        43
54.980        23
55.000        40
55.020        30
55.040        60
55.060        17
55.080        53
55.100        47
55.120        43
55.140        43
55.160        37
55.180        50
55.200        53
55.220        37
55.240        53
55.260        83
55.280        23
55.300        83
55.320       107
55.340       117
55.360        93
55.380       153
55.400       213
55.420       203
55.440       273
55.460       333
55.480       363
55.500       446
55.520       347
55.540       313
55.560       337
55.580       247
55.600       227
55.620       263
55.640       233
55.660       227
55.680       183
55.700       163
55.720       143
55.740        80
55.760        70
55.780        60
55.800        67
55.820        37
55.840        33
55.860        50
55.880        47
55.900        43
55.920        43
55.940        37
55.960        47
55.980        27
56.000        27
56.020        30
56.040        23
56.060        43
56.080        27
56.100        50
56.120        47
56.140        30
56.160        20
56.180        23
56.200        40
56.220        27
56.240        23
56.260        50
56.280        47
56.300        40
56.320        37
56.340        27
56.360        17
56.380         7
56.400        23
56.420        33
56.440        37
56.460        20
56.480        17
56.500        10
56.520        17
56.540        43
56.560        43
56.580        30
56.600        33
56.620        13
56.640        27
56.660        23
56.680        33
56.700        40
56.720        23
56.740        27
56.760        20
56.780        20
56.800        20
56.820        20
56.840        13
56.860        27
56.880        27
56.900        23
56.920        30
56.940        43
56.960        40
56.980        27
57.000        13
57.020        37
57.040        33
57.060        30
57.080        43
57.100        13
57.120        40
57.140        27
57.160        33
57.180        33
57.200        47
57.220        63
57.240        40
57.260        40
57.280        70
57.300        43
57.320        57
57.340        67
57.360        80
57.380        83
57.400       107
57.420       130
57.440       163
57.460       307
57.480       763
57.500      1053
57.520      1246
57.540      1160
57.560       646
57.580       393
57.600       153
57.620       300
57.640       430
57.660       573
57.680       623
57.700       476
57.720       350
57.740       123
57.760       100
57.780        53
57.800        60
57.820        67
57.840        33
57.860        47
57.880        33
57.900        40
57.920        47
57.940        20
57.960        23
57.980        37
58.000        33
58.020        37
58.040        23
58.060        27
58.080        27
58.100        13
58.120        23
58.140        27
58.160        33
58.180        20
58.200        10
58.220        13
58.240        23
58.260        13
58.280        20
58.300        17
58.320        17
58.340        13
58.360        30
58.380        27
58.400        20
58.420        40
58.440        60
58.460        40
58.480        33
58.500        13
58.520        13
58.540        33
58.560        30
58.580        27
58.600        20
58.620        27
58.640        27
58.660        33
58.680        10
58.700        27
58.720        10
58.740        33
58.760        20
58.780        23
58.800        13
58.820        27
58.840        30
58.860        27
58.880        20
58.900        17
58.920        27
58.940        23
58.960        20
58.980        17
59.000        13
59.020         7
59.040        17
59.060        13
59.080        27
59.100        27
59.120        27
59.140        20
59.160        13
59.180        10
59.200        33
59.220        17
59.240        20
59.260        20
59.280        20
59.300        23
59.320        10
59.340        20
59.360        40
59.380        27
59.400        30
59.420        10
59.440        17
59.460        30
59.480        10
59.500        23
59.520        40
59.540        13
59.560        33
59.580        20
59.600        37
59.620        23
59.640        30
59.660        27
59.680        23
59.700        30
59.720        47
59.740        60
59.760        77
59.780        63
59.800        47
59.820        40
59.840        30
59.860        17
59.880        30
59.900        30
59.920        40
59.940        53
59.960        37
59.980        27
60.000        20
60.020        90
60.040        33
60.060        10
60.080        40
60.100        17
60.120        13
60.140        20
60.160        33
60.180        10
60.200        27
60.220        20
60.240        43
60.260        37
60.280        10
60.300        27
60.320        20
60.340        27
60.360        17
60.380        40
60.400         3
60.420        23
60.440        23
60.460        27
60.480        23
60.500        13
60.520        23
60.540        20
60.560        17
60.580        20
60.600        27
60.620        13
60.640        20
60.660         7
60.680        37
60.700        23
60.720        27
60.740        23
60.760        27
60.780        33
60.800        30
60.820        20
60.840        37
60.860        17
60.880        23
60.900        17
60.920        37
60.940        30
60.960        37
60.980        37
61.000        40
61.020        40
61.040        47
61.060        40
61.080        23
61.100        47
61.120        33
61.140        53
61.160        40
61.180        63
61.200        70
61.220        90
61.240       120
61.260       187
61.280       353
61.300       476
61.320       536
61.340       473
61.360       330
61.380       183
61.400       117
61.420       100
61.440       117
61.460       240
61.480       300
61.500       283
61.520       163
61.540       133
61.560       100
61.580        53
61.600        40
61.620        33
61.640        17
61.660        33
61.680        17
61.700        17
61.720        27
61.740        17
61.760        13
61.780        37
61.800        17
61.820        33
61.840        20
61.860        10
61.880         7
61.900        13
61.920        30
61.940        17
61.960        27
61.980        13
62.000        23
62.020        23
62.040        27
62.060        17
62.080        23
62.100        20
62.120        27
62.140        23
62.160        47
62.180        27
62.200        20
62.220        27
62.240        27
62.260        17
62.280        23
62.300        27
62.320        17
62.340        23
62.360        27
62.380        17
62.400        37
62.420        30
62.440        10
62.460        37
62.480        17
62.500        13
62.520        10
62.540        17
62.560        20
62.580         7
62.600        10
62.620        20
62.640        17
62.660         3
62.680        37
62.700        27
62.720        13
62.740        10
62.760         7
62.780        13
62.800        10
62.820        13
62.840        27
62.860        23
62.880        17
62.900        23
62.920        20
62.940        17
62.960         0
62.980        17
63.000        23
63.020        30
63.040        10
63.060        17
63.080        40
63.100        17
63.120        17
63.140        13
63.160        20
63.180        23
63.200        27
63.220        17
63.240        17
63.260        33
63.280        13
63.300        20
63.320        17
63.340        10
63.360        17
63.380        17
63.400        10
63.420        47
63.440        37
63.460        27
63.480        17
63.500        20
63.520         0
63.540        17
63.560        13
63.580        13
63.600        17
63.620        23
63.640        20
63.660        27
63.680        13
63.700        17
63.720        27
63.740        27
63.760        13
63.780        23
63.800         7
63.820        13
63.840        33
63.860        13
63.880        17
63.900        13
63.920         3
63.940        33
63.960        17
63.980        17
64.000        20
64.020         7
64.040        27
64.060        17
64.080        20
64.100        27
64.120        10
64.140        13
64.160        27
64.180        20
64.200        20
64.220        20
64.240        13
64.260        23
64.280        27
64.300        17
64.320        13
64.340        23
64.360         7
64.380        10
64.400        20
64.420        27
64.440        27
64.460        13
64.480        13
64.500        20
64.520        13
64.540        10
64.560        10
64.580        23
64.600        27
64.620        20
64.640        20
64.660        30
64.680        27
64.700        27
64.720        23
64.740        27
64.760        33
64.780        40
64.800        23
64.820        43
64.840        50
64.860        43
64.880        40
64.900        23
64.920        47
64.940        80
64.960        80
64.980        47
65.000       117
65.020       110
65.040        57
65.060        77
65.080        67
65.100        57
65.120        57
65.140        50
65.160        33
65.180        33
65.200        57
65.220        13
65.240        37
65.260        37
65.280        40
65.300        37
65.320        20
65.340        33
65.360        33
65.380        20
65.400        30
65.420        33
65.440        17
65.460        20
65.480        13
65.500        10
65.520        27
65.540        23
65.560        13
65.580        27
65.600        17
65.620        23
65.640        13
65.660        40
65.680        20
65.700        13
65.720        10
65.740        27
65.760        10
65.780        33
65.800        30
65.820        10
65.840        23
65.860        13
65.880        30
65.900        17
65.920        20
65.940        17
65.960        20
65.980        23
66.000        27
66.020        33
66.040        17
66.060        20
66.080        37
66.100        13
66.120        20
66.140        23
66.160        17
66.180        27
66.200        30
66.220        13
66.240        27
66.260        33
66.280        20
66.300        17
66.320        33
66.340        20
66.360        40
66.380        33
66.400        27
66.420        60
66.440        30
66.460        47
66.480        73
66.500       137
66.520       170
66.540       207
66.560       227
66.580       203
66.600       173
66.620        80
66.640        93
66.660        90
66.680        73
66.700       133
66.720       117
66.740        97
66.760       157
66.780       123
66.800        57
66.820        43
66.840        33
66.860        33
66.880        27
66.900        27
66.920        37
66.940        27
66.960        33
66.980        30
67.000        13
67.020         7
67.040        20
67.060        20
67.080        30
67.100        17
67.120        20
67.140        23
67.160        37
67.180        13
67.200        37
67.220        17
67.240        47
67.260        33
67.280        30
67.300        20
67.320        30
67.340        20
67.360        23
67.380        27
67.400        20
67.420        37
67.440        30
67.460        13
67.480        20
67.500        27
67.520        20
67.540        13
67.560        13
67.580        37
67.600        33
67.620        27
67.640        30
67.660        23
67.680        23
67.700        17
67.720        17
67.740        13
67.760        17
67.780        33
67.800        30
67.820        23
67.840        23
67.860        43
67.880        33
67.900        23
67.920        20
67.940        20
67.960        23
67.980        27
68.000        33
68.020        33
68.040        27
68.060        33
68.080        60
68.100        60
68.120        33
68.140        43
68.160        77
68.180        90
68.200       183
68.220       423
68.240       593
68.260       746
68.280       763
68.300       526
68.320       220
68.340       137
68.360       110
68.380       110
68.400       153
68.420       247
68.440       383
68.460       450
68.480       277
68.500       163
68.520        83
68.540        53
68.560        40
68.580        37
68.600        33
68.620        43
68.640        23
68.660        17
68.680        33
68.700        20
68.720        33
68.740        40
68.760        27
68.780        17
68.800        33
68.820        13
68.840        20
68.860        10
68.880        17
68.900        20
68.920        30
68.940        17
68.960        20
68.980        40
69.000        33
69.020        27
69.040        13
69.060        13
69.080        47
69.100        30
69.120        20
69.140        30
69.160        20
69.180        40
69.200        10
69.220        23
69.240        13
69.260        13
69.280        27
69.300        23
69.320        23
69.340        30
69.360        17
69.380        23
69.400        23
69.420        23
69.440        37
69.460        40
69.480        33
69.500        10
69.520        30
69.540        20
69.560        27
69.580        20
69.600        23
69.620        20
69.640        13
69.660        33
69.680        23
69.700        30
69.720        27
69.740        37
69.760        27
69.780        30
69.800         7
69.820        23
69.840        23
69.860        27
69.880        20
69.900        27
69.920        10
69.940        13
69.960        27
69.980        30
70.000         7
70.020        20
70.040        20
70.060        27
70.080        10
70.100        30
70.120        23
70.140        23
70.160        20
70.180        17
70.200        33
70.220        27
70.240        13
70.260        17
70.280        17
70.300        30
70.320         3
70.340        23
70.360        13
70.380        17
70.400        37
70.420        20
70.440        43
70.460        27
70.480        30
70.500        13
70.520        10
70.540        30
70.560        13
70.580        13
70.600        30
70.620        20
70.640        23
70.660        33
70.680         7
70.700        10
70.720        13
70.740         7
70.760        43
70.780        20
70.800        20
70.820        13
70.840        17
70.860        27
70.880        23
70.900        17
70.920        27
70.940        23
70.960         3
70.980        23
71.000        13
71.020        30
71.040        33
71.060         7
71.080        37
71.100        17
71.120        30
71.140        20
71.160         7
71.180        13
71.200        27
71.220        17
71.240        17
71.260        33
71.280        23
71.300        13
71.320        23
71.340        10
71.360        17
71.380        20
71.400        10
71.420        17
71.440        23
71.460        13
71.480        30
71.500        30
71.520        23
71.540        20
71.560        10
71.580         3
71.600         7
71.620        13
71.640        17
71.660        30
71.680        17
71.700        13
71.720        20
71.740        13
71.760        13
71.780        10
71.800        13
71.820        13
71.840        10
71.860        33
71.880        23
71.900        20
71.920        20
71.940        13
71.960        10
71.980        23
72.000        10
72.020        23
72.040         7
72.060        20
72.080        17
72.100        27
72.120        17
72.140        17
72.160        20
72.180        20
72.200        23
72.220        20
72.240         7
72.260        20
72.280        27
72.300        23
72.320        27
72.340        10
72.360        20
72.380        33
72.400        17
72.420        33
72.440        17
72.460         7
72.480        13
72.500        17
72.520        10
72.540         7
72.560        30
72.580        17
72.600        10
72.620        30
72.640        20
72.660        10
72.680        17
72.700        27
72.720         3
72.740        10
72.760        47
72.780        17
72.800        23
72.820        17
72.840        20
72.860        23
72.880        20
72.900        20
72.920        13
72.940        17
72.960         3
72.980        13
73.000        40
73.020        30
73.040        17
73.060        20
73.080        10
73.100        27
73.120        30
73.140        30
73.160        37
73.180        30
73.200        40
73.220         3
73.240        10
73.260        23
73.280        17
73.300        23
73.320        27
73.340        30
73.360        17
73.380        20
73.400        23
73.420        10
73.440        30
73.460        27
73.480        27
73.500        27
73.520        27
73.540        17
73.560        33
73.580        13
73.600        27
73.620        17
73.640        27
73.660        23
73.680        20
73.700        10
73.720        23
73.740        27
73.760        27
73.780        23
73.800        30
73.820        27
73.840        30
73.860        23
73.880        27
73.900        20
73.920        20
73.940        27
73.960        17
73.980         7
74.000        27
74.020        17
74.040        30
74.060        10
74.080        17
74.100         7
74.120        30
74.140        17
74.160        23
74.180        17
74.200        13
74.220        20
74.240        23
74.260        20
74.280        13
74.300        23
74.320        13
74.340        27
74.360        17
74.380        17
74.400        33
74.420        33
74.440        13
74.460        10
74.480        10
74.500        20
74.520        10
74.540        13
74.560        20
74.580        20
74.600        17
74.620        10
74.640        23
74.660        10
74.680        27
74.700        30
74.720        17
74.740        13
74.760        17
74.780        23
74.800        23
74.820        33
74.840        10
74.860        17
74.880        13
74.900        17
74.920         7
74.940        17
74.960        13
74.980         0
75.000        23
75.020        13
75.040        20
75.060        20
75.080        17
75.100        23
75.120        27
75.140        30
75.160        23
75.180        27
75.200        20
75.220        20
75.240        17
75.260        13
75.280        17
75.300        13
75.320        23
75.340        23
75.360        13
75.380         3
75.400        20
75.420        17
75.440        37
75.460        20
75.480        23
75.500        17
75.520        27
75.540        23
75.560        17
75.580        10
75.600        40
75.620        20
75.640        40
75.660        17
75.680        10
75.700        20
75.720        17
75.740        33
75.760        20
75.780        23
75.800        30
75.820        13
