20.000       703
20.020       646
20.040       693
20.060       663
20.080       710
20.100       643
20.120       663
20.140       616
20.160       666
20.180       676
20.200       773
20.220       700
20.240       623
20.260       676
20.280       636
20.300       706
20.320       673
20.340       736
20.360       603
20.380       750
20.400       623
20.420       690
20.440       660
20.460       623
20.480       746
20.500       666
20.520       676
20.540       656
20.560       626
20.580       603
20.600       676
20.620       643
20.640       580
20.660       683
20.680       723
20.700       753
20.720       696
20.740       696
20.760       646
20.780       700
20.800       706
20.820       763
20.840       580
20.860       656
20.880       680
20.900       566
20.920       600
20.940       646
20.960       523
20.980       693
21.000       656
21.020       680
21.040       626
21.060       653
21.080       660
21.100       606
21.120       586
21.140       530
21.160       650
21.180       646
21.200       643
21.220       656
21.240       636
21.260       593
21.280       620
21.300       660
21.320       663
21.340       606
21.360       600
21.380       613
21.400       573
21.420       670
21.440       616
21.460       560
21.480       526
21.500       530
21.520       630
21.540       630
21.560       616
21.580       656
21.600       596
21.620       600
21.640       626
21.660       563
21.680       616
21.700       650
21.720       486
21.740       503
21.760       600
21.780       673
21.800       536
21.820       610
21.840       653
21.860       593
21.880       666
21.900       650
21.920       606
21.940       623
21.960       610
21.980       503
22.000       553
22.020       596
22.040       596
22.060       523
22.080       593
22.100       510
22.120       520
22.140       616
22.160       560
22.180       533
22.200       586
22.220       573
22.240       556
22.260       530
22.280       500
22.300       620
22.320       580
22.340       620
22.360       593
22.380       496
22.400       523
22.420       576
22.440       546
22.460       546
22.480       536
22.500       500
22.520       576
22.540       533
22.560       490
22.580       513
22.600       556
22.620       560
22.640       560
22.660       480
22.680       493
22.700       520
22.720       510
22.740       556
22.760       496
22.780       513
22.800       596
22.820       526
22.840       500
22.860       500
22.880       480
22.900       510
22.920       556
22.940       576
22.960       506
22.980       550
23.000       516
23.020       533
23.040       553
23.060       510
23.080       616
23.100       443
23.120       453
23.140       533
23.160       583
23.180       483
23.200       523
23.220       516
23.240       453
23.260       530
23.280       540
23.300       456
23.320       520
23.340       476
23.360       570
23.380       407
23.400       523
23.420       420
23.440       423
23.460       500
23.480       546
23.500       443
23.520       566
23.540       460
23.560       476
23.580       520
23.600       513
23.620       576
23.640       493
23.660       583
23.680       476
23.700       566
23.720       490
23.740       573
23.760       493
23.780       506
23.800       503
23.820       493
23.840       430
23.860       470
23.880       473
23.900       460
23.920       500
23.940       480
23.960       503
23.980       493
24.000       470
24.020       506
24.040       446
24.060       543
24.080       483
24.100       503
24.120       443
24.140       503
24.160       490
24.180       550
24.200       553
24.220       367
24.240       493
24.260       516
24.280       490
24.300       520
24.320       446
24.340       496
24.360       483
24.380       443
24.400       500
24.420       430
24.440       500
24.460       480
24.480       493
24.500       466
24.520       456
24.540       473
24.560       496
24.580       413
24.600       460
24.620       460
24.640       436
24.660       500
24.680       403
24.700       466
24.720       500
24.740       433
24.760       476
24.780       426
24.800       530
24.820       473
24.840       410
24.860       570
24.880       536
24.900       513
24.920       456
24.940       493
24.960       433
24.980       423
25.000       466
25.020       413
25.040       440
25.060       340
25.080       377
25.100       363
25.120       343
25.140       506
25.160       413
25.180       443
25.200       466
25.220       353
25.240       407
25.260       413
25.280       410
25.300       417
25.320       380
25.340       337
25.360       367
25.380       353
25.400       273
25.420       313
25.440       367
25.460       360
25.480       426
25.500       413
25.520       347
25.540       320
25.560       343
25.580       400
25.600       353
25.620       343
25.640       343
25.660       360
25.680       230
25.700       310
25.720       307
25.740       267
25.760       313
25.780       267
25.800       240
25.820       257
25.840       293
25.860       290
25.880       260
25.900       277
25.920       253
25.940       240
25.960       250
25.980       260
26.000       223
26.020       227
26.040       257
26.060       257
26.080       230
26.100       250
26.120       200
26.140       233
26.160       213
26.180       250
26.200       223
26.220       213
26.240       320
26.260       223
26.280       273
26.300       230
26.320       213
26.340       200
26.360       273
26.380       223
26.400       190
26.420       267
26.440       200
26.460       200
26.480       193
26.500       213
26.520       220
26.540       213
26.560       260
26.580       207
26.600       183
26.620       203
26.640       180
26.660       203
26.680       280
26.700       230
26.720       227
26.740       207
26.760       200
26.780       270
26.800       227
26.820       207
26.840       180
26.860       177
26.880       180
26.900       183
26.920       190
26.940       177
26.960       177
26.980       180
27.000       180
27.020       210
27.040       190
27.060       220
27.080       187
27.100       207
27.120       180
27.140       210
27.160       193
27.180       190
27.200       163
27.220       150
27.240       200
27.260       183
27.280       183
27.300       170
27.320       163
27.340       213
27.360       177
27.380       193
27.400       187
27.420       177
27.440       197
27.460       203
27.480       173
27.500       183
27.520       207
27.540       173
27.560       183
27.580       167
27.600       163
27.620       217
27.640       207
27.660       167
27.680       137
27.700       160
27.720       190
27.740       153
27.760       167
27.780       167
27.800       153
27.820       140
27.840       140
27.860       180
27.880       157
27.900       173
27.920       177
27.940       163
27.960       157
27.980       127
28.000       133
28.020       157
28.040       173
28.060       193
28.080       137
28.100       147
28.120        97
28.140       143
28.160       170
28.180       123
28.200       183
28.220       183
28.240       133
28.260       133
28.280       110
28.300       143
28.320       197
28.340       183
28.360       140
28.380       127
28.400       153
28.420       110
28.440       160
28.460       147
28.480       160
28.500       167
28.520       167
28.540       113
28.560       163
28.580       143
28.600       137
28.620       137
28.640       117
28.660       127
28.680       117
28.700       130
28.720       133
28.740       153
28.760       173
28.780       147
28.800       147
28.820       140
28.840        90
28.860       133
28.880       157
28.900       147
28.920       113
28.940       117
28.960       120
28.980       113
29.000       120
29.020       173
29.040       150
29.060       147
29.080       130
29.100       133
29.120       147
29.140       120
29.160       130
29.180       150
29.200       130
29.220       153
29.240       143
29.260       163
29.280       187
29.300       193
29.320       237
29.340       313
29.360       237
29.380       327
29.400       363
29.420       287
29.440       270
29.460       213
29.480       187
29.500       190
29.520       147
29.540       120
29.560       133
29.580       130
29.600       153
29.620       107
29.640        83
29.660       140
29.680       137
29.700        70
29.720       117
29.740       110
29.760        77
29.780       140
29.800       117
29.820       120
29.840       110
29.860       130
29.880       133
29.900       117
29.920       163
29.940       127
29.960       137
29.980       130
30.000       120
30.020        97
30.040       143
30.060       160
30.080       133
30.100       117
30.120       117
30.140        97
30.160        87
30.180       107
30.200       100
30.220       117
30.240       143
30.260       133
30.280       100
30.300       170
30.320       123
30.340       140
30.360       113
30.380       127
30.400       113
30.420       107
30.440        97
30.460       110
30.480       143
30.500       110
30.520       127
30.540       143
30.560       137
30.580       157
30.600       127
30.620       137
30.640       173
30.660       130
30.680       113
30.700       150
30.720       120
30.740       117
30.760       140
30.780       107
30.800       167
30.820       150
30.840        97
30.860       157
30.880       183
30.900        87
30.920       200
30.940       160
30.960       123
30.980       140
31.000       157
31.020       203
31.040       250
31.060       283
31.080       313
31.100       317
31.120       347
31.140       333
31.160       397
31.180       310
31.200       303
31.220       280
31.240       190
31.260       280
31.280       193
31.300       213
31.320       190
31.340       147
31.360       170
31.380       187
31.400       160
31.420       143
31.440       140
31.460       130
31.480       137
31.500       143
31.520       227
31.540       123
31.560       153
31.580       177
31.600       160
31.620       163
31.640       120
31.660       170
31.680       157
31.700       163
31.720       183
31.740       147
31.760       207
31.780       230
31.800       273
31.820       323
31.840       390
31.860       333
31.880       413
31.900       393
31.920       443
31.940       430
31.960       606
31.980       540
32.000       546
32.020       700
32.040      1106
32.060      2479
32.080      4918
32.100      6701
32.120      6814
32.140      5151
32.160      2466
32.180      1120
32.200       756
32.220       620
32.240       500
32.260       506
32.280       473
32.300       393
32.320       303
32.340       360
32.360       343
32.380       343
32.400       320
32.420       250
32.440       287
32.460       313
32.480       340
32.500       300
32.520       273
32.540       303
32.560       293
32.580       220
32.600       300
32.620       263
32.640       257
32.660       237
32.680       247
32.700       310
32.720       200
32.740       277
32.760       237
32.780       200
32.800       240
32.820       290
32.840       273
32.860       257
32.880       243
32.900       237
32.920       207
32.940       250
32.960       193
32.980       227
33.000       237
33.020       193
33.040       227
33.060       257
33.080       227
33.100       223
33.120       193
33.140       243
33.160       230
33.180       210
33.200       227
33.220       207
33.240       263
33.260       223
33.280       227
33.300       233
33.320       200
33.340       183
33.360       177
33.380       213
33.400       220
33.420       160
33.440       217
33.460       203
33.480       217
33.500       207
33.520       200
33.540       183
33.560       223
33.580       253
33.600       207
33.620       243
33.640       180
33.660       207
33.680       290
33.700       237
33.720       220
33.740       207
33.760       210
33.780       260
33.800       207
33.820       223
33.840       170
33.860       227
33.880       173
33.900       180
33.920       237
33.940       187
33.960       183
33.980       247
34.000       157
34.020       143
34.040       223
34.060       197
34.080       253
34.100       230
34.120       210
34.140       197
34.160       193
34.180       227
34.200       247
34.220       220
34.240       223
34.260       333
34.280       323
34.300       317
34.320       413
34.340       583
34.360       880
34.380      1266
34.400      1699
34.420      2232
34.440      2319
34.460      2566
34.480      2412
34.500      2609
34.520      2436
34.540      2532
34.560      2602
34.580      2519
34.600      2632
34.620      2512
34.640      2499
34.660      2449
34.680      2509
34.700      2522
34.720      2676
34.740      2509
34.760      2629
34.780      2579
34.800      2596
34.820      2686
34.840      2342
34.860      2452
34.880      2759
34.900      2616
34.920      2726
34.940      2549
34.960      2659
34.980      2552
35.000      2639
35.020      2892
35.040      2729
35.060      2812
35.080      2809
35.100      2866
35.120      3049
35.140      3005
35.160      3179
35.180      3382
35.200      3315
35.220      3309
35.240      3509
35.260      3758
35.280      4022
35.300      4618
35.320      4795
35.340      5295
35.360      6427
35.380      8633
35.400     13041
35.420     20392
35.440     29681
35.460     38814
35.480     45492
35.500     50673
35.520     55041
35.540     62951
35.560     85952
35.580    167346
35.600    292803
35.620    307770
35.640    305058
35.660    310889
35.680    289578
35.700    280058
35.720    294569
35.740    291517
35.760    241620
35.780    121195
35.800     51413
35.820     32444
35.840     23281
35.860     18029
35.880     13808
35.900     10666
35.920      8360
35.940      6987
35.960      6461
35.980      5751
36.000      5338
36.020      4651
36.040      4338
36.060      4522
36.080      4358
36.100      4052
36.120      3922
36.140      3745
36.160      3262
36.180      3435
36.200      3365
36.220      3599
36.240      3079
36.260      3032
36.280      2952
36.300      2982
36.320      2719
36.340      2576
36.360      2596
36.380      2582
36.400      2529
36.420      2606
36.440      2372
36.460      2302
36.480      2396
36.500      2236
36.520      2306
36.540      2362
36.560      2432
36.580      1986
36.600      2289
36.620      2119
36.640      2156
36.660      2106
36.680      1983
36.700      2023
36.720      2119
36.740      1999
36.760      2003
36.780      1986
36.800      2129
36.820      2086
36.840      2023
36.860      2056
36.880      1819
36.900      1926
36.920      1916
36.940      1966
36.960      1906
36.980      1813
37.000      1706
37.020      1783
37.040      1739
37.060      1839
37.080      1826
37.100      1756
37.120      1693
37.140      1809
37.160      1886
37.180      1676
37.200      1683
37.220      1589
37.240      1659
37.260      1559
37.280      1573
37.300      1633
37.320      1743
37.340      1703
37.360      1666
37.380      1543
37.400      1566
37.420      1526
37.440      1646
37.460      1579
37.480      1593
37.500      1516
37.520      1496
37.540      1566
37.560      1629
37.580      1556
37.600      1436
37.620      1453
37.640      1593
37.660      1476
37.680      1506
37.700      1416
37.720      1369
37.740      1436
37.760      1296
37.780      1573
37.800      1266
37.820      1363
37.840      1329
37.860      1359
37.880      1233
37.900      1483
37.920      1469
37.940      1376
37.960      1456
37.980      1356
38.000      1396
38.020      1356
38.040      1299
38.060      1316
38.080      1326
38.100      1309
38.120      1406
38.140      1373
38.160      1283
38.180      1250
38.200      1446
38.220      1439
38.240      1419
38.260      1133
38.280      1233
38.300      1246
38.320      1253
38.340      1213
38.360      1289
38.380      1266
38.400      1106
38.420      1286
38.440      1233
38.460      1286
38.480      1256
38.500      1273
38.520      1183
38.540      1150
38.560      1313
38.580      1273
38.600      1213
38.620      1136
38.640      1266
38.660      1060
38.680      1266
38.700      1246
38.720      1160
38.740      1243
38.760      1196
38.780      1203
38.800      1226
38.820      1040
38.840      1289
38.860      1213
38.880      1153
38.900      1103
38.920      1200
38.940      1123
38.960      1173
38.980      1160
39.000      1130
39.020      1106
39.040      1000
39.060      1086
39.080      1040
39.100      1060
39.120      1173
39.140      1130
39.160       973
39.180      1060
39.200      1060
39.220      1033
39.240      1136
39.260      1076
39.280      1046
39.300       966
39.320      1023
39.340      1090
39.360      1080
39.380       986
39.400      1066
39.420      1040
39.440      1060
39.460      1080
39.480      1043
39.500      1016
39.520      1063
39.540      1096
39.560       966
39.580       943
39.600      1140
39.620       933
39.640      1003
39.660       953
39.680      1076
39.700       973
39.720       900
39.740      1020
39.760       963
39.780      1026
39.800       906
39.820       960
39.840       900
39.860       996
39.880       976
39.900       900
39.920       953
39.940       923
39.960       960
39.980       986
40.000       903
40.020       933
40.040       926
40.060       920
40.080       980
40.100       876
40.120       876
40.140      1006
40.160       840
40.180       920
40.200       886
40.220       936
40.240       843
40.260       910
40.280       946
40.300       953
40.320       900
40.340       863
40.360       850
40.380       896
40.400       853
40.420       906
40.440       873
40.460       886
40.480       846
40.500       860
40.520       930
40.540       886
40.560       840
40.580       883
40.600       946
40.620       836
40.640       986
40.660       866
40.680       840
40.700       933
40.720       870
40.740       750
40.760       903
40.780       806
40.800       860
40.820       813
40.840       833
40.860       803
40.880       813
40.900       936
40.920       740
40.940       810
40.960       826
40.980       823
41.000       790
41.020       853
41.040       856
41.060       780
41.080       786
41.100       853
41.120       853
41.140       833
41.160       776
41.180       833
41.200       733
41.220       763
41.240       820
41.260       816
41.280       713
41.300       826
41.320       766
41.340       730
41.360       716
41.380       756
41.400       763
41.420       690
41.440       783
41.460       683
41.480       716
41.500       753
41.520       826
41.540       753
41.560       756
41.580       673
41.600       766
41.620       710
41.640       696
41.660       636
41.680       716
41.700       683
41.720       720
41.740       733
41.760       740
41.780       660
41.800       726
41.820       710
41.840       713
41.860       793
41.880       680
41.900       700
41.920       733
41.940       723
41.960       576
41.980       673
42.000       696
42.020       703
42.040       673
42.060       650
42.080       720
42.100       736
42.120       553
42.140       643
42.160       680
42.180       623
42.200       656
42.220       700
42.240       686
42.260       616
42.280       600
42.300       720
42.320       713
42.340       663
42.360       563
42.380       533
42.400       666
42.420       573
42.440       713
42.460       630
42.480       700
42.500       696
42.520       660
42.540       613
42.560       590
42.580       600
42.600       610
42.620       636
42.640       630
42.660       683
42.680       623
42.700       600
42.720       726
42.740       636
42.760       566
42.780       626
42.800       593
42.820       586
42.840       600
42.860       556
42.880       633
42.900       573
42.920       580
42.940       556
42.960       543
42.980       570
43.000       573
43.020       650
43.040       576
43.060       616
43.080       490
43.100       563
43.120       600
43.140       633
43.160       600
43.180       586
43.200       533
43.220       496
43.240       550
43.260       593
43.280       683
43.300       516
43.320       526
43.340       536
43.360       543
43.380       623
43.400       516
43.420       543
43.440       530
43.460       530
43.480       530
43.500       543
43.520       516
43.540       426
43.560       530
43.580       530
43.600       540
43.620       510
43.640       433
43.660       456
43.680       426
43.700       473
43.720       540
43.740       506
43.760       407
43.780       520
43.800       423
43.820       446
43.840       510
43.860       436
43.880       536
43.900       506
43.920       513
43.940       463
43.960       456
43.980       476
44.000       446
44.020       446
44.040       453
44.060       466
44.080       436
44.100       443
44.120       540
44.140       413
44.160       503
44.180       506
44.200       493
44.220       407
44.240       446
44.260       520
44.280       436
44.300       486
44.320       446
44.340       436
44.360       446
44.380       470
44.400       443
44.420       423
44.440       493
44.460       456
44.480       433
44.500       407
44.520       407
44.540       460
44.560       450
44.580       476
44.600       397
44.620       403
44.640       433
44.660       480
44.680       407
44.700       460
44.720       413
44.740       490
44.760       456
44.780       377
44.800       443
44.820       466
44.840       456
44.860       436
44.880       493
44.900       443
44.920       430
44.940       387
44.960       347
44.980       347
45.000       377
45.020       370
45.040       393
45.060       347
45.080       400
45.100       327
45.120       417
45.140       390
45.160       400
45.180       423
45.200       410
45.220       367
45.240       423
45.260       370
45.280       446
45.300       383
45.320       400
45.340       387
45.360       407
45.380       410
45.400       390
45.420       380
45.440       367
45.460       327
45.480       420
45.500       433
45.520       407
45.540       337
45.560       426
45.580       347
45.600       317
45.620       350
45.640       323
45.660       310
45.680       403
45.700       417
45.720       340
45.740       373
45.760       360
45.780       353
45.800       323
45.820       230
45.840       343
45.860       353
45.880       387
45.900       317
45.920       340
45.940       333
45.960       333
45.980       403
46.000       300
46.020       330
46.040       367
46.060       297
46.080       290
46.100       353
46.120       340
46.140       330
46.160       347
46.180       317
46.200       287
46.220       330
46.240       373
46.260       307
46.280       333
46.300       283
46.320       330
46.340       313
46.360       253
46.380       333
46.400       323
46.420       310
46.440       297
46.460       350
46.480       343
46.500       313
46.520       357
46.540       277
46.560       300
46.580       257
46.600       277
46.620       343
46.640       277
46.660       280
46.680       307
46.700       247
46.720       327
46.740       337
46.760       313
46.780       297
46.800       340
46.820       323
46.840       320
46.860       273
46.880       267
46.900       203
46.920       260
46.940       297
46.960       267
46.980       327
47.000       280
47.020       287
47.040       270
47.060       273
47.080       273
47.100       273
47.120       317
47.140       263
47.160       327
47.180       323
47.200       313
47.220       287
47.240       220
47.260       297
47.280       300
47.300       213
47.320       270
47.340       307
47.360       260
47.380       313
47.400       287
47.420       317
47.440       277
47.460       347
47.480       320
47.500       297
47.520       333
47.540       310
47.560       267
47.580       330
47.600       300
47.620       297
47.640       250
47.660       307
47.680       257
47.700       227
47.720       310
47.740       247
47.760       310
47.780       270
47.800       277
47.820       230
47.840       247
47.860       257
47.880       247
47.900       227
47.920       237
47.940       290
47.960       180
47.980       223
48.000       230
48.020       260
48.040       303
48.060       213
48.080       227
48.100       307
48.120       267
48.140       283
48.160       287
48.180       250
48.200       237
48.220       197
48.240       230
48.260       270
48.280       310
48.300       243
48.320       273
48.340       247
48.360       243
48.380       273
48.400       237
48.420       310
48.440       277
48.460       227
48.480       270
48.500       330
48.520       320
48.540       310
48.560       290
48.580       303
48.600       317
48.620       290
48.640       287
48.660       240
48.680       233
48.700       220
48.720       190
48.740       220
48.760       227
48.780       233
48.800       290
48.820       237
48.840       223
48.860       207
48.880       207
48.900       237
48.920       193
48.940       233
48.960       243
48.980       227
49.000       223
49.020       247
49.040       223
49.060       187
49.080       200
49.100       203
49.120       177
49.140       190
49.160       167
49.180       243
49.200       233
49.220       240
49.240       233
49.260       223
49.280       177
49.300       220
49.320       240
49.340       197
49.360       223
49.380       213
49.400       213
49.420       240
49.440       230
49.460       220
49.480       230
49.500       170
49.520       190
49.540       167
49.560       193
49.580       200
49.600       187
49.620       220
49.640       210
49.660       183
49.680       193
49.700       253
49.720       237
49.740       200
49.760       200
49.780       173
49.800       237
49.820       190
49.840       207
49.860       180
49.880       227
49.900       247
49.920       193
49.940       227
49.960       200
49.980       217
50.000       157
50.020       193
50.040       223
50.060       197
50.080       190
50.100       187
50.120       183
50.140       193
50.160       250
50.180       193
50.200       187
50.220       190
50.240       140
50.260       170
50.280       210
50.300       250
50.320       180
50.340       187
50.360       190
50.380       187
50.400       203
50.420       190
50.440       213
50.460       183
50.480       153
50.500       197
50.520       157
50.540       147
50.560       180
50.580       200
50.600       103
50.620       150
50.640       180
50.660       210
50.680       170
50.700       200
50.720       167
50.740       157
50.760       177
50.780       183
50.800       180
50.820       150
50.840       167
50.860       140
50.880       187
50.900       163
50.920       203
50.940       200
50.960       167
50.980       177
51.000       183
51.020       167
51.040       230
51.060       180
51.080       187
51.100       160
51.120       167
51.140       127
51.160       177
51.180       137
51.200       187
51.220       167
51.240       203
51.260       150
51.280       197
51.300       207
51.320       137
51.340       217
51.360       127
51.380       157
51.400       143
51.420       183
51.440       133
51.460       157
51.480       160
51.500       203
51.520       150
51.540       120
51.560       190
51.580       150
51.600       140
51.620       163
51.640       167
51.660       157
51.680       173
51.700       150
51.720       213
51.740       167
51.760       150
51.780       177
51.800       177
51.820       143
51.840       140
51.860       183
51.880       200
51.900       143
51.920       150
51.940       133
51.960       200
51.980       140
52.000       147
52.020       180
52.040       137
52.060       153
52.080       117
52.100       130
52.120       140
52.140       150
52.160       130
52.180       153
52.200       130
52.220       123
52.240       177
52.260       157
52.280       143
52.300       137
52.320       147
52.340       153
52.360       143
52.380       153
52.400       150
52.420       180
52.440       133
52.460       157
52.480       177
52.500       157
52.520       190
52.540       130
52.560       147
52.580       127
52.600       177
52.620       153
52.640       127
52.660       190
52.680        77
52.700       167
52.720       140
52.740       117
52.760       157
52.780       130
52.800       170
52.820       113
52.840       167
52.860       150
52.880       140
52.900       140
52.920       157
52.940       113
52.960       117
52.980       133
53.000       167
53.020       157
53.040       160
53.060       150
53.080       147
53.100       150
53.120       107
53.140       153
53.160       187
53.180       110
53.200       140
53.220       150
53.240        97
53.260       157
53.280       137
53.300       127
53.320       123
53.340       157
53.360       120
53.380       133
53.400       157
53.420       130
53.440       100
53.460       100
53.480       117
53.500       137
53.520       110
53.540       140
53.560       117
53.580       177
53.600        93
53.620       147
53.640       127
53.660       120
53.680        90
53.700       153
53.720       183
53.740       223
53.760       127
53.780       173
53.800       167
53.820       117
53.840       163
53.860       170
53.880       130
53.900       163
53.920       127
53.940       147
53.960       130
53.980       113
54.000       123
54.020       130
54.040       147
54.060       143
54.080       100
54.100       107
54.120        90
54.140       143
54.160       140
54.180        80
54.200       120
54.220       140
54.240       133
54.260        97
54.280       103
54.300       147
54.320       110
54.340       157
54.360       103
54.380       130
54.400       110
54.420       137
54.440       143
54.460       133
54.480       130
54.500       140
54.520       130
54.540       110
54.560       133
54.580       200
54.600       160
54.620       227
54.640       217
54.660       157
54.680       133
54.700       123
54.720       147
54.740       167
54.760       137
54.780       147
54.800       143
54.820       160
54.840       110
54.860       147
54.880       127
54.900       140
54.920       113
54.940       100
54.960       113
54.980       110
55.000       157
55.020       120
55.040       117
55.060       120
55.080       100
55.100       133
55.120       143
55.140       137
55.160       140
55.180       100
55.200       123
55.220       110
55.240       143
55.260       163
55.280       157
55.300       120
55.320       140
55.340       167
55.360       120
55.380       160
55.400       163
55.420       167
55.440       170
55.460       147
55.480       160
55.500       143
55.520       143
55.540       187
55.560       147
55.580       143
55.600       163
55.620       167
55.640       157
55.660       170
55.680       153
55.700       107
55.720       113
55.740        93
55.760       120
55.780       123
55.800       160
55.820       160
55.840       103
55.860       160
55.880       117
55.900       110
55.920        90
55.940       117
55.960       113
55.980       113
56.000       100
56.020       103
56.040       117
56.060       140
56.080       110
56.100       110
56.120       120
56.140       117
56.160       130
56.180        90
56.200       113
56.220       110
56.240        97
56.260       110
56.280       120
56.300       153
56.320        90
56.340       123
56.360       130
56.380        90
56.400       117
56.420       137
56.440       133
56.460       143
56.480        73
56.500       127
56.520       103
56.540        90
56.560       137
56.580       147
56.600       137
56.620       120
56.640       113
56.660       147
56.680       113
56.700       103
56.720       113
56.740       117
56.760       117
56.780       147
56.800       127
56.820       110
56.840       133
56.860       130
56.880       130
56.900        93
56.920       157
56.940       100
56.960       123
56.980       113
57.000       143
57.020       130
57.040        93
57.060       103
57.080        87
57.100       130
57.120       100
57.140        73
57.160       143
57.180       127
57.200        97
57.220       133
57.240        97
57.260       153
57.280       130
57.300        87
57.320       107
57.340       123
57.360       117
57.380       140
57.400       167
57.420       153
57.440       110
57.460       110
57.480        97
57.500       113
57.520       113
57.540       100
57.560       143
57.580       103
57.600       117
57.620        97
57.640       130
57.660       113
57.680       107
57.700       117
57.720       133
57.740       113
57.760        93
57.780       120
57.800       113
57.820       103
57.840        93
57.860       110
57.880       140
57.900       110
57.920       100
57.940        90
57.960       117
57.980        93
58.000        83
58.020       110
58.040       103
58.060       120
58.080        93
58.100       103
58.120        80
58.140        90
58.160       123
58.180       130
58.200       113
58.220       113
58.240       120
58.260        87
58.280        67
58.300       130
58.320       117
58.340       117
58.360       120
58.380        97
58.400       113
58.420        63
58.440       110
58.460        73
58.480       107
58.500        87
58.520        73
58.540       117
58.560       100
58.580        83
58.600        97
58.620        97
58.640       107
58.660       127
58.680       107
58.700       130
58.720        97
58.740       133
58.760       110
58.780        90
58.800        90
58.820       127
58.840       103
58.860       113
58.880       120
58.900        90
58.920       107
58.940       103
58.960       120
58.980        87
59.000       123
59.020        97
59.040        73
59.060        77
59.080       107
59.100       153
59.120        87
59.140        93
59.160       127
59.180       107
59.200        77
59.220        93
59.240        93
59.260       110
59.280        90
59.300       120
59.320        87
59.340       123
59.360       103
59.380        60
59.400       100
59.420        93
59.440        93
59.460        93
59.480        73
59.500        93
59.520        70
59.540       153
59.560       100
59.580       100
59.600        87
59.620        97
59.640        80
59.660        77
59.680        67
59.700       103
59.720        90
59.740       120
59.760       110
59.780        93
59.800        67
59.820       100
59.840        93
59.860       173
59.880        77
59.900        77
59.920        60
59.940        97
59.960        43
59.980         0
60.000         0
