20.000         0
20.020         0
20.040         0
20.060         0
20.080         0
20.100         0
20.120         0
20.140         0
20.160         0
20.180         0
20.200         0
20.220       110
20.240       277
20.260       203
20.280       250
20.300       290
20.320       247
20.340       250
20.360       237
20.380       257
20.400       240
20.420       213
20.440       237
20.460       210
20.480       223
20.500       220
20.520       180
20.540       283
20.560       210
20.580       197
20.600       237
20.620       233
20.640       223
20.660       207
20.680       177
20.700       200
20.720       203
20.740       217
20.760       207
20.780       240
20.800       183
20.820       240
20.840       237
20.860       230
20.880       177
20.900       233
20.920       230
20.940       243
20.960       220
20.980       210
21.000       293
21.020       250
21.040       220
21.060       263
21.080       197
21.100       263
21.120       220
21.140       273
21.160       230
21.180       207
21.200       293
21.220       220
21.240       263
21.260       200
21.280       257
21.300       217
21.320       240
21.340       207
21.360       250
21.380       210
21.400       180
21.420       250
21.440       200
21.460       233
21.480       257
21.500       213
21.520       230
21.540       240
21.560       190
21.580       173
21.600       240
21.620       240
21.640       260
21.660       207
21.680       227
21.700       180
21.720       193
21.740       217
21.760       233
21.780       167
21.800       227
21.820       187
21.840       223
21.860       243
21.880       223
21.900       207
21.920       197
21.940       190
21.960       213
21.980       213
22.000       200
22.020       217
22.040       250
22.060       187
22.080       153
22.100       217
22.120       223
22.140       210
22.160       203
22.180       177
22.200       227
22.220       213
22.240       230
22.260       217
22.280       207
22.300       197
22.320       170
22.340       197
22.360       240
22.380       193
22.400       160
22.420       133
22.440       190
22.460       170
22.480       157
22.500       197
22.520       203
22.540       163
22.560       193
22.580       203
22.600       190
22.620       223
22.640       193
22.660       183
22.680       183
22.700       207
22.720       190
22.740       190
22.760       167
22.780       163
22.800       220
22.820       210
22.840       173
22.860       200
22.880       190
22.900       150
22.920       173
22.940       210
22.960       160
22.980       207
23.000       230
23.020       183
23.040       193
23.060       200
23.080       183
23.100       203
23.120       213
23.140       180
23.160       190
23.180       200
23.200       153
23.220       137
23.240       203
23.260       150
23.280       203
23.300       183
23.320       127
23.340       157
23.360       163
23.380       193
23.400       157
23.420       187
23.440       150
23.460       187
23.480       177
23.500       140
23.520       173
23.540       163
23.560       227
23.580       180
23.600       213
23.620       203
23.640       173
23.660       200
23.680       197
23.700       213
23.720       180
23.740       210
23.760       163
23.780       213
23.800       167
23.820       223
23.840       213
23.860       177
23.880       203
23.900       133
23.920       210
23.940       167
23.960       177
23.980       120
24.000       150
24.020       217
24.040       143
24.060       127
24.080       130
24.100       187
24.120       200
24.140       193
24.160       113
24.180       180
24.200       147
24.220       187
24.240       190
24.260       137
24.280       183
24.300       147
24.320       153
24.340       157
24.360       190
24.380       170
24.400       217
24.420       127
24.440       133
24.460       130
24.480       197
24.500       150
24.520       230
24.540       160
24.560       157
24.580       160
24.600       127
24.620       163
24.640       207
24.660       240
24.680       187
24.700       163
24.720       227
24.740       260
24.760       250
24.780       310
24.800       270
24.820       307
24.840       343
24.860       217
24.880       273
24.900       263
24.920       207
24.940       237
24.960       187
24.980       213
25.000       230
25.020       177
25.040       203
25.060       147
25.080       150
25.100       170
25.120       183
25.140       170
25.160       167
25.180       123
25.200       190
25.220       200
25.240       173
25.260       167
25.280       133
25.300       163
25.320       180
25.340       150
25.360       197
25.380       140
25.400       107
25.420       143
25.440       170
25.460       120
25.480       137
25.500       137
25.520       173
25.540       143
25.560       127
25.580       180
25.600       143
25.620       143
25.640       153
25.660       113
25.680       150
25.700       103
25.720       153
25.740       157
25.760       187
25.780       133
25.800       147
25.820       140
25.840       173
25.860       127
25.880       103
25.900       110
25.920       130
25.940       190
25.960       123
25.980       143
26.000       183
26.020       177
26.040       127
26.060       150
26.080       120
26.100       170
26.120       113
26.140       127
26.160       117
26.180       200
26.200       153
26.220       133
26.240       153
26.260       180
26.280       183
26.300       160
26.320       143
26.340       157
26.360       127
26.380       127
26.400       137
26.420       123
26.440       143
26.460       190
26.480        97
26.500       183
26.520       140
26.540       150
26.560       133
26.580       180
26.600       113
26.620        93
26.640       157
26.660       157
26.680       143
26.700       147
26.720       133
26.740       140
26.760       167
26.780       100
26.800       163
26.820       120
26.840       130
26.860        90
26.880       120
26.900       113
26.920       123
26.940       133
26.960       103
26.980       117
27.000       167
27.020       117
27.040       163
27.060        90
27.080       180
27.100       153
27.120       103
27.140       150
27.160       140
27.180       113
27.200       137
27.220       110
27.240        97
27.260       137
27.280       110
27.300       127
27.320       113
27.340       117
27.360       113
27.380       130
27.400       140
27.420       110
27.440       103
27.460       163
27.480       127
27.500        93
27.520        90
27.540       140
27.560       113
27.580       120
27.600       123
27.620       117
27.640        97
27.660       117
27.680        93
27.700       113
27.720       157
27.740       103
27.760       107
27.780       120
27.800       133
27.820       137
27.840       100
27.860        90
27.880       113
27.900       147
27.920        93
27.940       107
27.960       127
27.980       113
28.000       127
28.020        97
28.040       107
28.060        77
28.080       120
28.100       110
28.120       100
28.140       103
28.160       120
28.180       113
28.200       110
28.220       120
28.240       113
28.260       127
28.280       113
28.300       117
28.320       117
28.340       130
28.360       100
28.380       133
28.400        73
28.420        87
28.440       137
28.460       137
28.480        93
28.500       133
28.520       117
28.540       123
28.560        93
28.580       133
28.600       120
28.620        83
28.640       103
28.660        70
28.680       140
28.700       117
28.720       120
28.740       170
28.760        83
28.780       103
28.800       113
28.820       147
28.840       127
28.860       107
28.880       143
28.900       140
28.920       110
28.940       107
28.960       117
28.980       167
29.000       117
29.020       140
29.040       153
29.060       177
29.080       170
29.100       150
29.120       173
29.140       183
29.160       180
29.180       230
29.200       227
29.220       250
29.240       197
29.260       257
29.280       270
29.300       277
29.320       393
29.340       430
29.360       436
29.380       446
29.400       433
29.420       300
29.440       253
29.460       260
29.480       210
29.500       187
29.520       157
29.540       140
29.560       110
29.580        77
29.600       113
29.620       110
29.640       110
29.660       123
29.680        97
29.700       113
29.720       107
29.740       100
29.760       137
29.780       103
29.800       103
29.820       110
29.840       140
29.860        83
29.880       127
29.900       123
29.920       123
29.940       133
29.960       120
29.980       110
30.000       100
30.020        93
30.040       107
30.060       147
30.080       130
30.100       103
30.120       123
30.140        93
30.160        97
30.180        80
30.200        83
30.220        77
30.240        97
30.260       113
30.280        97
30.300        87
30.320        93
30.340       100
30.360       127
30.380        97
30.400        80
30.420       117
30.440        77
30.460       107
30.480       123
30.500       120
30.520       107
30.540       170
30.560       167
30.580       117
30.600       167
30.620       180
30.640       173
30.660       197
30.680       247
30.700       290
30.720       300
30.740       363
30.760       367
30.780       270
30.800       297
30.820       310
30.840       257
30.860       273
30.880       200
30.900       177
30.920       163
30.940       130
30.960       117
30.980       103
31.000       103
31.020       120
31.040       100
31.060        90
31.080       113
31.100       100
31.120        80
31.140       157
31.160        73
31.180        90
31.200        73
31.220       107
31.240        93
31.260        90
31.280        77
31.300        77
31.320        97
31.340       100
31.360       100
31.380        87
31.400       100
31.420        83
31.440       120
31.460       110
31.480        87
31.500        87
31.520       120
31.540        87
31.560        80
31.580        90
31.600       117
31.620        90
31.640        77
31.660        90
31.680        83
31.700        83
31.720        87
31.740        87
31.760        97
31.780        77
31.800       113
31.820       117
31.840        80
31.860        90
31.880        90
31.900        90
31.920        87
31.940        90
31.960       137
31.980        70
32.000        60
32.020        93
32.040        90
32.060        70
32.080        83
32.100       100
32.120       103
32.140       103
32.160       110
32.180        83
32.200        90
32.220       100
32.240       117
32.260        83
32.280        70
32.300        87
32.320        97
32.340        77
32.360        47
32.380        63
32.400        70
32.420       113
32.440        60
32.460        87
32.480        47
32.500        87
32.520        67
32.540        87
32.560        70
32.580       100
32.600        90
32.620        70
32.640       100
32.660       100
32.680        60
32.700        93
32.720        67
32.740       103
32.760        87
32.780        60
32.800        60
32.820        70
32.840        93
32.860        93
32.880        73
32.900        73
32.920        83
32.940        83
32.960        47
32.980       100
33.000        80
33.020        97
33.040        93
33.060        90
33.080        97
33.100        70
33.120        93
33.140        97
33.160       103
33.180        83
33.200        87
33.220        50
33.240        47
33.260        67
33.280        83
33.300        70
33.320        83
33.340        60
33.360        57
33.380        73
33.400        83
33.420        63
33.440        90
33.460        83
33.480        93
33.500        57
33.520        60
33.540        43
33.560        80
33.580        57
33.600        83
33.620        47
33.640        90
33.660        80
33.680        40
33.700        73
33.720        37
33.740        67
33.760       100
33.780       103
33.800        70
33.820        57
33.840        63
33.860        93
33.880        77
33.900        73
33.920        73
33.940        77
33.960        93
33.980        80
34.000       100
34.020        80
34.040        43
34.060        73
34.080        93
34.100        80
34.120        63
34.140        70
34.160        77
34.180        80
34.200        73
34.220       107
34.240       100
34.260        73
34.280        77
34.300        70
34.320        87
34.340        83
34.360        80
34.380        33
34.400        57
34.420        77
34.440        87
34.460        93
34.480        70
34.500        67
34.520        73
34.540       110
34.560        53
34.580        80
34.600        87
34.620        40
34.640        73
34.660        73
34.680        67
34.700        97
34.720        77
34.740        83
34.760       120
34.780       100
34.800       103
34.820       103
34.840        83
34.860        93
34.880        83
34.900        73
34.920        80
34.940        80
34.960       127
34.980        93
35.000        63
35.020        97
35.040        70
35.060        57
35.080        63
35.100        73
35.120        77
35.140        80
35.160        57
35.180        70
35.200        97
35.220        93
35.240        73
35.260        80
35.280       110
35.300        77
35.320        70
35.340        80
35.360        83
35.380        80
35.400       117
35.420        83
35.440       110
35.460       103
35.480       107
35.500        97
35.520        97
35.540       117
35.560       147
35.580        93
35.600       123
35.620       170
35.640       183
35.660       227
35.680       217
35.700       187
35.720       210
35.740       210
35.760       147
35.780       180
35.800       110
35.820       123
35.840       110
35.860       140
35.880       130
35.900       177
35.920       113
35.940       143
35.960       127
35.980       127
36.000       123
36.020       137
36.040       110
36.060        87
36.080       100
36.100        90
36.120       100
36.140        57
36.160        87
36.180        83
36.200       100
36.220        80
36.240        73
36.260        87
36.280        73
36.300        67
36.320        90
36.340        60
36.360        90
36.380       100
36.400        77
36.420        77
36.440        77
36.460        97
36.480        83
36.500        50
36.520        57
36.540        73
36.560        63
36.580        93
36.600        80
36.620        67
36.640        67
36.660        63
36.680        53
36.700       100
36.720        87
36.740        83
36.760       117
36.780        90
36.800        97
36.820        70
36.840        70
36.860        67
36.880       110
36.900        67
36.920        67
36.940        40
36.960        83
36.980        67
37.000        77
37.020        60
37.040        70
37.060        57
37.080        70
37.100        70
37.120        63
37.140        67
37.160        60
37.180        73
37.200        73
37.220        90
37.240        60
37.260        50
37.280        87
37.300        83
37.320       100
37.340        80
37.360        63
37.380        97
37.400        93
37.420       103
37.440        87
37.460       103
37.480        70
37.500        90
37.520        67
37.540        80
37.560        80
37.580        83
37.600        77
37.620        77
37.640       107
37.660       137
37.680       103
37.700       120
37.720       113
37.740       133
37.760       143
37.780       193
37.800       213
37.820       260
37.840       293
37.860       373
37.880       440
37.900       446
37.920       660
37.940       626
37.960       670
37.980       550
38.000       553
38.020       407
38.040       436
38.060       367
38.080       290
38.100       270
38.120       180
38.140       147
38.160       120
38.180        87
38.200       133
38.220       107
38.240        63
38.260       107
38.280       107
38.300       107
38.320        63
38.340        97
38.360       113
38.380        93
38.400       100
38.420       117
38.440        80
38.460        93
38.480        83
38.500        93
38.520       100
38.540       100
38.560       103
38.580        60
38.600        60
38.620        60
38.640        57
38.660        87
38.680        87
38.700        80
38.720        83
38.740        73
38.760        83
38.780        60
38.800        97
38.820        70
38.840        70
38.860        63
38.880        77
38.900       100
38.920        77
38.940        67
38.960        67
38.980        77
39.000        87
39.020        97
39.040        93
39.060        60
39.080        90
39.100        93
39.120        73
39.140       123
39.160        93
39.180       120
39.200       123
39.220       123
39.240       143
39.260       147
39.280       180
39.300       170
39.320       133
39.340       167
39.360       130
39.380       120
39.400       123
39.420       143
39.440       160
39.460        73
39.480        70
39.500        77
39.520        73
39.540       110
39.560       103
39.580        80
39.600        73
39.620        60
39.640        87
39.660        67
39.680        60
39.700        83
39.720        70
39.740        77
39.760        80
39.780        63
39.800        70
39.820        57
39.840        90
39.860        60
39.880        70
39.900        83
39.920        57
39.940        90
39.960        63
39.980        40
40.000        53
40.020        70
40.040        60
40.060        47
40.080        77
40.100        67
40.120        63
40.140        57
40.160        60
40.180        83
40.200        73
40.220        70
40.240        73
40.260        60
40.280        87
40.300        77
40.320        67
40.340        70
40.360        70
40.380        73
40.400        60
40.420        53
40.440        57
40.460        70
40.480        83
40.500        70
40.520        60
40.540        63
40.560        47
40.580        53
40.600        70
40.620        53
40.640        50
40.660        77
40.680        90
40.700        57
40.720        43
40.740        77
40.760        80
40.780        63
40.800        70
40.820        50
40.840        77
40.860        40
40.880        77
40.900        53
40.920        63
40.940        60
40.960        73
40.980        60
41.000        90
41.020        83
41.040        53
41.060        73
41.080        80
41.100        77
41.120        77
41.140        60
41.160        60
41.180        70
41.200        57
41.220        67
41.240        60
41.260        57
41.280        70
41.300        63
41.320        57
41.340        63
41.360        63
41.380        73
41.400        57
41.420        67
41.440        50
41.460        77
41.480        93
41.500        50
41.520        70
41.540        73
41.560        97
41.580        40
41.600        63
41.620        93
41.640        57
41.660        63
41.680        67
41.700        87
41.720        67
41.740        63
41.760        30
41.780        57
41.800        50
41.820        80
41.840        57
41.860        37
41.880        53
41.900        47
41.920        77
41.940       117
41.960        63
41.980        70
42.000        70
42.020        67
42.040        43
42.060        97
42.080        63
42.100        83
42.120        70
42.140        57
42.160        70
42.180        47
42.200        53
42.220        53
42.240        77
42.260        97
42.280        67
42.300        83
42.320        60
42.340        50
42.360        77
42.380        57
42.400        73
42.420        83
42.440        87
42.460        53
42.480        67
42.500        87
42.520        63
42.540        73
42.560        37
42.580        73
42.600        90
42.620        63
42.640        90
42.660        60
42.680        67
42.700        80
42.720        93
42.740        80
42.760        87
42.780        57
42.800       127
42.820        60
42.840        90
42.860        90
42.880        63
42.900        87
42.920        83
42.940        70
42.960       103
42.980        87
43.000        90
43.020       107
43.040       140
43.060        93
43.080       127
43.100       140
43.120       143
43.140       107
43.160       113
43.180       133
43.200       117
43.220       130
43.240        97
43.260       117
43.280        73
43.300        83
43.320        70
43.340        77
43.360        80
43.380        70
43.400        60
43.420        37
43.440        70
43.460        67
43.480        60
43.500        93
43.520        77
43.540        70
43.560        83
43.580        67
43.600        77
43.620        53
43.640        70
43.660        43
43.680        47
43.700        43
43.720        67
43.740        73
43.760        83
43.780        87
43.800        83
43.820        67
43.840        70
43.860        70
43.880        57
43.900       100
43.920        63
43.940        67
43.960        90
43.980        47
44.000        80
44.020        60
44.040        80
44.060       117
44.080        70
44.100        60
44.120        80
44.140        77
44.160        60
44.180        77
44.200        77
44.220        90
44.240        93
44.260        80
44.280       103
44.300        83
44.320        73
44.340        47
44.360        67
44.380        53
44.400        57
44.420        47
44.440        47
44.460        60
44.480        90
44.500        53
44.520        53
44.540        57
44.560        63
44.580        77
44.600        33
44.620        40
44.640        80
44.660        67
44.680        80
44.700        73
44.720        53
44.740        70
44.760        53
44.780        57
44.800        63
44.820        57
44.840        57
44.860        43
44.880        67
44.900        63
44.920        57
44.940        57
44.960        57
44.980        60
45.000        73
45.020        67
45.040        60
45.060        97
45.080        70
45.100        83
45.120        73
45.140        70
45.160        63
45.180        83
45.200        70
45.220        73
45.240        63
45.260        63
45.280        80
45.300        60
45.320        57
45.340        87
45.360        67
45.380        67
45.400        47
45.420        97
45.440       110
45.460        70
45.480        80
45.500        37
45.520        77
45.540        87
45.560        93
45.580        70
45.600        47
45.620        60
45.640        63
45.660        87
45.680        47
45.700        57
45.720        63
45.740        40
45.760        70
45.780        80
45.800        67
45.820        87
45.840        33
45.860        67
45.880        73
45.900        47
45.920        73
45.940        27
45.960        73
45.980        77
46.000        60
46.020        57
46.040        43
46.060        50
46.080        70
46.100        60
46.120        60
46.140        43
46.160        57
46.180        57
46.200        60
46.220        73
46.240        50
46.260        63
46.280        70
46.300        60
46.320        33
46.340        70
46.360        53
46.380        33
46.400        47
46.420        70
46.440        67
46.460        70
46.480        47
46.500        73
46.520        47
46.540        37
46.560        70
46.580       103
46.600        47
46.620        63
46.640        67
46.660        63
46.680        83
46.700        57
46.720        77
46.740        80
46.760        70
46.780        80
46.800       103
46.820       100
46.840        60
46.860        80
46.880        67
46.900        73
46.920        57
46.940        57
46.960       103
46.980       100
47.000       123
47.020       120
47.040        70
47.060        80
47.080       120
47.100       130
47.120       117
47.140       107
47.160       117
47.180       133
47.200       117
47.220        60
47.240        90
47.260       120
47.280       157
47.300       117
47.320       157
47.340       120
47.360       137
47.380       163
47.400       157
47.420       150
47.440       190
47.460       180
47.480       177
47.500       137
47.520       160
47.540       160
47.560       157
47.580       123
47.600       153
47.620       120
47.640       103
47.660       110
47.680        87
47.700        90
47.720       107
47.740        90
47.760        70
47.780        87
47.800        53
47.820        73
47.840        57
47.860        70
47.880        83
47.900       100
47.920        70
47.940        70
47.960        77
47.980        70
48.000        83
48.020        90
48.040        90
48.060        97
48.080        90
48.100        73
48.120        80
48.140        87
48.160        83
48.180        80
48.200        77
48.220        90
48.240       123
48.260       123
48.280       123
48.300       123
48.320       113
48.340        87
48.360       120
48.380       150
48.400       127
48.420       140
48.440       153
48.460       150
48.480       160
48.500       177
48.520       150
48.540       143
48.560       123
48.580       143
48.600       120
48.620       127
48.640       103
48.660        83
48.680        70
48.700        40
48.720        83
48.740        73
48.760        57
48.780        80
48.800        60
48.820        40
48.840        97
48.860        77
48.880        70
48.900        63
48.920        60
48.940        70
48.960       113
48.980        57
49.000        63
49.020        50
49.040        50
49.060        77
49.080        67
49.100        57
49.120        50
49.140        53
49.160        80
49.180        73
49.200        53
49.220        60
49.240        80
49.260        73
49.280        80
49.300        63
49.320        83
49.340        83
49.360        50
49.380        80
49.400        57
49.420        63
49.440        60
49.460        77
49.480        40
49.500        70
49.520        63
49.540        83
49.560        53
49.580        77
49.600        80
49.620        50
49.640        50
49.660        93
49.680        63
49.700        87
49.720        80
49.740        70
49.760        83
49.780        63
49.800        67
49.820        57
49.840        60
49.860        53
49.880        57
49.900        60
49.920        83
49.940        60
49.960        47
49.980        53
50.000        47
50.020        90
50.040        67
50.060        70
50.080        60
50.100        63
50.120        70
50.140        83
50.160        47
50.180        50
50.200        53
50.220        80
50.240        70
50.260        77
50.280        50
50.300        90
50.320        70
50.340        67
50.360        77
50.380        87
50.400        90
50.420        50
50.440        30
50.460        57
50.480        73
50.500        70
50.520        63
50.540        47
50.560        60
50.580        53
50.600        50
50.620        67
50.640        67
50.660        70
50.680        23
50.700        53
50.720        47
50.740       100
50.760        63
50.780        83
50.800        60
50.820        57
50.840        80
50.860        67
50.880        63
50.900        73
50.920        73
50.940        60
50.960        63
50.980       100
51.000        60
51.020        83
51.040        93
51.060        97
51.080        83
51.100        50
51.120        70
51.140        70
51.160        63
51.180        87
51.200        77
51.220        73
51.240        50
51.260        73
51.280        73
51.300        63
51.320        83
51.340        43
51.360        40
51.380        83
51.400       100
51.420        43
51.440        40
51.460        70
51.480        73
51.500        60
51.520        70
51.540        57
51.560        90
51.580        60
51.600        77
51.620        97
51.640        37
51.660        63
51.680        50
51.700        50
51.720        57
51.740        43
51.760        47
51.780        57
51.800        53
51.820        73
51.840        50
51.860        77
51.880        37
51.900        90
51.920        70
51.940        50
51.960       103
51.980        43
52.000        53
52.020        80
52.040        47
52.060        53
52.080        77
52.100        63
52.120        57
52.140        57
52.160        53
52.180        73
52.200        77
52.220        83
52.240        67
52.260       103
52.280        53
52.300        70
52.320        73
52.340        53
52.360        77
52.380        67
52.400        83
52.420        80
52.440        50
52.460       100
52.480        67
52.500        57
52.520        43
52.540       130
52.560        67
52.580        60
52.600       107
52.620        67
52.640        53
52.660       100
52.680        60
52.700        63
52.720        70
52.740        60
52.760        83
52.780        40
52.800        67
52.820        60
52.840        47
52.860        70
52.880        83
52.900        57
52.920        77
52.940        53
52.960        60
52.980        57
53.000        63
53.020        63
53.040        67
53.060        67
53.080        43
53.100        77
53.120        67
53.140        87
53.160        53
53.180        50
53.200        63
53.220        57
53.240        47
53.260        57
53.280        37
53.300        80
53.320        90
53.340        83
53.360        73
53.380        70
53.400        50
53.420       120
53.440        53
53.460        83
53.480        87
53.500        40
53.520        43
53.540        80
53.560        43
53.580        67
53.600        47
53.620        67
53.640        60
53.660        73
53.680       100
53.700        97
53.720        93
53.740        73
53.760        53
53.780        60
53.800        57
53.820        73
53.840        67
53.860        53
53.880        80
53.900        83
53.920       100
53.940        63
53.960        47
53.980        83
54.000        90
54.020        77
54.040        43
54.060        80
54.080        33
54.100        90
54.120        83
54.140        60
54.160        80
54.180        70
54.200       110
54.220        77
54.240        97
54.260        83
54.280        47
54.300        77
54.320        70
54.340        93
54.360       127
54.380       107
54.400       107
54.420       120
54.440       133
54.460       180
54.480       173
54.500       223
54.520       240
54.540       297
54.560       350
54.580       357
54.600       440
54.620       446
54.640       626
54.660       646
54.680       656
54.700       656
54.720       686
54.740       633
54.760       580
54.780       503
54.800       590
54.820       443
54.840       423
54.860       446
54.880       350
54.900       333
54.920       247
54.940       267
54.960       233
54.980       163
55.000       167
55.020       140
55.040       127
55.060       120
55.080       110
55.100       100
55.120       110
55.140        93
55.160       133
55.180        77
55.200       103
55.220       100
55.240        90
55.260        83
55.280        97
55.300        77
55.320       110
55.340        70
55.360        50
55.380        77
55.400       113
55.420        77
55.440        77
55.460        83
55.480        67
55.500        70
55.520        67
55.540        67
55.560        60
55.580        77
55.600        77
55.620        50
55.640        93
55.660        80
55.680        67
55.700        77
55.720        53
55.740        73
55.760       100
55.780        97
55.800        90
55.820        77
55.840        77
55.860        60
55.880        70
55.900        73
55.920        93
55.940        70
55.960       103
55.980        93
56.000        77
56.020        80
56.040        53
56.060        67
56.080        57
56.100        63
56.120        57
56.140        80
56.160        90
56.180        70
56.200        60
56.220        57
56.240        70
56.260       100
56.280        77
56.300        80
56.320        77
56.340       100
56.360        80
56.380        80
56.400        73
56.420       107
56.440        70
56.460        90
56.480       117
56.500       107
56.520        90
56.540       133
56.560       120
56.580        80
56.600        87
56.620        90
56.640        77
56.660        73
56.680       103
56.700        63
56.720        97
56.740        97
56.760       100
56.780        83
56.800        83
56.820        93
56.840        83
56.860        83
56.880        70
56.900        63
56.920        93
56.940        70
56.960        80
56.980        93
57.000        67
57.020        77
57.040        77
57.060        70
57.080       110
57.100        53
57.120        93
57.140        83
57.160        83
57.180       100
57.200        77
57.220       107
57.240        73
57.260       110
57.280        90
57.300       113
57.320       120
57.340       123
57.360       117
57.380       113
57.400       107
57.420        73
57.440       123
57.460        90
57.480       123
57.500        83
57.520        77
57.540        47
57.560       117
57.580       113
57.600        83
57.620        97
57.640        77
57.660        80
57.680       103
57.700        77
57.720        60
57.740        63
57.760        73
57.780        97
57.800        77
57.820        70
57.840        67
57.860        83
57.880        70
57.900        63
57.920        83
57.940        63
57.960        73
57.980       123
58.000        93
58.020       103
58.040       100
58.060        90
58.080        93
58.100        57
58.120        80
58.140        67
58.160        73
58.180        57
58.200        73
58.220       110
58.240        63
58.260        60
58.280        60
58.300        83
58.320        50
58.340        77
58.360        70
58.380        77
58.400        63
58.420        77
58.440        80
58.460        53
58.480        67
58.500        63
58.520        37
58.540        70
58.560        73
58.580        50
58.600        30
58.620        63
58.640       103
58.660        73
58.680        70
58.700        47
58.720        63
58.740        40
58.760        57
58.780        70
58.800        50
58.820        40
58.840        70
58.860        70
58.880        50
58.900        93
58.920        77
58.940        77
58.960        50
58.980        70
59.000        50
59.020        83
59.040        57
59.060        70
59.080        63
59.100        40
59.120        60
59.140        83
59.160        83
59.180        80
59.200        77
59.220        33
59.240        60
59.260        53
59.280        87
59.300        47
59.320        57
59.340       110
59.360        77
59.380        63
59.400        70
59.420        97
59.440        47
59.460        67
59.480        70
59.500       107
59.520       100
59.540        93
59.560        77
59.580        63
59.600        67
59.620        63
59.640        60
59.660        77
59.680        67
59.700        60
59.720        53
59.740        23
59.760        77
59.780        60
59.800        90
59.820       117
59.840        73
59.860        67
59.880        53
59.900        70
59.920       103
59.940        80
59.960        67
59.980        77
60.000        87
