20.000         0
20.020         0
20.040        10
20.060        40
20.080        73
20.100        80
20.120        97
20.140        83
20.160        97
20.180        80
20.200        63
20.220        83
20.240        63
20.260        60
20.280        70
20.300        60
20.320       100
20.340        63
20.360        60
20.380        83
20.400        37
20.420        87
20.440        57
20.460        83
20.480        63
20.500        53
20.520        67
20.540        80
20.560        47
20.580        80
20.600        27
20.620        53
20.640        67
20.660        60
20.680        67
20.700        60
20.720        70
20.740        60
20.760        47
20.780        63
20.800        53
20.820        77
20.840        77
20.860        83
20.880        63
20.900        67
20.920        63
20.940        60
20.960        70
20.980        90
21.000        63
21.020        67
21.040        43
21.060        63
21.080        57
21.100        80
21.120        80
21.140        70
21.160        80
21.180        63
21.200        53
21.220        83
21.240        50
21.260        50
21.280        47
21.300        73
21.320        67
21.340        60
21.360        53
21.380        73
21.400        93
21.420        67
21.440        43
21.460        80
21.480        53
21.500        70
21.520        73
21.540        73
21.560        67
21.580        93
21.600        77
21.620        57
21.640        77
21.660        50
21.680       100
21.700        70
21.720        67
21.740        60
21.760        70
21.780        63
21.800        67
21.820        70
21.840        80
21.860        73
21.880        90
21.900        77
21.920        67
21.940        83
21.960        77
21.980        90
22.000        90
22.020        63
22.040        97
22.060       110
22.080        73
22.100        90
22.120        97
22.140       130
22.160       133
22.180        87
22.200        93
22.220       110
22.240       103
22.260       100
22.280       100
22.300       123
22.320        90
22.340       110
22.360        90
22.380        87
22.400        87
22.420       103
22.440        77
22.460       103
22.480        97
22.500       100
22.520        63
22.540        50
22.560        87
22.580       100
22.600        83
22.620        83
22.640        63
22.660       120
22.680        73
22.700        83
22.720        70
22.740       100
22.760        87
22.780        87
22.800       107
22.820        73
22.840        83
22.860       100
22.880        77
22.900       147
22.920        93
22.940       100
22.960        90
22.980        87
23.000        87
23.020        70
23.040       110
23.060       163
23.080       223
23.100       397
23.120       397
23.140       360
23.160       150
23.180       143
23.200       110
23.220       100
23.240        60
23.260        53
23.280       100
23.300        73
23.320        87
23.340        90
23.360       107
23.380       103
23.400        87
23.420        57
23.440        73
23.460        60
23.480        97
23.500        93
23.520        90
23.540        77
23.560       120
23.580       107
23.600        90
23.620        80
23.640        67
23.660       113
23.680        63
23.700        63
23.720        90
23.740        90
23.760        90
23.780       130
23.800        87
23.820        83
23.840        90
23.860        57
23.880        80
23.900       100
23.920        77
23.940        73
23.960        93
23.980        70
24.000        93
24.020        83
24.040        40
24.060        67
24.080        63
24.100        73
24.120        93
24.140        67
24.160        80
24.180        80
24.200        97
24.220       100
24.240        70
24.260       103
24.280        97
24.300        80
24.320        57
24.340        93
24.360        80
24.380        73
24.400       100
24.420        93
24.440       100
24.460        77
24.480        83
24.500        93
24.520        77
24.540        90
24.560        93
24.580        83
24.600        90
24.620       103
24.640        80
24.660       123
24.680        93
24.700       147
24.720       157
24.740       207
24.760       247
24.780       213
24.800       257
24.820       220
24.840       263
24.860       260
24.880       240
24.900       247
24.920       183
24.940       243
24.960       233
24.980       207
25.000       207
25.020       247
25.040       223
25.060       290
25.080       173
25.100       193
25.120       240
25.140       183
25.160       277
25.180       267
25.200       313
25.220       253
25.240       313
25.260       330
25.280       353
25.300       523
25.320       816
25.340      1033
25.360      1536
25.380      2142
25.400      2692
25.420      3125
25.440      3712
25.460      3955
25.480      4525
25.500      4295
25.520      4788
25.540      5028
25.560      7304
25.580     18776
25.600     33097
25.620     43653
25.640     46685
25.660     28215
25.680     23194
25.700     23351
25.720     11399
25.740      3019
25.760      1116
25.780       770
25.800       623
25.820       543
25.840       483
25.860       393
25.880       377
25.900       323
25.920       350
25.940       303
25.960       263
25.980       287
26.000       277
26.020       287
26.040       297
26.060       303
26.080       243
26.100       263
26.120       177
26.140       200
26.160       213
26.180       283
26.200       223
26.220       213
26.240       190
26.260       183
26.280       207
26.300       217
26.320       190
26.340       240
26.360       193
26.380       160
26.400       197
26.420       143
26.440       190
26.460       190
26.480       213
26.500       177
26.520       180
26.540       160
26.560       200
26.580       163
26.600       203
26.620       167
26.640       147
26.660       160
26.680       177
26.700       173
26.720       137
26.740       160
26.760       150
26.780       170
26.800       127
26.820       120
26.840       173
26.860       167
26.880       197
26.900       147
26.920       130
26.940       133
26.960       163
26.980       180
27.000       173
27.020       150
27.040       170
27.060       110
27.080       157
27.100       157
27.120       117
27.140       160
27.160       113
27.180       177
27.200       213
27.220       140
27.240       160
27.260       130
27.280       163
27.300       147
27.320       137
27.340       137
27.360       183
27.380       167
27.400       163
27.420       157
27.440       170
27.460       130
27.480       107
27.500        97
27.520       117
27.540       163
27.560       173
27.580       167
27.600       160
27.620       123
27.640       163
27.660       143
27.680       127
27.700       163
27.720       133
27.740       120
27.760       123
27.780       153
27.800       153
27.820       177
27.840       137
27.860       137
27.880       140
27.900       143
27.920       147
27.940       143
27.960       120
27.980       150
28.000       147
28.020       143
28.040       117
28.060       133
28.080       140
28.100       133
28.120       177
28.140       107
28.160       170
28.180       120
28.200       120
28.220       143
28.240       193
28.260       137
28.280       153
28.300       150
28.320       117
28.340       123
28.360       113
28.380        97
28.400       143
28.420       120
28.440       137
28.460       123
28.480       147
28.500       117
28.520       123
28.540       133
28.560       130
28.580       130
28.600       150
28.620       103
28.640       120
28.660       143
28.680       150
28.700       120
28.720       137
28.740       100
28.760       120
28.780       153
28.800       123
28.820        83
28.840       113
28.860       100
28.880       113
28.900       123
28.920       130
28.940       117
28.960       133
28.980       110
29.000       133
29.020        97
29.040       123
29.060        97
29.080       140
29.100       103
29.120       103
29.140       100
29.160       123
29.180        73
29.200       137
29.220       100
29.240       120
29.260       113
29.280       140
29.300       117
29.320        93
29.340        70
29.360       117
29.380       123
29.400       127
29.420        90
29.440       117
29.460        83
29.480        80
29.500       103
29.520       133
29.540       107
29.560       123
29.580       100
29.600        93
29.620       103
29.640       100
29.660        93
29.680        93
29.700        80
29.720        93
29.740        77
29.760       110
29.780       123
29.800        73
29.820        93
29.840        90
29.860       107
29.880       153
29.900       120
29.920        77
29.940        80
29.960        80
29.980       103
30.000        97
30.020        70
30.040        97
30.060        67
30.080        97
30.100       103
30.120        90
30.140        90
30.160       130
30.180       120
30.200        93
30.220        90
30.240        87
30.260        90
30.280        93
30.300        77
30.320       107
30.340        93
30.360       110
30.380       100
30.400        50
30.420       103
30.440        93
30.460       107
30.480        87
30.500        77
30.520       103
30.540        87
30.560       100
30.580        80
30.600       100
30.620        90
30.640        93
30.660        73
30.680        87
30.700        90
30.720        73
30.740        67
30.760       147
30.780       107
30.800       117
30.820       100
30.840       120
30.860        83
30.880        90
30.900       110
30.920       120
30.940       100
30.960        87
30.980        93
31.000        90
31.020        90
31.040       117
31.060       100
31.080        93
31.100       100
31.120       110
31.140        93
31.160        90
31.180       130
31.200        80
31.220        93
31.240       103
31.260       100
31.280       120
31.300        77
31.320        97
31.340       117
31.360       127
31.380       150
31.400       143
31.420       150
31.440       137
31.460       123
31.480       117
31.500       160
31.520       153
31.540       190
31.560       177
31.580       190
31.600       247
31.620       283
31.640       277
31.660       247
31.680       300
31.700       350
31.720       330
31.740       370
31.760       410
31.780       383
31.800       483
31.820       443
31.840       420
31.860       407
31.880       377
31.900       407
31.920       327
31.940       297
31.960       270
31.980       243
32.000       210
32.020       203
32.040       143
32.060       140
32.080       140
32.100       160
32.120       137
32.140        97
32.160       103
32.180       150
32.200       117
32.220       113
32.240       110
32.260       140
32.280        93
32.300        77
32.320       110
32.340        77
32.360        73
32.380       120
32.400        83
32.420       110
32.440        83
32.460       107
32.480        77
32.500        80
32.520       100
32.540       107
32.560        73
32.580       107
32.600        80
32.620        77
32.640        73
32.660        47
32.680        67
32.700        57
32.720        77
32.740        93
32.760        63
32.780       103
32.800        80
32.820        83
32.840        77
32.860        83
32.880       100
32.900        80
32.920        43
32.940        77
32.960        53
32.980        70
33.000        73
33.020        77
33.040       127
33.060        83
33.080        90
33.100        63
33.120        63
33.140        63
33.160        53
33.180        70
33.200        57
33.220        77
33.240        83
33.260       100
33.280        70
33.300        70
33.320        73
33.340        53
33.360        87
33.380        77
33.400        80
33.420        70
33.440        37
33.460        73
33.480        53
33.500        57
33.520        93
33.540        73
33.560        63
33.580        73
33.600        63
33.620        47
33.640        53
33.660        70
33.680        33
33.700        73
33.720        87
33.740        90
33.760        60
33.780        73
33.800        37
33.820        70
33.840        60
33.860        70
33.880        83
33.900        63
33.920        43
33.940        33
33.960        53
33.980        57
34.000        77
34.020        63
34.040        40
34.060        50
34.080        63
34.100        63
34.120        60
34.140        50
34.160        83
34.180        37
34.200        57
34.220        30
34.240        67
34.260        73
34.280        47
34.300        60
34.320        33
34.340        67
34.360        50
34.380        60
34.400        80
34.420        60
34.440        57
34.460        47
34.480        63
34.500        60
34.520        60
34.540        40
34.560        70
34.580        60
34.600        67
34.620        47
34.640        43
34.660        57
34.680        40
34.700        40
34.720        37
34.740        53
34.760        47
34.780        47
34.800        67
34.820        67
34.840        37
34.860        47
34.880        47
34.900        57
34.920        50
34.940        37
34.960        40
34.980        63
35.000        43
35.020        60
35.040        50
35.060        70
35.080        57
35.100        40
35.120        63
35.140        77
35.160        60
35.180        70
35.200        50
35.220        63
35.240        50
35.260        43
35.280        27
35.300        60
35.320        70
35.340        33
35.360        60
35.380        67
35.400        30
35.420        47
35.440        60
35.460        43
35.480        83
35.500        53
35.520        43
35.540        50
35.560        43
35.580        43
35.600        50
35.620        37
35.640        77
35.660        23
35.680        27
35.700        30
35.720        47
35.740        33
35.760        53
35.780        47
35.800        47
35.820        30
35.840        67
35.860        37
35.880        70
35.900        37
35.920        53
35.940        57
35.960        67
35.980        70
36.000        53
36.020        63
36.040        43
36.060        43
36.080        50
36.100        50
36.120        47
36.140        40
36.160        50
36.180        53
36.200        70
36.220        57
36.240        20
36.260        40
36.280        37
36.300        50
36.320        53
36.340        57
36.360        40
36.380        47
36.400        40
36.420        37
36.440        40
36.460        57
36.480        43
36.500        43
36.520        47
36.540        43
36.560        67
36.580        43
36.600        33
36.620        37
36.640        50
36.660        33
36.680        40
36.700        70
36.720        50
36.740        50
36.760        43
36.780        70
36.800        50
36.820        60
36.840        33
36.860        67
36.880        53
36.900        43
36.920        37
36.940        30
36.960        37
36.980        27
37.000        33
37.020        17
37.040        30
37.060        33
37.080        47
37.100        33
37.120        30
37.140        43
37.160        60
37.180        13
37.200        43
37.220        40
37.240        50
37.260        27
37.280        40
37.300        47
37.320        33
37.340        33
37.360        50
37.380        50
37.400        37
37.420        30
37.440        30
37.460        60
37.480        30
37.500        43
37.520        30
37.540        40
37.560        27
37.580        27
37.600        33
37.620        43
37.640        50
37.660        50
37.680        37
37.700        23
37.720        43
37.740        30
37.760        40
37.780        50
37.800        27
37.820        43
37.840        20
37.860        40
37.880        27
37.900        43
37.920        37
37.940        47
37.960        27
37.980        53
38.000        17
38.020        60
38.040        40
38.060        27
38.080        27
38.100        33
38.120        37
38.140        20
38.160        20
38.180        37
38.200        30
38.220        33
38.240        47
38.260        57
38.280        43
38.300        20
38.320        47
38.340        47
38.360        40
38.380        33
38.400        37
38.420        57
38.440        50
38.460        43
38.480        47
38.500        37
38.520        33
38.540        30
38.560        43
38.580        33
38.600        33
38.620        40
38.640        33
38.660        27
38.680        33
38.700        47
38.720        17
38.740        40
38.760        37
38.780        33
38.800        27
38.820        50
38.840        33
38.860        43
38.880        23
38.900        33
38.920        27
38.940        37
38.960        37
38.980        53
39.000        37
39.020        30
39.040        30
39.060        40
39.080        43
39.100        53
39.120        40
39.140        50
39.160        47
39.180        60
39.200        77
39.220        73
39.240       110
39.260       107
39.280       143
39.300       190
39.320       143
39.340       180
39.360       223
39.380       153
39.400       160
39.420       110
39.440       140
39.460       127
39.480       113
39.500       103
39.520        87
39.540        67
39.560        57
39.580        73
39.600        60
39.620        53
39.640        53
39.660        17
39.680        43
39.700        33
39.720        30
39.740        27
39.760        30
39.780        57
39.800        40
39.820        40
39.840        30
39.860        33
39.880        27
39.900        37
39.920        27
39.940        43
39.960        23
39.980        20
40.000        40
40.020        47
40.040        40
40.060        50
40.080        57
40.100        47
40.120        20
40.140        33
40.160        43
40.180        30
40.200        33
40.220        43
40.240        17
40.260        53
40.280        20
40.300        27
40.320        27
40.340        33
40.360        43
40.380        20
40.400        30
40.420        27
40.440        33
40.460        30
40.480        30
40.500        30
40.520        30
40.540        33
40.560        37
40.580        30
40.600        27
40.620        43
40.640        33
40.660        40
40.680        33
40.700        33
40.720        27
40.740        43
40.760        27
40.780        27
40.800        20
40.820        30
40.840        20
40.860        30
40.880        40
40.900        37
40.920        17
40.940        27
40.960        37
40.980        33
41.000        20
41.020        33
41.040        27
41.060        17
41.080        27
41.100        17
41.120        17
41.140        30
41.160        33
41.180        43
41.200        57
41.220        23
41.240        33
41.260        20
41.280        20
41.300        47
41.320        10
41.340        20
41.360        17
41.380        33
41.400        27
41.420        40
41.440        20
41.460        27
41.480        37
41.500         7
41.520        27
41.540        37
41.560        23
41.580        40
41.600        27
41.620        33
41.640        17
41.660        27
41.680        17
41.700        23
41.720        23
41.740        30
41.760        30
41.780        27
41.800        17
41.820        20
41.840        40
41.860        27
41.880        20
41.900        23
41.920        20
41.940        27
41.960        17
41.980        17
42.000        30
42.020        27
42.040        37
42.060        27
42.080        17
42.100        23
42.120        40
42.140        23
42.160        47
42.180        27
42.200        33
42.220        27
42.240        17
42.260        27
42.280        13
42.300        23
42.320         7
42.340        30
42.360        37
42.380        17
42.400        33
42.420        40
42.440        20
42.460        23
42.480        20
42.500        27
42.520        23
42.540        27
42.560        20
42.580        37
42.600        33
42.620        33
42.640        37
42.660        27
42.680        27
42.700        20
42.720        23
42.740        17
42.760        40
42.780        10
42.800        23
42.820        30
42.840        23
42.860        27
42.880        27
42.900        30
42.920        20
42.940        33
42.960        13
42.980        27
43.000        37
43.020        23
43.040        43
43.060        17
43.080        23
43.100        23
43.120        37
43.140        23
43.160        13
43.180        10
43.200        13
43.220        17
43.240        37
43.260        17
43.280        27
43.300        33
43.320        17
43.340         7
43.360        27
43.380        17
43.400        27
43.420        30
43.440        20
43.460        27
43.480        13
43.500        17
43.520         7
43.540        13
43.560        23
43.580        33
43.600        30
43.620        23
43.640        30
43.660        27
43.680        27
43.700        23
43.720        23
43.740        27
43.760        27
43.780        17
43.800        30
43.820        53
43.840         7
43.860        23
43.880         7
43.900        23
43.920        13
43.940        23
43.960        13
43.980        33
44.000        20
44.020        17
44.040        30
44.060        37
44.080        27
44.100        37
44.120        17
44.140        27
44.160        17
44.180        23
44.200        10
44.220        30
44.240        20
44.260        30
44.280        37
44.300        40
44.320        37
44.340        30
44.360        30
44.380        40
44.400        37
44.420        20
44.440        23
44.460        13
44.480        27
44.500        27
44.520        30
44.540        23
44.560        40
44.580        40
44.600        17
44.620        43
44.640        20
44.660        17
44.680        13
44.700        23
44.720        30
44.740        23
44.760        40
44.780        13
44.800        27
44.820        23
44.840        27
44.860        23
44.880        40
44.900        23
44.920        33
44.940        47
44.960        37
44.980        20
45.000        33
45.020        27
45.040        30
45.060        40
45.080        30
45.100        33
45.120        57
45.140        37
45.160        33
45.180        37
45.200        37
45.220        37
45.240        43
45.260        63
45.280        57
45.300        53
45.320        57
45.340        43
45.360        40
45.380        50
45.400        50
45.420        60
45.440        63
45.460        40
45.480        53
45.500        70
45.520        77
45.540        47
45.560        77
45.580        60
45.600        53
45.620        77
45.640        40
45.660        30
45.680        70
45.700        70
45.720        53
45.740        47
45.760        67
45.780        33
45.800        43
45.820        40
45.840        27
45.860        53
45.880        57
45.900        63
45.920        37
45.940        47
45.960        43
45.980        33
46.000        50
46.020        37
46.040        30
46.060        27
46.080        70
46.100        20
46.120        40
46.140        57
46.160        20
46.180        30
46.200        20
46.220        37
46.240        13
46.260        57
46.280        27
46.300        37
46.320        23
46.340        27
46.360        30
46.380        40
46.400        30
46.420        57
46.440        40
46.460        33
46.480        23
46.500        33
46.520        30
46.540        30
46.560        10
46.580        20
46.600        33
46.620        23
46.640        47
46.660        27
46.680        23
46.700         7
46.720        27
46.740        27
46.760        43
46.780        20
46.800        43
46.820        47
46.840        37
46.860        33
46.880        43
46.900        37
46.920        37
46.940        30
46.960        27
46.980        33
47.000        67
47.020        37
47.040        53
47.060        67
47.080        37
47.100        60
47.120        50
47.140        83
47.160       117
47.180       200
47.200       350
47.220       393
47.240       403
47.260       293
47.280       173
47.300       123
47.320        57
47.340        63
47.360        57
47.380        57
47.400        33
47.420        33
47.440        50
47.460        50
47.480        30
47.500        53
47.520        30
47.540        33
47.560        53
47.580        30
47.600        47
47.620        43
47.640        43
47.660        17
47.680        40
47.700        33
47.720        30
47.740        37
47.760        23
47.780        37
47.800        40
47.820        33
47.840        40
47.860        53
47.880        40
47.900        30
47.920        47
47.940        50
47.960        30
47.980        37
48.000        33
48.020        33
48.040        23
48.060        13
48.080        23
48.100        33
48.120        43
48.140        60
48.160        30
48.180        27
48.200        43
48.220        37
48.240        23
48.260        37
48.280        33
48.300        40
48.320        20
48.340        43
48.360        27
48.380        23
48.400        27
48.420        27
48.440        13
48.460        50
48.480        13
48.500        23
48.520        30
48.540        33
48.560        20
48.580        37
48.600        33
48.620        47
48.640        23
48.660        23
48.680        23
48.700        17
48.720        33
48.740        20
48.760        40
48.780        33
48.800        40
48.820        23
48.840        27
48.860        23
48.880        20
48.900        27
48.920         3
48.940        33
48.960        23
48.980        40
49.000        17
49.020        27
49.040        23
49.060        10
49.080        20
49.100        17
49.120        20
49.140        27
49.160        37
49.180        30
49.200        43
49.220        20
49.240        27
49.260        20
49.280        23
49.300        20
49.320        13
49.340        27
49.360        23
49.380        13
49.400        27
49.420        20
49.440        17
49.460        23
49.480        13
49.500        27
49.520        40
49.540        23
49.560        33
49.580        43
49.600        30
49.620        33
49.640        30
49.660        23
49.680        20
49.700        20
49.720        30
49.740        27
49.760        13
49.780        13
49.800        17
49.820        40
49.840        33
49.860        20
49.880        13
49.900        17
49.920        27
49.940        30
49.960        20
49.980        37
50.000        23
50.020         7
50.040        23
50.060        13
50.080        20
50.100        30
50.120        10
50.140        23
50.160        37
50.180        23
50.200        40
50.220        33
50.240        37
50.260        33
50.280        20
50.300        47
50.320        27
50.340        30
50.360        20
50.380        13
50.400        40
50.420        20
50.440        23
50.460        13
50.480        40
50.500        30
50.520        20
50.540        27
50.560        47
50.580        57
50.600        40
50.620        40
50.640        50
50.660        73
50.680        67
50.700        83
50.720       103
50.740       140
50.760       133
50.780       143
50.800       157
50.820        90
50.840       117
50.860       100
50.880       183
50.900       107
50.920       150
50.940       107
50.960       150
50.980       153
51.000       120
51.020       163
51.040       140
51.060       103
51.080       130
51.100       130
51.120       153
51.140       130
51.160       147
51.180       123
51.200       130
51.220       110
51.240       123
51.260       137
51.280       103
51.300       127
51.320       130
51.340       137
51.360       137
51.380       163
51.400       133
51.420       157
51.440       160
51.460       143
51.480       113
51.500       157
51.520       123
51.540       157
51.560       123
51.580       130
51.600       163
51.620       180
51.640       160
51.660       170
51.680       153
51.700       170
51.720       150
51.740       157
51.760       157
51.780       113
51.800       177
51.820       140
51.840       180
51.860       187
51.880       157
51.900       190
51.920       193
51.940       170
51.960       217
51.980       150
52.000       213
52.020       173
52.040       210
52.060       250
52.080       240
52.100       257
52.120       200
52.140       317
52.160       283
52.180       307
52.200       313
52.220       343
52.240       417
52.260       513
52.280       510
52.300       810
52.320      1186
52.340      1669
52.360      2249
52.380      2619
52.400      3265
52.420      3892
52.440      4132
52.460      4558
52.480      4768
52.500      5131
52.520      6091
52.540      7450
52.560     13668
52.580     31084
52.600     49344
52.620     61325
52.640     58933
52.660     34306
52.680     15381
52.700     10799
52.720     16753
52.740     25410
52.760     31004
52.780     29645
52.800     18213
52.820      7357
52.840      3049
52.860      1663
52.880      1200
52.900      1060
52.920       790
52.940       610
52.960       643
52.980       533
53.000       463
53.020       466
53.040       343
53.060       353
53.080       327
53.100       333
53.120       347
53.140       280
53.160       207
53.180       237
53.200       247
53.220       207
53.240       180
53.260       260
53.280       227
53.300       180
53.320       167
53.340       210
53.360       160
53.380       157
53.400       190
53.420       187
53.440       170
53.460       153
53.480       140
53.500       160
53.520       123
53.540       167
53.560       173
53.580       123
53.600       143
53.620        97
53.640       167
53.660       117
53.680       127
53.700       147
53.720       120
53.740       133
53.760       133
53.780       117
53.800       100
53.820       123
53.840       160
53.860       130
53.880       133
53.900       133
53.920       103
53.940       113
53.960       127
53.980       153
54.000       160
54.020        77
54.040        73
54.060        77
54.080       100
54.100        70
54.120       100
54.140       127
54.160       117
54.180       117
54.200        90
54.220        77
54.240       103
54.260        97
54.280       120
54.300       110
54.320       137
54.340        70
54.360       117
54.380       123
54.400       123
54.420       137
54.440       127
54.460       103
54.480       120
54.500       103
54.520       143
54.540        70
54.560       100
54.580       133
54.600       113
54.620       117
54.640        80
54.660       113
54.680       107
54.700        90
54.720        87
54.740        80
54.760       100
54.780        87
54.800       110
54.820        70
54.840       117
54.860        83
54.880       107
54.900        93
54.920        33
54.940        90
54.960        57
54.980       113
55.000        97
55.020        70
55.040        93
55.060        73
55.080        83
55.100        63
55.120        87
55.140        53
55.160        97
55.180       123
55.200       103
55.220        80
55.240       113
55.260        80
55.280        93
55.300       100
55.320        70
55.340        83
55.360        83
55.380        70
55.400        73
55.420       100
55.440       110
55.460        90
55.480        63
55.500        87
55.520        73
55.540        77
55.560       100
55.580        67
55.600        80
55.620        63
55.640        67
55.660        87
55.680        67
55.700       120
55.720        73
55.740        73
55.760        90
55.780       127
55.800        63
55.820        77
55.840        73
55.860       100
55.880        77
55.900        63
55.920       107
55.940        90
55.960        90
55.980        70
56.000        87
56.020        47
56.040        70
56.060        63
56.080       103
56.100        93
56.120        77
56.140        73
56.160        87
56.180        67
56.200        77
56.220        90
56.240        90
56.260       110
56.280        70
56.300        83
56.320        57
56.340       103
56.360        77
56.380        93
56.400        67
56.420        73
56.440        70
56.460        90
56.480        93
56.500        80
56.520        97
56.540        63
56.560        40
56.580       103
56.600       117
56.620       117
56.640       110
56.660       123
56.680       120
56.700       100
56.720       117
56.740       127
56.760       117
56.780       120
56.800       130
56.820       130
56.840       147
56.860       103
56.880       147
56.900       153
56.920        97
56.940       110
56.960       107
56.980        77
57.000       103
57.020       103
57.040       117
57.060        77
57.080       110
57.100        83
57.120        77
57.140        73
57.160        90
57.180        70
57.200        67
57.220        67
57.240        83
57.260        93
57.280        70
57.300        43
57.320        87
57.340       120
57.360        90
57.380        53
57.400        53
57.420        80
57.440        50
57.460        43
57.480        43
57.500        93
57.520        77
57.540       103
57.560        77
57.580        37
57.600        53
57.620        47
57.640        60
57.660        53
57.680        47
57.700        57
57.720        83
57.740        67
57.760        70
57.780        57
57.800        93
57.820        50
57.840        80
57.860        70
57.880        60
57.900        43
57.920        63
57.940        63
57.960        73
57.980        70
58.000        63
58.020        83
58.040        53
58.060        73
58.080        53
58.100        73
58.120        43
58.140        73
58.160        67
58.180        30
58.200        50
58.220        60
58.240        50
58.260        73
58.280        70
58.300        53
58.320        73
58.340        43
58.360        77
58.380        57
58.400        53
58.420        73
58.440        53
58.460        53
58.480        40
58.500        53
58.520        57
58.540        63
58.560        53
58.580        47
58.600        30
58.620        73
58.640        40
58.660        73
58.680        60
58.700        63
58.720        53
58.740        57
58.760        50
58.780        37
58.800        70
58.820        47
58.840        63
58.860        60
58.880        73
58.900        63
58.920        43
58.940        53
58.960        57
58.980        43
59.000        60
59.020        73
59.040        40
59.060        77
59.080        57
59.100        70
59.120        60
59.140        67
59.160        67
59.180        57
59.200        40
59.220        57
59.240        40
59.260        70
59.280        47
59.300        50
59.320        50
59.340        43
59.360        57
59.380        70
59.400        47
59.420        67
59.440        47
59.460        50
59.480        47
59.500        57
59.520        63
59.540        50
59.560        80
59.580        50
59.600        70
59.620        47
59.640        47
59.660        43
59.680        33
59.700        47
59.720        53
59.740        33
59.760        37
59.780        53
59.800        53
59.820        63
59.840        47
59.860        60
59.880        63
59.900        40
59.920        37
59.940        53
59.960        43
59.980        53
60.000        60
