20.000         0
20.020         0
20.040       107
20.060        63
20.080        70
20.100        60
20.120        67
20.140        67
20.160       100
20.180       103
20.200        90
20.220        80
20.240       107
20.260       100
20.280        70
20.300        73
20.320        67
20.340        83
20.360        47
20.380        77
20.400        53
20.420        87
20.440        67
20.460        80
20.480        90
20.500        73
20.520        60
20.540        80
20.560        53
20.580        90
20.600       110
20.620        50
20.640        90
20.660       117
20.680        50
20.700        77
20.720        70
20.740        67
20.760        67
20.780        90
20.800        77
20.820        60
20.840        63
20.860        77
20.880        83
20.900        77
20.920        53
20.940       123
20.960        80
20.980        87
21.000        73
21.020        80
21.040        77
21.060        73
21.080        47
21.100        90
21.120        53
21.140        53
21.160        53
21.180        70
21.200        40
21.220        77
21.240        57
21.260        67
21.280        67
21.300        60
21.320        90
21.340        87
21.360        70
21.380        77
21.400        90
21.420        60
21.440        67
21.460        67
21.480       103
21.500        57
21.520        67
21.540        57
21.560        83
21.580        83
21.600        87
21.620        80
21.640       100
21.660        43
21.680        50
21.700        67
21.720        83
21.740        37
21.760        87
21.780       140
21.800        80
21.820        70
21.840        83
21.860       103
21.880        77
21.900       100
21.920        90
21.940        80
21.960        97
21.980        73
22.000        90
22.020       110
22.040        83
22.060        80
22.080       107
22.100       100
22.120       117
22.140        97
22.160        83
22.180       123
22.200       170
22.220       153
22.240       140
22.260       157
22.280       193
22.300       200
22.320       237
22.340       127
22.360       163
22.380       180
22.400       247
22.420       150
22.440       170
22.460       113
22.480       117
22.500       130
22.520       103
22.540       123
22.560       107
22.580       107
22.600        77
22.620        97
22.640        93
22.660       103
22.680       100
22.700        97
22.720       103
22.740       113
22.760       100
22.780        77
22.800        97
22.820        97
22.840        93
22.860       107
22.880        73
22.900       130
22.920       143
22.940       133
22.960       103
22.980       127
23.000       130
23.020       123
23.040       133
23.060       203
23.080       536
23.100       606
23.120       743
23.140       630
23.160       370
23.180       187
23.200       127
23.220       140
23.240       113
23.260       133
23.280       103
23.300        93
23.320       127
23.340       100
23.360       163
23.380       113
23.400       123
23.420       113
23.440        90
23.460       137
23.480       100
23.500        93
23.520        80
23.540        97
23.560       110
23.580       123
23.600       130
23.620       120
23.640       100
23.660       120
23.680        97
23.700        73
23.720       117
23.740       140
23.760        80
23.780        83
23.800       130
23.820       143
23.840       110
23.860       107
23.880        73
23.900        97
23.920       123
23.940       113
23.960        97
23.980       117
24.000        87
24.020       127
24.040        73
24.060       117
24.080       103
24.100       107
24.120       103
24.140        97
24.160       120
24.180        70
24.200       103
24.220        87
24.240       130
24.260        83
24.280        97
24.300        87
24.320       110
24.340        87
24.360        83
24.380       120
24.400        97
24.420       113
24.440        80
24.460       110
24.480       110
24.500       127
24.520       113
24.540       113
24.560       100
24.580       133
24.600       100
24.620       140
24.640       153
24.660       117
24.680       143
24.700       150
24.720       227
24.740       310
24.760       277
24.780       417
24.800       353
24.820       360
24.840       367
24.860       377
24.880       397
24.900       466
24.920       370
24.940       413
24.960       370
24.980       393
25.000       363
25.020       446
25.040       417
25.060       303
25.080       407
25.100       430
25.120       357
25.140       387
25.160       407
25.180       367
25.200       420
25.220       453
25.240       473
25.260       570
25.280       593
25.300       900
25.320      1063
25.340      1433
25.360      2023
25.380      2406
25.400      3029
25.420      3525
25.440      4092
25.460      4558
25.480      4898
25.500      5275
25.520      5601
25.540      6291
25.560     14301
25.580     44286
25.600     72548
25.620     80871
25.640     83600
25.660     62858
25.680     46321
25.700     40061
25.720     22987
25.740      6118
25.760      2376
25.780      1466
25.800      1190
25.820       990
25.840       833
25.860       726
25.880       633
25.900       570
25.920       570
25.940       590
25.960       560
25.980       433
26.000       530
26.020       413
26.040       486
26.060       433
26.080       417
26.100       350
26.120       397
26.140       397
26.160       357
26.180       423
26.200       377
26.220       350
26.240       390
26.260       357
26.280       347
26.300       350
26.320       280
26.340       297
26.360       373
26.380       317
26.400       317
26.420       360
26.440       267
26.460       337
26.480       280
26.500       300
26.520       333
26.540       310
26.560       313
26.580       253
26.600       350
26.620       257
26.640       320
26.660       297
26.680       253
26.700       267
26.720       263
26.740       267
26.760       333
26.780       333
26.800       287
26.820       270
26.840       313
26.860       233
26.880       250
26.900       280
26.920       290
26.940       303
26.960       260
26.980       250
27.000       200
27.020       250
27.040       323
27.060       227
27.080       290
27.100       217
27.120       263
27.140       257
27.160       237
27.180       253
27.200       220
27.220       283
27.240       270
27.260       250
27.280       220
27.300       273
27.320       237
27.340       227
27.360       217
27.380       217
27.400       277
27.420       240
27.440       233
27.460       233
27.480       207
27.500       237
27.520       250
27.540       277
27.560       247
27.580       200
27.600       173
27.620       197
27.640       263
27.660       173
27.680       180
27.700       210
27.720       230
27.740       210
27.760       243
27.780       143
27.800       287
27.820       243
27.840       203
27.860       223
27.880       223
27.900       240
27.920       197
27.940       260
27.960       213
27.980       263
28.000       167
28.020       213
28.040       173
28.060       210
28.080       190
28.100       187
28.120       213
28.140       207
28.160       190
28.180       220
28.200       180
28.220       160
28.240       193
28.260       227
28.280       220
28.300       190
28.320       190
28.340       197
28.360       170
28.380       173
28.400       220
28.420       213
28.440       207
28.460       183
28.480       247
28.500       220
28.520       167
28.540       217
28.560       173
28.580       223
28.600       160
28.620       223
28.640       237
28.660       213
28.680       243
28.700       143
28.720       193
28.740       187
28.760       213
28.780       183
28.800       157
28.820       187
28.840       183
28.860       137
28.880       220
28.900       177
28.920       157
28.940       167
28.960       220
28.980       177
29.000       177
29.020       183
29.040       203
29.060       220
29.080       160
29.100       187
29.120       207
29.140       197
29.160       197
29.180       203
29.200       177
29.220       187
29.240       173
29.260       207
29.280       177
29.300       177
29.320       167
29.340       180
29.360       137
29.380       193
29.400       173
29.420       210
29.440       183
29.460       167
29.480       160
29.500       153
29.520       187
29.540       193
29.560       163
29.580       173
29.600       137
29.620       187
29.640       133
29.660       160
29.680       163
29.700       210
29.720       170
29.740       157
29.760       203
29.780       167
29.800       197
29.820       180
29.840       183
29.860       210
29.880       167
29.900       157
29.920       133
29.940       133
29.960       160
29.980       163
30.000       137
30.020       163
30.040       167
30.060       150
30.080       113
30.100       180
30.120       170
30.140       163
30.160       190
30.180       143
30.200       190
30.220       213
30.240       140
30.260       163
30.280       163
30.300       163
30.320       153
30.340       113
30.360       167
30.380       183
30.400       170
30.420       153
30.440       187
30.460       143
30.480       180
30.500       140
30.520       120
30.540       190
30.560       153
30.580       177
30.600       187
30.620       157
30.640       143
30.660       180
30.680       183
30.700       170
30.720       153
30.740       160
30.760       153
30.780       137
30.800       150
30.820       163
30.840       123
30.860       143
30.880       117
30.900       140
30.920       173
30.940       133
30.960       190
30.980       167
31.000       140
31.020       117
31.040       153
31.060       157
31.080       147
31.100       177
31.120       160
31.140       183
31.160       123
31.180       150
31.200       143
31.220       160
31.240       123
31.260       133
31.280       140
31.300       117
31.320       170
31.340       133
31.360       133
31.380       147
31.400       177
31.420       150
31.440       173
31.460       180
31.480       177
31.500       160
31.520       160
31.540       173
31.560       203
31.580       217
31.600       230
31.620       227
31.640       263
31.660       300
31.680       280
31.700       397
31.720       360
31.740       400
31.760       443
31.780       480
31.800       400
31.820       523
31.840       516
31.860       480
31.880       636
31.900       596
31.920       566
31.940       556
31.960       500
31.980       423
32.000       436
32.020       417
32.040       367
32.060       320
32.080       280
32.100       233
32.120       213
32.140       203
32.160       200
32.180       170
32.200       140
32.220       170
32.240       207
32.260       160
32.280       200
32.300       160
32.320       147
32.340       160
32.360       130
32.380       140
32.400       153
32.420       133
32.440       113
32.460       123
32.480        97
32.500       100
32.520       130
32.540       137
32.560       113
32.580       113
32.600        87
32.620       117
32.640       113
32.660       153
32.680       150
32.700        80
32.720       137
32.740       160
32.760       153
32.780       117
32.800       113
32.820       103
32.840       127
32.860       133
32.880       137
32.900       113
32.920        90
32.940       130
32.960        83
32.980       100
33.000       120
33.020        83
33.040       130
33.060       140
33.080       107
33.100        97
33.120       110
33.140        90
33.160       137
33.180       107
33.200        90
33.220        97
33.240        70
33.260        97
33.280       113
33.300       150
33.320       147
33.340       153
33.360       120
33.380        70
33.400       117
33.420       110
33.440       107
33.460        90
33.480       137
33.500       123
33.520       110
33.540        67
33.560        83
33.580        97
33.600        80
33.620        77
33.640       103
33.660       117
33.680       107
33.700        73
33.720       110
33.740       107
33.760        90
33.780        97
33.800       100
33.820       110
33.840       113
33.860        83
33.880       103
33.900       100
33.920        67
33.940        87
33.960        97
33.980        77
34.000       130
34.020        67
34.040        60
34.060       117
34.080        77
34.100        73
34.120       107
34.140        63
34.160        83
34.180       117
34.200        67
34.220       110
34.240        87
34.260       107
34.280       103
34.300        73
34.320       117
34.340        90
34.360       103
34.380        97
34.400       150
34.420        80
34.440        87
34.460       103
34.480        77
34.500       107
34.520       113
34.540        87
34.560        87
34.580        73
34.600        77
34.620       107
34.640        90
34.660        80
34.680       103
34.700        90
34.720       110
34.740        93
34.760        80
34.780        97
34.800       103
34.820        67
34.840       113
34.860        90
34.880        77
34.900       113
34.920        97
34.940        90
34.960        87
34.980        67
35.000        90
35.020        63
35.040       117
35.060       110
35.080       100
35.100        87
35.120        77
35.140        83
35.160        73
35.180        90
35.200        80
35.220        80
35.240        57
35.260        93
35.280        57
35.300        70
35.320        77
35.340       100
35.360        77
35.380        83
35.400        97
35.420        67
35.440        93
35.460        50
35.480        90
35.500       107
35.520       100
35.540        63
35.560        53
35.580       110
35.600        77
35.620        87
35.640        90
35.660        90
35.680        87
35.700        67
35.720        90
35.740        87
35.760       117
35.780        93
35.800        50
35.820        97
35.840        83
35.860        70
35.880        60
35.900        70
35.920        93
35.940        83
35.960        93
35.980        77
36.000        63
36.020        57
36.040       120
36.060       103
36.080        67
36.100        80
36.120        60
36.140        87
36.160        83
36.180        60
36.200       107
36.220        50
36.240        83
36.260       100
36.280        80
36.300        67
36.320        93
36.340        70
36.360        67
36.380        73
36.400        60
36.420       100
36.440        50
36.460        37
36.480        63
36.500        90
36.520        60
36.540        80
36.560        73
36.580        77
36.600       100
36.620        63
36.640        70
36.660        80
36.680        70
36.700        77
36.720        67
36.740       100
36.760        57
36.780        70
36.800        53
36.820        53
36.840        73
36.860        67
36.880        93
36.900        37
36.920        53
36.940        73
36.960        67
36.980        50
37.000        83
37.020        73
37.040        80
37.060        60
37.080        80
37.100        73
37.120        60
37.140        50
37.160        43
37.180        70
37.200        53
37.220        50
37.240        93
37.260        77
37.280        73
37.300        70
37.320        50
37.340        67
37.360        80
37.380        70
37.400        50
37.420        53
37.440        50
37.460        40
37.480        73
37.500        90
37.520        50
37.540        47
37.560        70
37.580        90
37.600        73
37.620        47
37.640        70
37.660        40
37.680        57
37.700        60
37.720        73
37.740        57
37.760        43
37.780        63
37.800        63
37.820        47
37.840        40
37.860        67
37.880        27
37.900        80
37.920        53
37.940        60
37.960        73
37.980        57
38.000        50
38.020        60
38.040        63
38.060        57
38.080        77
38.100        67
38.120        63
38.140        57
38.160        80
38.180        40
38.200        60
38.220        70
38.240        77
38.260        53
38.280        63
38.300        43
38.320        37
38.340        33
38.360        60
38.380        53
38.400        33
38.420        53
38.440        53
38.460        87
38.480        57
38.500        53
38.520        63
38.540        53
38.560        90
38.580        53
38.600        43
38.620        53
38.640        53
38.660        50
38.680        43
38.700        50
38.720        70
38.740        47
38.760        40
38.780        57
38.800        60
38.820        63
38.840        60
38.860        60
38.880        60
38.900        70
38.920        70
38.940        47
38.960        47
38.980        73
39.000        70
39.020        63
39.040        43
39.060        47
39.080        53
39.100        73
39.120        67
39.140        77
39.160       107
39.180        50
39.200        97
39.220        67
39.240        77
39.260       107
39.280       107
39.300       137
39.320       143
39.340       173
39.360       163
39.380       187
39.400       170
39.420       213
39.440       243
39.460       233
39.480       283
39.500       203
39.520       183
39.540       133
39.560       130
39.580        97
39.600       117
39.620       103
39.640        63
39.660        77
39.680        47
39.700        67
39.720        70
39.740        77
39.760        60
39.780        90
39.800        80
39.820        53
39.840        57
39.860        47
39.880        40
39.900        47
39.920        60
39.940        60
39.960        37
39.980        40
40.000        40
40.020        40
40.040        57
40.060        70
40.080        70
40.100        67
40.120        30
40.140        50
40.160        70
40.180        57
40.200        30
40.220        60
40.240        50
40.260        43
40.280        53
40.300        73
40.320        40
40.340        43
40.360        57
40.380        43
40.400        53
40.420        60
40.440        70
40.460        53
40.480        27
40.500        43
40.520        50
40.540        60
40.560        37
40.580        60
40.600        53
40.620        57
40.640        50
40.660        73
40.680        50
40.700        47
40.720        47
40.740        50
40.760        57
40.780        33
40.800        47
40.820        27
40.840        57
40.860        27
40.880        43
40.900        37
40.920        50
40.940        50
40.960        37
40.980        27
41.000        43
41.020        47
41.040        43
41.060        50
41.080        67
41.100        33
41.120        27
41.140        70
41.160        27
41.180        43
41.200        53
41.220        23
41.240        33
41.260        27
41.280        47
41.300        33
41.320        43
41.340        53
41.360        53
41.380        47
41.400        67
41.420        43
41.440        37
41.460        43
41.480        27
41.500        33
41.520        53
41.540        40
41.560        43
41.580        43
41.600        47
41.620        20
41.640        50
41.660        20
41.680        50
41.700        40
41.720        30
41.740        43
41.760        10
41.780        63
41.800        50
41.820        43
41.840        53
41.860        37
41.880        40
41.900        50
41.920        37
41.940        60
41.960        20
41.980        33
42.000        33
42.020        33
42.040        60
42.060        50
42.080        20
42.100        33
42.120        50
42.140        40
42.160        30
42.180        23
42.200        50
42.220        20
42.240        53
42.260        40
42.280        17
42.300        40
42.320        40
42.340        30
42.360        57
42.380        27
42.400        43
42.420        37
42.440        50
42.460        33
42.480        37
42.500        27
42.520        47
42.540        30
42.560        43
42.580        50
42.600        33
42.620        37
42.640        23
42.660        50
42.680        43
42.700        47
42.720        23
42.740        33
42.760        50
42.780        40
42.800        40
42.820        37
42.840        47
42.860        43
42.880        37
42.900        43
42.920        40
42.940        27
42.960        53
42.980        30
43.000        33
43.020        37
43.040        23
43.060        40
43.080        47
43.100        23
43.120        40
43.140        30
43.160        40
43.180        47
43.200        40
43.220        23
43.240        30
43.260        43
43.280        10
43.300        43
43.320        23
43.340        17
43.360        40
43.380        37
43.400        33
43.420        43
43.440        47
43.460        33
43.480        40
43.500        27
43.520        50
43.540        30
43.560        20
43.580        37
43.600        40
43.620        40
43.640        47
43.660        23
43.680        50
43.700        27
43.720        27
43.740        27
43.760        43
43.780        30
43.800        37
43.820        43
43.840        20
43.860        47
43.880        43
43.900        53
43.920        33
43.940        47
43.960        40
43.980        50
44.000        37
44.020        23
44.040        33
44.060        23
44.080        27
44.100        37
44.120        30
44.140        50
44.160        30
44.180        50
44.200        37
44.220        33
44.240        47
44.260        30
44.280        33
44.300        57
44.320        67
44.340        27
44.360        30
44.380        40
44.400        47
44.420        47
44.440        40
44.460        23
44.480        20
44.500        53
44.520        43
44.540        43
44.560        53
44.580        33
44.600        33
44.620        37
44.640        30
44.660        33
44.680        20
44.700        40
44.720        60
44.740        53
44.760        47
44.780        53
44.800        27
44.820        40
44.840        53
44.860        47
44.880        50
44.900        63
44.920        53
44.940        30
44.960        63
44.980        37
45.000        33
45.020        33
45.040        43
45.060        47
45.080        33
45.100        30
45.120        67
45.140        30
45.160        43
45.180        30
45.200        43
45.220        53
45.240        53
45.260        53
45.280        43
45.300        47
45.320        43
45.340        60
45.360        63
45.380        80
45.400        70
45.420       100
45.440        63
45.460        70
45.480        67
45.500        97
45.520       103
45.540       103
45.560       117
45.580       100
45.600       173
45.620       140
45.640       150
45.660       167
45.680       143
45.700       150
45.720       153
45.740       160
45.760       113
45.780       130
45.800       113
45.820       117
45.840       120
45.860        87
45.880        93
45.900        77
45.920        53
45.940        57
45.960        77
45.980        83
46.000        80
46.020        77
46.040        37
46.060        50
46.080        50
46.100        57
46.120        70
46.140        43
46.160        67
46.180        43
46.200        53
46.220        37
46.240        27
46.260        47
46.280        40
46.300        30
46.320        37
46.340        57
46.360        47
46.380        40
46.400        37
46.420        53
46.440        37
46.460        50
46.480        60
46.500        47
46.520        47
46.540        43
46.560        40
46.580        60
46.600        43
46.620        43
46.640        50
46.660        40
46.680        57
46.700        43
46.720        30
46.740        43
46.760        60
46.780        33
46.800        67
46.820        63
46.840        60
46.860        77
46.880        53
46.900        40
46.920        57
46.940        67
46.960        47
46.980        73
47.000        87
47.020        57
47.040       103
47.060        97
47.080       120
47.100       113
47.120       183
47.140       227
47.160       466
47.180       833
47.200      1259
47.220      1226
47.240      1023
47.260       583
47.280       280
47.300       210
47.320       103
47.340       110
47.360       100
47.380        67
47.400        93
47.420        90
47.440        57
47.460        47
47.480        80
47.500        77
47.520        73
47.540        80
47.560        43
47.580        60
47.600        60
47.620        50
47.640        37
47.660        53
47.680        73
47.700        37
47.720        33
47.740        70
47.760        50
47.780        50
47.800        57
47.820        40
47.840        47
47.860        60
47.880        50
47.900        40
47.920        63
47.940        20
47.960        30
47.980        50
48.000        37
48.020        50
48.040        47
48.060        27
48.080        43
48.100        60
48.120        40
48.140        37
48.160        53
48.180        53
48.200        30
48.220        43
48.240        50
48.260        43
48.280        43
48.300        40
48.320        73
48.340        47
48.360        50
48.380        50
48.400        40
48.420        43
48.440        37
48.460        40
48.480        23
48.500        40
48.520        43
48.540        37
48.560        37
48.580        43
48.600        50
48.620        17
48.640        43
48.660        43
48.680        33
48.700        40
48.720        37
48.740        33
48.760        17
48.780        27
48.800        20
48.820        60
48.840        30
48.860        70
48.880        53
48.900        43
48.920        50
48.940        40
48.960        43
48.980        67
49.000        40
49.020        53
49.040        37
49.060        37
49.080        37
49.100        43
49.120        30
49.140        30
49.160        43
49.180        40
49.200        50
49.220        43
49.240        50
49.260        57
49.280        43
49.300        40
49.320        33
49.340        30
49.360        43
49.380        27
49.400        17
49.420        40
49.440        40
49.460        47
49.480        37
49.500        43
49.520        43
49.540        43
49.560        33
49.580        33
49.600        33
49.620        40
49.640        33
49.660        43
49.680        40
49.700        47
49.720        37
49.740        37
49.760        43
49.780        33
49.800        37
49.820        37
49.840        17
49.860        23
49.880        30
49.900        50
49.920        47
49.940        37
49.960        20
49.980        40
50.000        27
50.020        27
50.040        33
50.060        23
50.080        40
50.100        47
50.120        30
50.140        37
50.160        30
50.180        40
50.200        33
50.220        43
50.240        27
50.260        37
50.280        23
50.300        20
50.320        17
50.340        33
50.360        30
50.380        53
50.400        40
50.420        27
50.440        43
50.460        57
50.480        33
50.500        47
50.520        43
50.540        27
50.560        67
50.580        53
50.600        70
50.620        83
50.640        80
50.660       130
50.680       187
50.700       237
50.720       267
50.740       260
50.760       303
50.780       347
50.800       357
50.820       333
50.840       323
50.860       317
50.880       307
50.900       327
50.920       257
50.940       367
50.960       327
50.980       267
51.000       357
51.020       367
51.040       307
51.060       290
51.080       290
51.100       277
51.120       330
51.140       313
51.160       333
51.180       317
51.200       377
51.220       317
51.240       340
51.260       350
51.280       283
51.300       387
51.320       400
51.340       330
51.360       327
51.380       363
51.400       387
51.420       333
51.440       353
51.460       327
51.480       353
51.500       313
51.520       317
51.540       333
51.560       370
51.580       436
51.600       407
51.620       310
51.640       353
51.660       323
51.680       390
51.700       363
51.720       387
51.740       390
51.760       450
51.780       420
51.800       433
51.820       383
51.840       340
51.860       426
51.880       383
51.900       420
51.920       460
51.940       486
51.960       420
51.980       463
52.000       426
52.020       433
52.040       550
52.060       556
52.080       593
52.100       583
52.120       693
52.140       673
52.160       646
52.180       743
52.200       683
52.220       836
52.240       853
52.260      1226
52.280      1606
52.300      2226
52.320      3029
52.340      4255
52.360      4905
52.380      6264
52.400      6897
52.420      7867
52.440      8740
52.460      9030
52.480     10109
52.500     11995
52.520     15477
52.540     26299
52.560     59573
52.580    108080
52.600    140440
52.620    147231
52.640    116953
52.660     60399
52.680     30554
52.700     37325
52.720     59253
52.740     78289
52.760     81261
52.780     62958
52.800     31231
52.820     12002
52.840      5754
52.860      3768
52.880      2902
52.900      2296
52.920      1889
52.940      1576
52.960      1449
52.980      1269
53.000      1126
53.020      1066
53.040       910
53.060       866
53.080       746
53.100       730
53.120       623
53.140       710
53.160       600
53.180       656
53.200       623
53.220       546
53.240       590
53.260       580
53.280       526
53.300       533
53.320       490
53.340       500
53.360       473
53.380       466
53.400       410
53.420       410
53.440       423
53.460       460
53.480       393
53.500       397
53.520       357
53.540       333
53.560       370
53.580       403
53.600       327
53.620       400
53.640       303
53.660       323
53.680       387
53.700       303
53.720       310
53.740       293
53.760       283
53.780       300
53.800       313
53.820       303
53.840       263
53.860       340
53.880       270
53.900       337
53.920       240
53.940       267
53.960       260
53.980       270
54.000       313
54.020       287
54.040       210
54.060       280
54.080       300
54.100       263
54.120       310
54.140       283
54.160       263
54.180       240
54.200       273
54.220       263
54.240       250
54.260       277
54.280       273
54.300       207
54.320       253
54.340       253
54.360       260
54.380       217
54.400       193
54.420       227
54.440       257
54.460       203
54.480       260
54.500       207
54.520       227
54.540       200
54.560       217
54.580       263
54.600       267
54.620       243
54.640       207
54.660       207
54.680       200
54.700       210
54.720       273
54.740       217
54.760       217
54.780       247
54.800       230
54.820       200
54.840       200
54.860       223
54.880       230
54.900       240
54.920       207
54.940       253
54.960       193
54.980       183
55.000       223
55.020       220
55.040       150
55.060       193
55.080       173
55.100       207
55.120       160
55.140       197
55.160       200
55.180       227
55.200       237
55.220       213
55.240       140
55.260       223
55.280       193
55.300       177
55.320       203
55.340       223
55.360       140
55.380       217
55.400       180
55.420       150
55.440       153
55.460       213
55.480       187
55.500       177
55.520       223
55.540       200
55.560       200
55.580       220
55.600       170
55.620       183
55.640       230
55.660       180
55.680       193
55.700       153
55.720       200
55.740       123
55.760       190
55.780       197
55.800       133
55.820       213
55.840       173
55.860       213
55.880       187
55.900       193
55.920       153
55.940       143
55.960       153
55.980       213
56.000       213
56.020       160
56.040       150
56.060       183
56.080       170
56.100       157
56.120       153
56.140       203
56.160       233
56.180       183
56.200       183
56.220       167
56.240       170
56.260       140
56.280       163
56.300       217
56.320       163
56.340       233
56.360       157
56.380       193
56.400       183
56.420       163
56.440       183
56.460       183
56.480       160
56.500       173
56.520       183
56.540       150
56.560       190
56.580       197
56.600       180
56.620       120
56.640       163
56.660       150
56.680       197
56.700       167
56.720       170
56.740       180
56.760       170
56.780       163
56.800       197
56.820       237
56.840       263
56.860       277
56.880       240
56.900       230
56.920       263
56.940       277
56.960       250
56.980       280
57.000       267
57.020       263
57.040       230
57.060       200
57.080       227
57.100       237
57.120       223
57.140       193
57.160       193
57.180       170
57.200       153
57.220       207
57.240       163
57.260       160
57.280       207
57.300       143
57.320       140
57.340       170
57.360       153
57.380       150
57.400       130
57.420       173
57.440       140
57.460       117
57.480       147
57.500       163
57.520       150
57.540       137
57.560       203
57.580       130
57.600       110
57.620       160
57.640       133
57.660       143
57.680       117
57.700       143
57.720       103
57.740       160
57.760       153
57.780       147
57.800       167
57.820       137
57.840       130
57.860       137
57.880       130
57.900       103
57.920       127
57.940       123
57.960       147
57.980       127
58.000       113
58.020       150
58.040       143
58.060       130
58.080       153
58.100       153
58.120       143
58.140       147
58.160       113
58.180       100
58.200       123
58.220       103
58.240       137
58.260       110
58.280       127
58.300       170
58.320       177
58.340       130
58.360       147
58.380       147
58.400       120
58.420       113
58.440       127
58.460       123
58.480       110
58.500       110
58.520       163
58.540       157
58.560       103
58.580       110
58.600       113
58.620       120
58.640       133
58.660       117
58.680        93
58.700        70
58.720       137
58.740       190
58.760       133
58.780       140
58.800        87
58.820        87
58.840       143
58.860       127
58.880       127
58.900       127
58.920        70
58.940       117
58.960       127
58.980       123
59.000       133
59.020       113
59.040       150
59.060       147
59.080       107
59.100        80
59.120       110
59.140        87
59.160       127
59.180       110
59.200       130
59.220       107
59.240       140
59.260       100
59.280       123
59.300       107
59.320       100
59.340        67
59.360       120
59.380       127
59.400        90
59.420       110
59.440       117
59.460       107
59.480        83
59.500        97
59.520       113
59.540        80
59.560       113
59.580       113
59.600       120
59.620        93
59.640       100
59.660       133
59.680        83
59.700        90
59.720       103
59.740       120
59.760       103
59.780        80
59.800       127
59.820        93
59.840        60
59.860       110
59.880        80
59.900       100
59.920        83
59.940       123
59.960       103
59.980        80
60.000       137
