20.000        57
20.020        57
20.040        50
20.060        63
20.080        93
20.100        67
20.120        60
20.140        77
20.160        70
20.180        77
20.200        93
20.220        67
20.240        67
20.260        63
20.280        53
20.300        63
20.320        70
20.340        60
20.360        73
20.380        47
20.400        47
20.420        60
20.440        60
20.460        43
20.480        90
20.500        63
20.520        47
20.540        73
20.560        57
20.580        50
20.600        60
20.620        70
20.640        20
20.660        53
20.680        63
20.700        57
20.720        83
20.740       107
20.760        43
20.780        60
20.800        53
20.820        60
20.840        37
20.860        50
20.880        60
20.900        50
20.920        57
20.940        63
20.960        67
20.980        63
21.000        60
21.020        50
21.040        50
21.060        70
21.080        80
21.100        67
21.120        63
21.140        57
21.160        50
21.180        47
21.200        33
21.220        63
21.240        63
21.260        60
21.280        63
21.300        53
21.320        63
21.340        67
21.360        77
21.380        60
21.400        70
21.420       103
21.440        77
21.460        53
21.480        67
21.500        57
21.520        67
21.540        70
21.560        40
21.580        47
21.600        93
21.620        57
21.640        63
21.660        63
21.680        63
21.700        63
21.720        57
21.740        63
21.760        50
21.780        57
21.800        63
21.820        40
21.840        50
21.860        60
21.880        57
21.900        77
21.920        47
21.940        90
21.960        73
21.980        67
22.000        70
22.020        57
22.040       103
22.060       100
22.080       123
22.100        87
22.120       143
22.140       100
22.160       123
22.180       133
22.200       123
22.220       107
22.240       127
22.260       170
22.280       153
22.300       140
22.320       157
22.340       107
22.360       123
22.380       133
22.400       163
22.420       110
22.440       113
22.460       133
22.480       100
22.500        90
22.520        53
22.540        83
22.560        90
22.580        90
22.600        77
22.620        73
22.640        77
22.660       117
22.680        87
22.700       100
22.720        83
22.740        83
22.760        80
22.780        90
22.800        93
22.820        90
22.840        80
22.860        50
22.880        93
22.900        70
22.920        77
22.940        77
22.960        93
22.980        97
23.000       120
23.020       123
23.040       100
23.060       143
23.080       247
23.100       257
23.120       193
23.140       137
23.160       103
23.180       103
23.200        87
23.220       120
23.240        73
23.260       107
23.280        73
23.300        63
23.320        87
23.340        47
23.360        83
23.380        87
23.400        77
23.420        87
23.440        67
23.460        93
23.480        67
23.500        87
23.520        80
23.540        57
23.560        83
23.580        50
23.600        80
23.620        60
23.640        73
23.660        57
23.680        73
23.700        63
23.720        67
23.740        70
23.760        67
23.780        73
23.800        80
23.820        93
23.840        83
23.860        57
23.880        47
23.900        80
23.920        73
23.940        70
23.960        77
23.980        80
24.000        70
24.020        47
24.040        63
24.060        53
24.080        47
24.100        90
24.120        57
24.140        70
24.160        93
24.180        77
24.200        63
24.220        83
24.240        60
24.260        83
24.280        80
24.300        70
24.320        80
24.340        83
24.360        53
24.380        70
24.400        97
24.420        53
24.440        53
24.460        50
24.480        70
24.500        70
24.520        70
24.540        90
24.560        67
24.580        80
24.600        43
24.620        60
24.640        40
24.660        70
24.680        83
24.700        73
24.720        83
24.740        73
24.760       123
24.780       147
24.800       107
24.820       113
24.840       113
24.860       107
24.880        77
24.900        90
24.920       100
24.940       113
24.960        93
24.980       123
25.000       127
25.020       103
25.040       140
25.060        93
25.080       137
25.100       110
25.120        93
25.140       117
25.160        87
25.180        93
25.200        93
25.220       150
25.240       113
25.260       153
25.280       117
25.300       117
25.320       103
25.340       177
25.360       130
25.380       170
25.400       153
25.420       233
25.440       223
25.460       327
25.480       456
25.500       510
25.520       483
25.540      1236
25.560      6248
25.580     16927
25.600     17330
25.620     13861
25.640     12778
25.660     11429
25.680      8533
25.700      5584
25.720      3472
25.740      2446
25.760      2003
25.780      1416
25.800       943
25.820       626
25.840       360
25.860       263
25.880       207
25.900       153
25.920       170
25.940       103
25.960       140
25.980       133
26.000       110
26.020       177
26.040       120
26.060       107
26.080        97
26.100       127
26.120       113
26.140       100
26.160       150
26.180        80
26.200        97
26.220        87
26.240       117
26.260       110
26.280       100
26.300        90
26.320       107
26.340        77
26.360        90
26.380       117
26.400        97
26.420        77
26.440        87
26.460        77
26.480        80
26.500        77
26.520       123
26.540        70
26.560        90
26.580        70
26.600       107
26.620        83
26.640        67
26.660        97
26.680        93
26.700       100
26.720       113
26.740        87
26.760        83
26.780        80
26.800        93
26.820        90
26.840        80
26.860        83
26.880        63
26.900        87
26.920       103
26.940        80
26.960        80
26.980        93
27.000        93
27.020        90
27.040        93
27.060        93
27.080        80
27.100        80
27.120        87
27.140        77
27.160        97
27.180        63
27.200        87
27.220       107
27.240        87
27.260        60
27.280        70
27.300        77
27.320        93
27.340        67
27.360        77
27.380        60
27.400        83
27.420        87
27.440        70
27.460       113
27.480        53
27.500        53
27.520        73
27.540        87
27.560        63
27.580        90
27.600        80
27.620        80
27.640        80
27.660        83
27.680        67
27.700        87
27.720        70
27.740        73
27.760        87
27.780        43
27.800        63
27.820        83
27.840        90
27.860        70
27.880        83
27.900        83
27.920        43
27.940        97
27.960        80
27.980        77
28.000        67
28.020       103
28.040        53
28.060       113
28.080        90
28.100        80
28.120       107
28.140        73
28.160        63
28.180       103
28.200        87
28.220        50
28.240        97
28.260        63
28.280        57
28.300        70
28.320        70
28.340        67
28.360        70
28.380        73
28.400        80
28.420        57
28.440        77
28.460        80
28.480        63
28.500        97
28.520        70
28.540        83
28.560        60
28.580        83
28.600        83
28.620        70
28.640        97
28.660        83
28.680        83
28.700       103
28.720        73
28.740        67
28.760        73
28.780        77
28.800        70
28.820        87
28.840        73
28.860        67
28.880        80
28.900        77
28.920        87
28.940        70
28.960        67
28.980        60
29.000        93
29.020       110
29.040        77
29.060        87
29.080        83
29.100        73
29.120        67
29.140        50
29.160        73
29.180        60
29.200        80
29.220       110
29.240        60
29.260       107
29.280        43
29.300        83
29.320        63
29.340       113
29.360        63
29.380        53
29.400        80
29.420        77
29.440        57
29.460        70
29.480        83
29.500        90
29.520        87
29.540        63
29.560        73
29.580        93
29.600        67
29.620        50
29.640        70
29.660        63
29.680        70
29.700        73
29.720        63
29.740        80
29.760        77
29.780        67
29.800        73
29.820        80
29.840        73
29.860        93
29.880        53
29.900        50
29.920        50
29.940        87
29.960        93
29.980        77
30.000        57
30.020        57
30.040        63
30.060        37
30.080        60
30.100        60
30.120        67
30.140        63
30.160        60
30.180        80
30.200        80
30.220        53
30.240        57
30.260        53
30.280        70
30.300        80
30.320        90
30.340        57
30.360        80
30.380        60
30.400       110
30.420        67
30.440        83
30.460        40
30.480        57
30.500        77
30.520        73
30.540        90
30.560        67
30.580        67
30.600       107
30.620        47
30.640        80
30.660        77
30.680        77
30.700        60
30.720        70
30.740        57
30.760        97
30.780        77
30.800        77
30.820        63
30.840        70
30.860        83
30.880       110
30.900        97
30.920        77
30.940        90
30.960        63
30.980        80
31.000       100
31.020        80
31.040        67
31.060        63
31.080        70
31.100        90
31.120        63
31.140        80
31.160        73
31.180        57
31.200        53
31.220        90
31.240        77
31.260        73
31.280       107
31.300       117
31.320        90
31.340        80
31.360       140
31.380       117
31.400       130
31.420       190
31.440       147
31.460       163
31.480       190
31.500       180
31.520       250
31.540       257
31.560       290
31.580       347
31.600       377
31.620       393
31.640       540
31.660       483
31.680       686
31.700       656
31.720       636
31.740       680
31.760       660
31.780       506
31.800       546
31.820       413
31.840       327
31.860       343
31.880       257
31.900       187
31.920       223
31.940       197
31.960       157
31.980       113
32.000       163
32.020       147
32.040        83
32.060       110
32.080        87
32.100        93
32.120       133
32.140       117
32.160        67
32.180        83
32.200        90
32.220        77
32.240        97
32.260        67
32.280        90
32.300       100
32.320        97
32.340        67
32.360        70
32.380        67
32.400        93
32.420        67
32.440        97
32.460        47
32.480        53
32.500        63
32.520        57
32.540        53
32.560        73
32.580        77
32.600        50
32.620        63
32.640        67
32.660        63
32.680        37
32.700        47
32.720        57
32.740        53
32.760        53
32.780        47
32.800        50
32.820        73
32.840        80
32.860        60
32.880        77
32.900        50
32.920        60
32.940        53
32.960        63
32.980        67
33.000        23
33.020        33
33.040        47
33.060        37
33.080        60
33.100        73
33.120        43
33.140        60
33.160        60
33.180        60
33.200        80
33.220        67
33.240        47
33.260        23
33.280        67
33.300        47
33.320        33
33.340        60
33.360        43
33.380        57
33.400        53
33.420        57
33.440        63
33.460        63
33.480        40
33.500        40
33.520        40
33.540        70
33.560        37
33.580        77
33.600        40
33.620        67
33.640        40
33.660        47
33.680        47
33.700        47
33.720        60
33.740        60
33.760        57
33.780        37
33.800        43
33.820        63
33.840        33
33.860        57
33.880        50
33.900        63
33.920        40
33.940        47
33.960        43
33.980        40
34.000        50
34.020        40
34.040        47
34.060        33
34.080        50
34.100        77
34.120        53
34.140        50
34.160        53
34.180        57
34.200        33
34.220        67
34.240        50
34.260        57
34.280        73
34.300        53
34.320        63
34.340        73
34.360        73
34.380        53
34.400        47
34.420        27
34.440        53
34.460        30
34.480        40
34.500        47
34.520        60
34.540        57
34.560        40
34.580        47
34.600        60
34.620        37
34.640        23
34.660        73
34.680        53
34.700        37
34.720        37
34.740        50
34.760        70
34.780        43
34.800        57
34.820        67
34.840        27
34.860        40
34.880        37
34.900        43
34.920        43
34.940        40
34.960        47
34.980        27
35.000        50
35.020        53
35.040        60
35.060        33
35.080        50
35.100        40
35.120        53
35.140        43
35.160        43
35.180        30
35.200        57
35.220        27
35.240        33
35.260        33
35.280        43
35.300        30
35.320        30
35.340        33
35.360        63
35.380        40
35.400        27
35.420        33
35.440        53
35.460        33
35.480        53
35.500        60
35.520        60
35.540        47
35.560        13
35.580        33
35.600        53
35.620        53
35.640        53
35.660        47
35.680        33
35.700        33
35.720        37
35.740        47
35.760        60
35.780        50
35.800        50
35.820        40
35.840        30
35.860        40
35.880        40
35.900        60
35.920        40
35.940        50
35.960        50
35.980        23
36.000        43
36.020        50
36.040        43
36.060        37
36.080        23
36.100        30
36.120        53
36.140        43
36.160        20
36.180        43
36.200        37
36.220        43
36.240        23
36.260        20
36.280        50
36.300        53
36.320        30
36.340        33
36.360        37
36.380        47
36.400        27
36.420        33
36.440        43
36.460        57
36.480        57
36.500        30
36.520        47
36.540        40
36.560        60
36.580        23
36.600        33
36.620        37
36.640        23
36.660        37
36.680        57
36.700        30
36.720        47
36.740        17
36.760        57
36.780        30
36.800        40
36.820        47
36.840        47
36.860        57
36.880        27
36.900        37
36.920        47
36.940        37
36.960        43
36.980        50
37.000        37
37.020        33
37.040        73
37.060        50
37.080        47
37.100        40
37.120        57
37.140        40
37.160        53
37.180        37
37.200        57
37.220        57
37.240        47
37.260        37
37.280        37
37.300        37
37.320        70
37.340        40
37.360        47
37.380        37
37.400        30
37.420        23
37.440        30
37.460        33
37.480        33
37.500        37
37.520        57
37.540        30
37.560        33
37.580        40
37.600        23
37.620        37
37.640        37
37.660        30
37.680        43
37.700        37
37.720        27
37.740        30
37.760        17
37.780        33
37.800        70
37.820        37
37.840        47
37.860        30
37.880        43
37.900        20
37.920        57
37.940        63
37.960        37
37.980        47
38.000        43
38.020        27
38.040        27
38.060        40
38.080        27
38.100        30
38.120        40
38.140        40
38.160        30
38.180        43
38.200        23
38.220        40
38.240        40
38.260        33
38.280        57
38.300        23
38.320        33
38.340        57
38.360        43
38.380        30
38.400        57
38.420        27
38.440        53
38.460        30
38.480        57
38.500        47
38.520        47
38.540        20
38.560        40
38.580        23
38.600        27
38.620        30
38.640        23
38.660        53
38.680        60
38.700        33
38.720        53
38.740        53
38.760        43
38.780        43
38.800        40
38.820        57
38.840        27
38.860        43
38.880        53
38.900        57
38.920        57
38.940        77
38.960        93
38.980        90
39.000        70
39.020       120
39.040       130
39.060       113
39.080       170
39.100       163
39.120       213
39.140       270
39.160       340
39.180       373
39.200       453
39.220       470
39.240       430
39.260       430
39.280       520
39.300       440
39.320       407
39.340       353
39.360       280
39.380       190
39.400       163
39.420       160
39.440       147
39.460       120
39.480        73
39.500       120
39.520       110
39.540        97
39.560        90
39.580        90
39.600        63
39.620        90
39.640        63
39.660        90
39.680        73
39.700        70
39.720        63
39.740        80
39.760        80
39.780        47
39.800        50
39.820        47
39.840        37
39.860        40
39.880        67
39.900        73
39.920        50
39.940        57
39.960        40
39.980        30
40.000        53
40.020        50
40.040        43
40.060        67
40.080        47
40.100        40
40.120        70
40.140        40
40.160        50
40.180        43
40.200        50
40.220        57
40.240        73
40.260        43
40.280        37
40.300        77
40.320        23
40.340        37
40.360        47
40.380        20
40.400        47
40.420        33
40.440        17
40.460        27
40.480        43
40.500        40
40.520        63
40.540        33
40.560        30
40.580         7
40.600        30
40.620        20
40.640        50
40.660        33
40.680        40
40.700        23
40.720        43
40.740        40
40.760        33
40.780        33
40.800        27
40.820        47
40.840        63
40.860        33
40.880        37
40.900        33
40.920        30
40.940        33
40.960        30
40.980        33
41.000        20
41.020        20
41.040        63
41.060        27
41.080        33
41.100        17
41.120        23
41.140        33
41.160        27
41.180        13
41.200        47
41.220        23
41.240        27
41.260        57
41.280        40
41.300        27
41.320        40
41.340        30
41.360        57
41.380        33
41.400        37
41.420        50
41.440        13
41.460        30
41.480        20
41.500        50
41.520        43
41.540        37
41.560        20
41.580        30
41.600        27
41.620        23
41.640        30
41.660        50
41.680        27
41.700        27
41.720        37
41.740        27
41.760        23
41.780        50
41.800        30
41.820        27
41.840        33
41.860        33
41.880        17
41.900        23
41.920        37
41.940        40
41.960        17
41.980        33
42.000        27
42.020        10
42.040        50
42.060        50
42.080        10
42.100        50
42.120        33
42.140        33
42.160        27
42.180        13
42.200        13
42.220        40
42.240        27
42.260        20
42.280        47
42.300        30
42.320        33
42.340        30
42.360        30
42.380        33
42.400        27
42.420        23
42.440        27
42.460        30
42.480        50
42.500        30
42.520        20
42.540        30
42.560        30
42.580        27
42.600        27
42.620        33
42.640        20
42.660        20
42.680        20
42.700        40
42.720        17
42.740        27
42.760        30
42.780        47
42.800        37
42.820        30
42.840        37
42.860        13
42.880        17
42.900        33
42.920        40
42.940        20
42.960        23
42.980        17
43.000        23
43.020        13
43.040        30
43.060        37
43.080        23
43.100        20
43.120        50
43.140        30
43.160        33
43.180        30
43.200        30
43.220        23
43.240        27
43.260        30
43.280        50
43.300        43
43.320        23
43.340        10
43.360        30
43.380        23
43.400        23
43.420        23
43.440        13
43.460        37
43.480        30
43.500        27
43.520        27
43.540        33
43.560        23
43.580        33
43.600        27
43.620        23
43.640        30
43.660        17
43.680        27
43.700        20
43.720        23
43.740        30
43.760        27
43.780        20
43.800        37
43.820        43
43.840        17
43.860        13
43.880        37
43.900        43
43.920        27
43.940        33
43.960        33
43.980        33
44.000        37
44.020        23
44.040        40
44.060        13
44.080        20
44.100        17
44.120        27
44.140        30
44.160        17
44.180        37
44.200        17
44.220        20
44.240         7
44.260        33
44.280        50
44.300        17
44.320        43
44.340        33
44.360        27
44.380        27
44.400        37
44.420        30
44.440        23
44.460        13
44.480        40
44.500        37
44.520        17
44.540        27
44.560        23
44.580        30
44.600        37
44.620        47
44.640        23
44.660        23
44.680        33
44.700        47
44.720        33
44.740        37
44.760        30
44.780        30
44.800        27
44.820        47
44.840        40
44.860        40
44.880        53
44.900        57
44.920        40
44.940        40
44.960        33
44.980        50
45.000        60
45.020        60
45.040        40
45.060        30
45.080        50
45.100        43
45.120        57
45.140        70
45.160        80
45.180        50
45.200        57
45.220        60
45.240        67
45.260        73
45.280        80
45.300        97
45.320       127
45.340        83
45.360        70
45.380       157
45.400       120
45.420       147
45.440       140
45.460       120
45.480       107
45.500       110
45.520       147
45.540       163
45.560       143
45.580       117
45.600       133
45.620       120
45.640       120
45.660        90
45.680       120
45.700       103
45.720       117
45.740        83
45.760        90
45.780        47
45.800        73
45.820        53
45.840        33
45.860        57
45.880        50
45.900        57
45.920        57
45.940        40
45.960        33
45.980        60
46.000        73
46.020        17
46.040        57
46.060        47
46.080        33
46.100        23
46.120        53
46.140        40
46.160        63
46.180        53
46.200        27
46.220        47
46.240        50
46.260        30
46.280        40
46.300        33
46.320        67
46.340        60
46.360        27
46.380        23
46.400        37
46.420        43
46.440        23
46.460        27
46.480        40
46.500        30
46.520        27
46.540        23
46.560        27
46.580        17
46.600        37
46.620        33
46.640        40
46.660        33
46.680        40
46.700        60
46.720        40
46.740        57
46.760        83
46.780        40
46.800        50
46.820        67
46.840        67
46.860        37
46.880        43
46.900        27
46.920        57
46.940        63
46.960        73
46.980        73
47.000        47
47.020        57
47.040        40
47.060        60
47.080        60
47.100        60
47.120        63
47.140        80
47.160       147
47.180       263
47.200       330
47.220       213
47.240       160
47.260       137
47.280        97
47.300        63
47.320        73
47.340        70
47.360        77
47.380        40
47.400        60
47.420        37
47.440        33
47.460        40
47.480        40
47.500        27
47.520        53
47.540        37
47.560        37
47.580        27
47.600        17
47.620        37
47.640        20
47.660        43
47.680        37
47.700        13
47.720        30
47.740        30
47.760        27
47.780        27
47.800        30
47.820        37
47.840        30
47.860        30
47.880        33
47.900        47
47.920        20
47.940        30
47.960        40
47.980        27
48.000        30
48.020        13
48.040         7
48.060        30
48.080        23
48.100        17
48.120        37
48.140        13
48.160        13
48.180        17
48.200        27
48.220        27
48.240        40
48.260        40
48.280        20
48.300        37
48.320        23
48.340        23
48.360        27
48.380        40
48.400        43
48.420        23
48.440        33
48.460        40
48.480        33
48.500        17
48.520        33
48.540        23
48.560        47
48.580        27
48.600        30
48.620        10
48.640        50
48.660        43
48.680        17
48.700        20
48.720        23
48.740        27
48.760        20
48.780        30
48.800        27
48.820        27
48.840        20
48.860        30
48.880        27
48.900        27
48.920        27
48.940        27
48.960        30
48.980        23
49.000        37
49.020        27
49.040        20
49.060        30
49.080        27
49.100        13
49.120        27
49.140        30
49.160         7
49.180        43
49.200        30
49.220        20
49.240        23
49.260        20
49.280        33
49.300        30
49.320        10
49.340        27
49.360        30
49.380        23
49.400        17
49.420        17
49.440        43
49.460        40
49.480        27
49.500        30
49.520        37
49.540        30
49.560        20
49.580        23
49.600        17
49.620        43
49.640        33
49.660        23
49.680        17
49.700        20
49.720        33
49.740        33
49.760        10
49.780        30
49.800        30
49.820        27
49.840        10
49.860        27
49.880        43
49.900        17
49.920        47
49.940        20
49.960        27
49.980        17
50.000        43
50.020        30
50.040        40
50.060        13
50.080        33
50.100        23
50.120        37
50.140        17
50.160        13
50.180        20
50.200        27
50.220        23
50.240        43
50.260        27
50.280        13
50.300        27
50.320        40
50.340        37
50.360        50
50.380        20
50.400        37
50.420        23
50.440        20
50.460        27
50.480        13
50.500        33
50.520        30
50.540        27
50.560        30
50.580        33
50.600        27
50.620        33
50.640        40
50.660        53
50.680        37
50.700        57
50.720        67
50.740        80
50.760        73
50.780        87
50.800        70
50.820        93
50.840        87
50.860       113
50.880       100
50.900       120
50.920       110
50.940        77
50.960        70
50.980       117
51.000       133
51.020        83
51.040        93
51.060        90
51.080       113
51.100       117
51.120       100
51.140        93
51.160       133
51.180       100
51.200       120
51.220       127
51.240       107
51.260        90
51.280        90
51.300       107
51.320        73
51.340        93
51.360       100
51.380        53
51.400        93
51.420       117
51.440       120
51.460        97
51.480        87
51.500        73
51.520        93
51.540       107
51.560       110
51.580        97
51.600       110
51.620       120
51.640        43
51.660       117
51.680        83
51.700        80
51.720       147
51.740        87
51.760       123
51.780        93
51.800       103
51.820       127
51.840       110
51.860       120
51.880       103
51.900       130
51.920       110
51.940        77
51.960       107
51.980       120
52.000       120
52.020       123
52.040       133
52.060       140
52.080       173
52.100       157
52.120       143
52.140       120
52.160       140
52.180       140
52.200       150
52.220       143
52.240       163
52.260       197
52.280       220
52.300       253
52.320       320
52.340       370
52.360       510
52.380       553
52.400       520
52.420       496
52.440       590
52.460       696
52.480       776
52.500      1193
52.520      1939
52.540      3719
52.560     12025
52.580     27339
52.600     28555
52.620     20705
52.640     14101
52.660     10126
52.680      9969
52.700     13998
52.720     20495
52.740     19829
52.760     14304
52.780      8980
52.800      5824
52.820      4475
52.840      4292
52.860      3852
52.880      3135
52.900      2029
52.920      1213
52.940       683
52.960       490
52.980       380
53.000       323
53.020       367
53.040       260
53.060       240
53.080       263
53.100       180
53.120       157
53.140       153
53.160       157
53.180       203
53.200       123
53.220       173
53.240       130
53.260       183
53.280       140
53.300       147
53.320       100
53.340       120
53.360       133
53.380       127
53.400       100
53.420       130
53.440       130
53.460       127
53.480        93
53.500        97
53.520       110
53.540       140
53.560       110
53.580        90
53.600       130
53.620        67
53.640        77
53.660        60
53.680        93
53.700        53
53.720       133
53.740       107
53.760       107
53.780        87
53.800        97
53.820        77
53.840        80
53.860        80
53.880        97
53.900       110
53.920        93
53.940        50
53.960        63
53.980       113
54.000        87
54.020        60
54.040        80
54.060        90
54.080        70
54.100        80
54.120        80
54.140        97
54.160        77
54.180        80
54.200        83
54.220        90
54.240        60
54.260        57
54.280        57
54.300        67
54.320        67
54.340        50
54.360        73
54.380        53
54.400        77
54.420        80
54.440        67
54.460       107
54.480        67
54.500        40
54.520       103
54.540        83
54.560        53
54.580       100
54.600        73
54.620        50
54.640        17
54.660        73
54.680        63
54.700        60
54.720        57
54.740       113
54.760        77
54.780        73
54.800        70
54.820        63
54.840        47
54.860        40
54.880        97
54.900        83
54.920        97
54.940        57
54.960        67
54.980        43
55.000        43
55.020        60
55.040        57
55.060        67
55.080        43
55.100        60
55.120        47
55.140        70
55.160        53
55.180        60
55.200        33
55.220        60
55.240        43
55.260        40
55.280        53
55.300        47
55.320        63
55.340        57
55.360        70
55.380        47
55.400        23
55.420        57
55.440        53
55.460        47
55.480        47
55.500        53
55.520        57
55.540        30
55.560        57
55.580        70
55.600        73
55.620        87
55.640        57
55.660        83
55.680        53
55.700        57
55.720        50
55.740        60
55.760        73
55.780        50
55.800        40
55.820        50
55.840        47
55.860        30
55.880        57
55.900        50
55.920        37
55.940        60
55.960        57
55.980        40
56.000        27
56.020        27
56.040        57
56.060        70
56.080        57
56.100        40
56.120        60
56.140        63
56.160        57
56.180        60
56.200        53
56.220        63
56.240        47
56.260        63
56.280        30
56.300        60
56.320        67
56.340        60
56.360        57
56.380        57
56.400        47
56.420        53
56.440        60
56.460       100
56.480        87
56.500        73
56.520        57
56.540        93
56.560       147
56.580       110
56.600       163
56.620       113
56.640        97
56.660       133
56.680       137
56.700       137
56.720        87
56.740       117
56.760        77
56.780       107
56.800        97
56.820        87
56.840        90
56.860        80
56.880        83
56.900        67
56.920        87
56.940        63
56.960        63
56.980        83
57.000        73
57.020       103
57.040        90
57.060        57
57.080        53
57.100        73
57.120        83
57.140        70
57.160        40
57.180        50
57.200        57
57.220        80
57.240        60
57.260        83
57.280        40
57.300        60
57.320        53
57.340        50
57.360        37
57.380        43
57.400        60
57.420        57
57.440        80
57.460        40
57.480        47
57.500        40
57.520        63
57.540        43
57.560        33
57.580        43
57.600        40
57.620        33
57.640        47
57.660        50
57.680        30
57.700        77
57.720        43
57.740        40
57.760        47
57.780        33
57.800        50
57.820        47
57.840        50
57.860        23
57.880        23
57.900        20
57.920        43
57.940        43
57.960        50
57.980        50
58.000        47
58.020        60
58.040        40
58.060        13
58.080        37
58.100        50
58.120        50
58.140        77
58.160        40
58.180        50
58.200        13
58.220        27
58.240        30
58.260        37
58.280        33
58.300        27
58.320        57
58.340        33
58.360        47
58.380        37
58.400        27
58.420        40
58.440        40
58.460        33
58.480        40
58.500        53
58.520        63
58.540        20
58.560        30
58.580        40
58.600        40
58.620        40
58.640        27
58.660        43
58.680        47
58.700        23
58.720        60
58.740        33
58.760        23
58.780        47
58.800        23
58.820        43
58.840        40
58.860        27
58.880        17
58.900        43
58.920        47
58.940        53
58.960        43
58.980        57
59.000        23
59.020        30
59.040        40
59.060        40
59.080        43
59.100        43
59.120        33
59.140        63
59.160        40
59.180        47
59.200        40
59.220        57
59.240        47
59.260        20
59.280        37
59.300        47
59.320        37
59.340        37
59.360        40
59.380        40
59.400        43
59.420        30
59.440        57
59.460        43
59.480        27
59.500        33
59.520        20
59.540        47
59.560        40
59.580        37
59.600        33
59.620        40
59.640        50
59.660        17
59.680        23
59.700        37
59.720        20
59.740        37
59.760        27
59.780        37
59.800        33
59.820        40
59.840        40
59.860        23
59.880        37
59.900        27
59.920        37
59.940        47
59.960        30
59.980        40
60.000        47
