20.000        33
20.020        33
20.040        30
20.060        57
20.080        43
20.100        50
20.120        50
20.140        43
20.160        57
20.180        53
20.200        63
20.220        60
20.240        60
20.260        33
20.280        43
20.300        40
20.320        13
20.340        57
20.360        23
20.380        43
20.400        70
20.420        47
20.440        37
20.460        53
20.480        47
20.500        47
20.520        60
20.540        43
20.560        57
20.580        67
20.600        37
20.620        37
20.640        37
20.660        10
20.680        20
20.700        33
20.720        43
20.740        60
20.760        50
20.780        43
20.800        57
20.820        73
20.840        30
20.860        17
20.880        43
20.900        60
20.920        37
20.940        20
20.960        47
20.980        47
21.000        23
21.020        37
21.040        40
21.060        30
21.080        47
21.100        43
21.120        27
21.140        43
21.160        37
21.180        87
21.200        33
21.220        37
21.240        30
21.260        33
21.280        47
21.300        40
21.320        53
21.340        60
21.360        50
21.380        63
21.400        43
21.420        23
21.440        60
21.460        40
21.480        33
21.500        37
21.520        50
21.540        13
21.560        67
21.580        43
21.600        63
21.620        40
21.640        37
21.660        33
21.680        30
21.700        37
21.720        50
21.740        43
21.760        43
21.780        43
21.800        43
21.820        63
21.840        40
21.860        53
21.880        53
21.900        37
21.920        60
21.940        57
21.960        63
21.980        53
22.000        37
22.020        47
22.040        57
22.060        63
22.080        53
22.100        57
22.120        47
22.140        50
22.160        43
22.180        43
22.200        53
22.220        43
22.240        70
22.260        67
22.280        57
22.300        63
22.320        43
22.340        37
22.360        47
22.380        43
22.400        53
22.420        23
22.440        47
22.460        47
22.480        37
22.500        67
22.520        30
22.540        63
22.560        37
22.580        60
22.600        53
22.620        93
22.640        57
22.660        43
22.680        37
22.700        37
22.720        60
22.740        23
22.760        37
22.780        43
22.800        47
22.820        43
22.840        37
22.860        50
22.880        30
22.900        40
22.920        27
22.940        53
22.960        40
22.980        30
23.000        10
23.020        40
23.040        47
23.060        50
23.080        33
23.100        47
23.120        40
23.140        57
23.160        37
23.180        53
23.200        43
23.220        33
23.240        40
23.260        23
23.280        33
23.300        20
23.320        40
23.340        43
23.360        30
23.380        30
23.400        43
23.420        53
23.440        37
23.460        23
23.480        43
23.500        47
23.520        23
23.540        37
23.560        43
23.580        27
23.600        30
23.620        33
23.640        27
23.660        30
23.680        40
23.700        37
23.720        30
23.740        20
23.760        53
23.780        27
23.800        37
23.820        30
23.840        30
23.860        30
23.880        53
23.900        27
23.920        23
23.940        13
23.960        27
23.980        40
24.000        43
24.020        60
24.040        40
24.060        57
24.080        47
24.100        43
24.120        30
24.140        43
24.160        47
24.180        37
24.200        40
24.220        50
24.240        43
24.260        30
24.280        23
24.300        30
24.320        40
24.340        40
24.360        53
24.380        37
24.400        23
24.420        10
24.440        53
24.460        40
24.480        43
24.500        40
24.520        33
24.540        43
24.560        50
24.580        33
24.600        20
24.620        47
24.640        37
24.660        27
24.680        27
24.700        10
24.720        27
24.740        27
24.760        30
24.780        27
24.800        30
24.820        10
24.840        33
24.860        43
24.880        40
24.900        50
24.920        20
24.940        37
24.960        23
24.980        40
25.000        13
25.020        47
25.040        20
25.060        33
25.080        63
25.100        37
25.120        17
25.140        37
25.160        30
25.180        30
25.200        43
25.220        43
25.240        13
25.260        27
25.280        27
25.300        23
25.320        30
25.340        30
25.360        27
25.380        47
25.400        37
25.420        43
25.440        43
25.460        33
25.480        47
25.500        37
25.520        30
25.540        20
25.560        20
25.580        37
25.600        67
25.620        57
25.640        37
25.660        37
25.680        33
25.700        43
25.720        33
25.740        27
25.760        37
25.780        20
25.800        20
25.820        33
25.840        37
25.860        23
25.880        43
25.900        37
25.920        40
25.940        40
25.960        23
25.980        27
26.000        20
26.020        30
26.040        33
26.060        33
26.080        30
26.100        30
26.120        50
26.140        47
26.160        27
26.180        23
26.200        47
26.220        53
26.240        20
26.260        20
26.280        23
26.300        33
26.320        37
26.340        20
26.360        37
26.380        33
26.400        43
26.420        30
26.440        33
26.460        30
26.480        37
26.500        30
26.520        57
26.540        20
26.560        27
26.580        40
26.600        33
26.620        40
26.640        27
26.660        23
26.680        33
26.700        47
26.720        27
26.740        40
26.760        17
26.780        23
26.800        37
26.820        33
26.840        23
26.860        23
26.880        57
26.900        27
26.920        37
26.940        40
26.960        10
26.980        17
27.000        17
27.020        37
27.040        33
27.060        30
27.080        27
27.100        13
27.120        33
27.140        40
27.160        37
27.180        30
27.200        30
27.220        27
27.240         3
27.260        27
27.280        20
27.300        23
27.320        43
27.340        30
27.360        20
27.380        33
27.400        20
27.420        13
27.440        23
27.460        27
27.480        30
27.500        20
27.520        20
27.540        17
27.560        30
27.580        30
27.600        40
27.620        23
27.640        40
27.660        27
27.680        10
27.700        40
27.720        20
27.740        30
27.760        33
27.780        17
27.800        27
27.820        23
27.840        40
27.860        30
27.880        23
27.900        13
27.920        17
27.940        40
27.960        30
27.980        43
28.000        33
28.020        33
28.040        33
28.060        27
28.080        30
28.100        37
28.120        43
28.140        33
28.160        20
28.180        40
28.200        20
28.220        40
28.240        17
28.260        40
28.280        33
28.300        13
28.320        20
28.340        13
28.360        30
28.380        20
28.400        30
28.420        23
28.440        20
28.460        40
28.480        37
28.500        43
28.520        30
28.540        23
28.560        27
28.580        27
28.600        30
28.620        30
28.640        23
28.660        23
28.680        40
28.700        20
28.720        30
28.740        27
28.760        27
28.780        27
28.800        37
28.820        30
28.840        43
28.860         7
28.880        30
28.900        10
28.920         3
28.940        30
28.960        40
28.980        43
29.000        30
29.020        27
29.040        20
29.060        40
29.080        33
29.100        37
29.120        57
29.140        33
29.160        57
29.180        30
29.200        47
29.220        33
29.240        37
29.260        23
29.280        30
29.300        37
29.320        20
29.340        33
29.360        27
29.380        30
29.400        43
29.420        40
29.440        30
29.460        20
29.480        37
29.500        20
29.520        27
29.540        30
29.560        13
29.580        17
29.600        53
29.620        27
29.640        37
29.660        37
29.680        30
29.700        40
29.720        23
29.740        17
29.760        27
29.780        23
29.800        27
29.820        17
29.840        13
29.860        33
29.880        27
29.900        23
29.920        30
29.940        20
29.960        20
29.980        33
30.000        43
30.020        13
30.040        40
30.060        50
30.080        43
30.100        10
30.120        27
30.140        40
30.160        13
30.180        30
30.200        10
30.220        23
30.240        23
30.260        20
30.280        17
30.300        20
30.320        37
30.340        20
30.360        17
30.380        33
30.400        30
30.420        13
30.440        23
30.460        27
30.480        20
30.500        37
30.520        33
30.540        23
30.560        13
30.580        20
30.600        23
30.620        10
30.640        30
30.660        33
30.680        13
30.700        20
30.720        27
30.740        27
30.760        23
30.780        23
30.800        30
30.820        27
30.840        47
30.860        23
30.880        20
30.900        27
30.920        23
30.940        40
30.960        37
30.980        40
31.000        43
31.020        33
31.040        37
31.060        50
31.080        60
31.100        33
31.120        43
31.140        40
31.160        20
31.180        33
31.200        27
31.220        53
31.240        63
31.260        70
31.280        47
31.300        47
31.320        53
31.340        60
31.360        63
31.380        70
31.400       100
31.420        87
31.440        93
31.460        70
31.480        83
31.500       117
31.520        93
31.540       107
31.560       110
31.580       113
31.600        93
31.620       120
31.640       100
31.660       107
31.680       100
31.700       140
31.720        57
31.740       100
31.760        63
31.780        60
31.800        97
31.820        90
31.840        73
31.860       103
31.880        60
31.900        57
31.920        53
31.940        70
31.960        70
31.980        83
32.000        63
32.020        53
32.040        57
32.060        27
32.080        43
32.100        43
32.120        53
32.140        57
32.160        50
32.180        40
32.200        33
32.220        50
32.240        40
32.260        20
32.280        47
32.300        30
32.320        40
32.340        47
32.360        37
32.380        30
32.400        47
32.420        17
32.440        27
32.460        20
32.480        17
32.500        37
32.520        40
32.540        20
32.560        57
32.580        33
32.600        30
32.620        27
32.640        33
32.660        43
32.680        27
32.700        17
32.720        27
32.740        30
32.760        27
32.780        20
32.800        33
32.820        27
32.840        27
32.860        23
32.880        27
32.900        27
32.920        23
32.940        30
32.960        27
32.980        13
33.000        20
33.020        27
33.040        30
33.060        23
33.080        20
33.100        37
33.120        30
33.140        47
33.160        27
33.180        23
33.200        23
33.220        47
33.240        37
33.260        37
33.280        13
33.300        30
33.320        30
33.340        27
33.360        13
33.380        37
33.400        30
33.420        23
33.440        33
33.460        23
33.480        23
33.500        27
33.520        30
33.540        17
33.560        23
33.580        43
33.600        17
33.620        17
33.640        10
33.660        10
33.680        33
33.700        33
33.720        27
33.740        27
33.760        10
33.780        33
33.800        30
33.820        37
33.840        37
33.860        20
33.880        30
33.900        23
33.920        13
33.940        37
33.960        33
33.980        30
34.000        43
34.020        17
34.040        50
34.060        17
34.080        33
34.100        23
34.120        37
34.140        23
34.160        27
34.180        20
34.200        43
34.220        37
34.240        17
34.260        20
34.280        23
34.300        13
34.320        27
34.340        17
34.360        13
34.380        13
34.400        17
34.420        23
34.440        53
34.460        30
34.480        17
34.500        27
34.520        43
34.540        33
34.560        20
34.580        17
34.600        37
34.620        20
34.640        23
34.660        30
34.680        23
34.700        43
34.720        20
34.740        17
34.760        27
34.780        27
34.800        33
34.820        30
34.840        37
34.860        17
34.880        33
34.900        50
34.920        37
34.940        63
34.960        43
34.980        67
35.000        50
35.020        40
35.040        80
35.060        47
35.080        67
35.100        60
35.120       120
35.140       167
35.160       377
35.180       650
35.200       736
35.220       473
35.240       257
35.260       293
35.280       363
35.300       303
35.320       160
35.340        67
35.360        47
35.380        23
35.400        23
35.420        33
35.440        33
35.460        23
35.480        23
35.500        33
35.520        20
35.540        20
35.560        30
35.580        33
35.600        20
35.620        10
35.640        33
35.660        23
35.680        23
35.700        17
35.720        33
35.740        30
35.760        30
35.780        27
35.800        30
35.820        27
35.840         7
35.860        17
35.880        17
35.900        27
35.920        20
35.940        20
35.960        27
35.980        23
36.000        33
36.020        23
36.040        17
36.060        37
36.080        37
36.100         7
36.120        27
36.140        33
36.160        23
36.180        23
36.200        27
36.220        10
36.240        13
36.260        13
36.280        17
36.300        27
36.320        30
36.340        20
36.360        27
36.380        20
36.400        17
36.420        13
36.440        17
36.460        27
36.480        20
36.500        23
36.520        27
36.540        17
36.560        20
36.580        50
36.600        20
36.620        23
36.640        23
36.660        20
36.680        10
36.700        30
36.720        20
36.740        17
36.760        30
36.780        27
36.800        33
36.820        30
36.840        37
36.860        23
36.880        30
36.900        20
36.920        23
36.940        20
36.960        40
36.980        23
37.000        37
37.020        33
37.040        20
37.060        27
37.080        33
37.100        17
37.120        43
37.140        27
37.160        10
37.180        20
37.200        27
37.220        17
37.240        27
37.260        10
37.280        20
37.300        20
37.320        17
37.340        17
37.360        10
37.380         7
37.400        20
37.420        10
37.440        33
37.460        10
37.480        43
37.500        40
37.520        17
37.540        20
37.560        37
37.580        20
37.600        23
37.620        10
37.640        27
37.660        10
37.680        27
37.700        17
37.720        23
37.740        30
37.760        33
37.780        27
37.800        27
37.820        20
37.840        30
37.860        20
37.880        33
37.900        37
37.920        33
37.940        20
37.960        13
37.980        47
38.000        27
38.020        13
38.040        13
38.060        33
38.080        23
38.100        37
38.120        23
38.140        17
38.160        37
38.180        23
38.200        27
38.220        33
38.240        10
38.260        37
38.280        30
38.300        43
38.320        30
38.340        33
38.360         3
38.380        33
38.400        33
38.420        13
38.440        27
38.460        30
38.480        27
38.500        23
38.520        10
38.540        43
38.560        20
38.580        13
38.600        37
38.620        10
38.640        53
38.660        30
38.680        33
38.700        20
38.720        50
38.740        40
38.760        63
38.780        40
38.800        50
38.820        23
38.840        63
38.860        33
38.880        40
38.900        43
38.920        40
38.940        90
38.960        60
38.980        83
39.000        67
39.020       103
39.040        87
39.060        73
39.080        83
39.100        97
39.120       110
39.140        97
39.160        83
39.180        97
39.200        80
39.220        97
39.240        63
39.260        60
39.280        63
39.300        60
39.320        60
39.340        37
39.360        83
39.380        60
39.400        53
39.420        50
39.440        63
39.460        57
39.480        47
39.500        43
39.520        30
39.540        37
39.560        43
39.580        33
39.600        30
39.620        40
39.640        23
39.660        10
39.680        37
39.700        27
39.720        27
39.740        27
39.760        30
39.780        27
39.800        20
39.820        23
39.840        17
39.860        27
39.880        40
39.900        23
39.920        17
39.940        37
39.960        40
39.980        23
40.000        30
40.020        23
40.040        47
40.060        17
40.080        13
40.100        27
40.120        50
40.140        20
40.160        23
40.180        30
40.200        20
40.220        37
40.240        10
40.260        27
40.280        27
40.300        17
40.320        13
40.340        20
40.360        20
40.380        30
40.400        23
40.420        33
40.440        27
40.460        53
40.480        23
40.500        30
40.520        27
40.540        27
40.560        30
40.580        23
40.600        17
40.620        37
40.640        27
40.660        23
40.680        27
40.700        27
40.720        30
40.740        20
40.760        23
40.780        27
40.800        23
40.820        33
40.840        33
40.860        20
40.880        27
40.900        37
40.920        17
40.940        23
40.960        27
40.980        27
41.000         7
41.020        43
41.040        23
41.060        30
41.080        23
41.100        30
41.120        13
41.140        33
41.160        13
41.180        13
41.200        27
41.220        23
41.240        23
41.260        20
41.280        30
41.300        17
41.320        37
41.340        27
41.360        23
41.380        43
41.400        47
41.420        10
41.440        20
41.460        23
41.480        30
41.500        33
41.520        37
41.540        33
41.560        37
41.580        63
41.600        73
41.620        80
41.640       117
41.660       143
41.680       187
41.700       200
41.720       250
41.740       237
41.760       300
41.780       153
41.800       150
41.820       130
41.840       127
41.860       127
41.880        80
41.900        83
41.920        23
41.940        20
41.960        13
41.980        33
42.000        23
42.020        30
42.040        33
42.060        27
42.080        30
42.100        30
42.120        17
42.140        37
42.160        43
42.180        23
42.200        17
42.220        27
42.240        47
42.260        27
42.280        43
42.300        17
42.320        13
42.340        13
42.360        23
42.380        23
42.400        27
42.420        20
42.440        20
42.460        27
42.480        23
42.500        17
42.520        23
42.540        37
42.560        20
42.580        27
42.600        27
42.620        27
42.640        23
42.660        17
42.680        13
42.700        23
42.720        30
42.740        37
42.760        17
42.780        17
42.800        17
42.820        23
42.840        23
42.860        37
42.880        27
42.900        40
42.920        10
42.940        17
42.960         3
42.980        17
43.000        23
43.020        13
43.040        23
43.060        23
43.080        13
43.100        23
43.120        30
43.140        13
43.160        10
43.180        17
43.200        27
43.220        17
43.240        37
43.260        23
43.280        53
43.300        33
43.320        47
43.340        57
43.360        47
43.380        63
43.400        83
43.420        60
43.440        80
43.460        50
43.480        53
43.500        50
43.520        50
43.540        57
43.560        33
43.580        37
43.600        17
43.620        17
43.640        27
43.660        23
43.680        27
43.700        23
43.720        33
43.740        30
43.760        23
43.780        23
43.800        23
43.820        13
43.840        10
43.860        23
43.880        40
43.900        20
43.920        23
43.940        33
43.960        30
43.980        27
44.000        13
44.020        20
44.040        27
44.060        43
44.080        33
44.100        33
44.120        30
44.140        27
44.160        43
44.180        20
44.200        37
44.220        27
44.240        37
44.260        37
44.280        27
44.300        37
44.320        33
44.340        10
44.360        30
44.380        40
44.400        57
44.420        47
44.440        37
44.460        53
44.480        27
44.500        27
44.520        37
44.540        37
44.560        50
44.580        43
44.600        33
44.620        40
44.640        33
44.660        30
44.680        40
44.700        37
44.720        47
44.740        53
44.760        27
44.780        33
44.800        43
44.820        37
44.840        50
44.860        87
44.880        63
44.900        63
44.920        83
44.940        77
44.960        63
44.980        53
45.000        43
45.020        80
45.040        77
45.060        67
45.080        73
45.100        90
45.120        40
45.140        73
45.160        70
45.180        70
45.200        53
45.220        80
45.240        90
45.260       100
45.280        67
45.300        80
45.320        70
45.340        63
45.360        73
45.380        70
45.400        77
45.420        57
45.440        73
45.460        67
45.480        53
45.500        63
45.520        43
45.540        60
45.560        53
45.580        60
45.600        53
45.620        83
45.640        27
45.660        70
45.680        47
45.700        57
45.720        50
45.740        53
45.760        20
45.780        47
45.800        47
45.820        70
45.840        33
45.860        27
45.880        27
45.900        20
45.920        27
45.940        43
45.960        27
45.980        37
46.000        40
46.020        27
46.040        40
46.060        43
46.080        43
46.100        30
46.120        33
46.140        27
46.160        43
46.180        37
46.200        33
46.220        30
46.240        47
46.260        43
46.280        23
46.300        40
46.320        30
46.340        47
46.360        30
46.380        23
46.400        27
46.420        33
46.440        43
46.460        23
46.480        27
46.500        33
46.520        23
46.540        27
46.560        57
46.580        20
46.600        27
46.620        30
46.640        20
46.660        17
46.680        27
46.700        33
46.720        23
46.740        27
46.760        30
46.780        30
46.800        27
46.820        23
46.840        17
46.860        43
46.880        20
46.900        23
46.920        33
46.940        43
46.960        43
46.980        27
47.000        23
47.020        30
47.040        23
47.060        10
47.080        23
47.100        10
47.120        27
47.140        17
47.160        23
47.180        13
47.200        13
47.220        17
47.240        23
47.260        47
47.280        27
47.300        23
47.320        33
47.340        27
47.360        10
47.380        23
47.400        13
47.420        23
47.440        33
47.460        37
47.480        13
47.500        30
47.520        30
47.540        23
47.560        13
47.580        20
47.600        23
47.620        23
47.640        37
47.660        20
47.680        23
47.700        30
47.720        20
47.740         0
47.760        10
47.780        17
47.800        13
47.820        20
47.840        20
47.860         3
47.880        23
47.900        27
47.920        23
47.940        10
47.960        23
47.980        13
48.000        13
48.020        30
48.040        23
48.060        40
48.080        23
48.100        23
48.120        30
48.140        27
48.160        20
48.180        13
48.200        20
48.220        30
48.240        13
48.260        23
48.280        23
48.300        23
48.320        17
48.340        17
48.360        20
48.380        30
48.400        37
48.420        13
48.440        17
48.460        17
48.480        17
48.500        13
48.520        17
48.540        23
48.560        10
48.580        13
48.600         7
48.620        10
48.640        17
48.660        20
48.680        10
48.700        13
48.720        37
48.740        20
48.760        23
48.780        17
48.800        10
48.820        17
48.840        23
48.860         3
48.880        23
48.900        17
48.920        23
48.940        10
48.960        13
48.980         7
49.000        10
49.020        10
49.040         0
49.060        23
49.080        10
49.100        17
49.120        20
49.140        33
49.160        20
49.180        20
49.200        13
49.220        17
49.240        13
49.260        33
49.280        27
49.300         7
49.320        20
49.340        23
49.360        17
49.380        20
49.400        20
49.420        10
49.440        17
49.460        23
49.480        27
49.500        13
49.520        17
49.540        20
49.560        17
49.580        23
49.600        13
49.620        10
49.640        20
49.660        13
49.680        23
49.700        93
49.720        30
49.740        23
49.760        23
49.780         7
49.800        27
49.820        17
49.840        10
49.860        10
49.880         3
49.900        37
49.920        33
49.940        13
49.960        13
49.980         7
50.000        10
50.020        20
50.040        17
50.060        13
50.080        13
50.100        23
50.120        20
50.140        23
50.160        20
50.180        13
50.200        27
50.220        30
50.240        27
50.260        10
50.280        13
50.300        23
50.320        30
50.340        33
50.360         7
50.380        13
50.400         0
50.420        10
50.440        17
50.460        17
50.480        27
50.500        27
50.520        10
50.540        13
50.560        10
50.580        13
50.600        17
50.620        13
50.640        23
50.660        30
50.680        20
50.700        10
50.720        23
50.740        13
50.760        23
50.780        10
50.800        10
50.820        10
50.840         3
50.860         7
50.880        10
50.900        23
50.920        10
50.940        17
50.960         3
50.980        17
51.000        10
51.020        13
51.040         7
51.060        20
51.080        23
51.100         7
51.120        27
51.140        27
51.160        20
51.180        13
51.200        10
51.220         0
51.240        23
51.260        10
51.280        33
51.300        17
51.320        20
51.340        20
51.360        17
51.380        13
51.400        27
51.420        30
51.440        23
51.460        20
51.480        27
51.500        27
51.520         7
51.540        20
51.560        23
51.580        23
51.600        10
51.620        17
51.640        17
51.660        10
51.680        17
51.700         7
51.720        13
51.740        20
51.760        23
51.780        10
51.800        13
51.820        30
51.840        13
51.860        20
51.880        17
51.900        23
51.920        10
51.940        17
51.960        17
51.980        20
52.000         3
52.020        10
52.040        10
52.060        30
52.080        23
52.100        17
52.120        17
52.140        17
52.160        10
52.180        30
52.200        23
52.220        13
52.240        20
52.260        10
52.280         7
52.300        13
52.320        13
52.340         3
52.360        17
52.380        17
52.400        13
52.420        13
52.440        23
52.460        17
52.480        20
52.500        10
52.520        30
52.540        23
52.560        40
52.580        40
52.600        57
52.620        40
52.640        27
52.660        20
52.680        33
52.700         7
52.720        57
52.740        50
52.760        37
52.780        33
52.800        23
52.820        10
52.840        23
52.860        20
52.880        10
52.900        10
52.920        30
52.940        20
52.960        17
52.980        10
53.000        13
53.020         7
53.040        13
53.060        13
53.080         7
53.100        10
53.120        17
53.140        17
53.160        20
53.180        10
53.200        10
53.220        17
53.240        23
53.260        23
53.280        10
53.300        20
53.320        10
53.340         7
53.360        17
53.380        20
53.400         7
53.420         3
53.440        13
53.460         7
53.480        17
53.500        20
53.520        17
53.540        10
53.560        13
53.580         7
53.600        13
53.620        13
53.640        30
53.660        20
53.680        33
53.700        27
53.720        30
53.740        10
53.760        13
53.780        17
53.800         3
53.820        13
53.840        20
53.860        20
53.880        13
53.900         7
53.920        13
53.940         7
53.960         7
53.980         7
54.000         7
54.020        23
54.040         0
54.060        17
54.080        17
54.100        10
54.120         7
54.140        13
54.160        17
54.180        20
54.200        10
54.220        23
54.240        20
54.260        20
54.280        10
54.300        13
54.320        20
54.340         7
54.360        20
54.380         7
54.400        13
54.420        23
54.440        20
54.460        17
54.480         0
54.500        17
54.520        20
54.540         3
54.560         7
54.580        23
54.600        10
54.620        10
54.640        30
54.660        20
54.680        20
54.700        17
54.720        17
54.740         7
54.760        10
54.780        20
54.800        20
54.820        20
54.840        23
54.860        17
54.880        17
54.900        17
54.920         7
54.940        20
54.960        17
54.980        23
55.000        20
55.020        17
55.040        23
55.060        10
55.080        17
55.100        33
55.120        10
55.140        23
55.160        10
55.180        20
55.200        23
55.220         3
55.240        13
55.260         7
55.280        10
55.300        40
55.320         3
55.340         7
55.360        27
55.380        10
55.400        17
55.420        10
55.440        23
55.460        20
55.480        13
55.500        13
55.520        20
55.540        17
55.560        13
55.580        13
55.600        33
55.620        13
55.640        10
55.660         3
55.680        27
55.700        13
55.720        23
55.740        10
55.760        20
55.780        20
55.800         7
55.820         7
55.840        23
55.860        17
55.880        20
55.900        27
55.920        30
55.940        27
55.960        17
55.980        27
56.000        40
56.020        20
56.040        13
56.060        10
56.080        37
56.100        20
56.120        37
56.140        20
56.160        13
56.180        30
56.200         7
56.220        23
56.240        47
56.260        17
56.280        23
56.300        33
56.320        23
56.340        40
56.360        47
56.380        30
56.400        27
56.420        23
56.440        57
56.460        27
56.480        33
56.500        30
56.520        37
56.540        33
56.560        33
56.580        27
56.600        33
56.620        37
56.640        23
56.660        20
56.680        27
56.700        27
56.720        23
56.740        20
56.760        30
56.780        17
56.800        13
56.820        30
56.840        20
56.860        20
56.880        37
56.900        30
56.920        20
56.940        30
56.960         7
56.980        13
57.000        27
57.020        40
57.040        13
57.060        37
57.080        33
57.100        23
57.120        23
57.140        23
57.160        27
57.180        40
57.200        23
57.220        33
57.240        20
57.260        27
57.280        17
57.300        33
57.320        27
57.340        30
57.360        20
57.380        43
57.400        40
57.420        13
57.440        37
57.460        33
57.480        67
57.500        53
57.520       143
57.540       223
57.560       350
57.580       343
57.600       217
57.620       107
57.640        83
57.660        73
57.680       100
57.700       127
57.720       147
57.740       180
57.760       143
57.780        77
57.800        27
57.820        23
57.840        40
57.860        37
57.880        17
57.900        27
57.920        10
57.940        17
57.960        17
57.980        23
58.000         3
58.020        27
58.040        30
58.060        13
58.080         7
58.100        10
58.120        30
58.140         3
58.160        30
58.180        17
58.200        10
58.220        13
58.240        13
58.260        13
58.280        27
58.300        10
58.320        13
58.340         7
58.360        33
58.380        17
58.400        23
58.420        27
58.440         7
58.460        20
58.480        13
58.500        10
58.520        23
58.540        23
58.560        27
58.580        17
58.600        13
58.620        17
58.640         7
58.660         7
58.680         7
58.700         3
58.720        17
58.740         3
58.760        13
58.780         7
58.800        13
58.820         7
58.840        17
58.860        23
58.880        13
58.900        20
58.920        17
58.940        20
58.960        10
58.980         3
59.000        10
59.020        20
59.040        10
59.060         3
59.080        10
59.100         7
59.120        13
59.140        17
59.160        10
59.180        27
59.200        13
59.220        23
59.240        23
59.260         7
59.280         3
59.300        17
59.320         7
59.340        23
59.360        20
59.380        13
59.400         0
59.420         7
59.440        13
59.460        27
59.480        17
59.500        20
59.520        17
59.540        10
59.560        27
59.580         7
59.600        17
59.620        17
59.640        10
59.660        20
59.680        13
59.700        23
59.720        27
59.740        17
59.760        27
59.780        17
59.800        20
59.820        23
59.840        13
59.860         7
59.880        10
59.900         3
59.920        13
59.940        13
59.960         0
59.980        20
60.000        23
