20.000        53
20.020        70
20.040        37
20.060        87
20.080        50
20.100        47
20.120        57
20.140        47
20.160        37
20.180        57
20.200        63
20.220        70
20.240        50
20.260        43
20.280        50
20.300        43
20.320        73
20.340        43
20.360        63
20.380        50
20.400        77
20.420        23
20.440        23
20.460        30
20.480        40
20.500        57
20.520        77
20.540        37
20.560        40
20.580        43
20.600        57
20.620        67
20.640        50
20.660        60
20.680        57
20.700        40
20.720        27
20.740        63
20.760        53
20.780        63
20.800        50
20.820        47
20.840        43
20.860        40
20.880        47
20.900        33
20.920        47
20.940        40
20.960        43
20.980        47
21.000        63
21.020        53
21.040        47
21.060        53
21.080        47
21.100        43
21.120        50
21.140        57
21.160        37
21.180        27
21.200        53
21.220        20
21.240        40
21.260        60
21.280        63
21.300        63
21.320        27
21.340        53
21.360        50
21.380        57
21.400        53
21.420        37
21.440        33
21.460        40
21.480        47
21.500        50
21.520        37
21.540        40
21.560        63
21.580        33
21.600        50
21.620        70
21.640        33
21.660        60
21.680        40
21.700        37
21.720        67
21.740        67
21.760        77
21.780        40
21.800        50
21.820        47
21.840        40
21.860        47
21.880        40
21.900        57
21.920        70
21.940        87
21.960        80
21.980        63
22.000        73
22.020        90
22.040        40
22.060        77
22.080        73
22.100        93
22.120        57
22.140        87
22.160        77
22.180        83
22.200        93
22.220        87
22.240       123
22.260        80
22.280       137
22.300       113
22.320       120
22.340        97
22.360        90
22.380        53
22.400        77
22.420        90
22.440        90
22.460        63
22.480        50
22.500        57
22.520        37
22.540        47
22.560        27
22.580        67
22.600        53
22.620        40
22.640        63
22.660        33
22.680        67
22.700        33
22.720        33
22.740        37
22.760        27
22.780        47
22.800        60
22.820        43
22.840        47
22.860        57
22.880        47
22.900        53
22.920        63
22.940        17
22.960        50
22.980        47
23.000        67
23.020        57
23.040        43
23.060        47
23.080        47
23.100        50
23.120        47
23.140        47
23.160        43
23.180        40
23.200        43
23.220        33
23.240        40
23.260        20
23.280        53
23.300        57
23.320        27
23.340        43
23.360        33
23.380        23
23.400        33
23.420        37
23.440        40
23.460        50
23.480        50
23.500        43
23.520        47
23.540        50
23.560        43
23.580        30
23.600        47
23.620        47
23.640        60
23.660        40
23.680        57
23.700        27
23.720        47
23.740        30
23.760        40
23.780        33
23.800        40
23.820        47
23.840        47
23.860        33
23.880        47
23.900        47
23.920        13
23.940        37
23.960        47
23.980        37
24.000        33
24.020        40
24.040        23
24.060        30
24.080        47
24.100        43
24.120        37
24.140        60
24.160        33
24.180        23
24.200        53
24.220        37
24.240        33
24.260        40
24.280        30
24.300        40
24.320        37
24.340        37
24.360        37
24.380        30
24.400        47
24.420        40
24.440        37
24.460        27
24.480        47
24.500        40
24.520        27
24.540        47
24.560        43
24.580        43
24.600        33
24.620        50
24.640        30
24.660        10
24.680        33
24.700        30
24.720        43
24.740        47
24.760        47
24.780        37
24.800        50
24.820        43
24.840        37
24.860        33
24.880        40
24.900        33
24.920        23
24.940        30
24.960        30
24.980        33
25.000        27
25.020        60
25.040        23
25.060        67
25.080        47
25.100        33
25.120        53
25.140        20
25.160        60
25.180        40
25.200        47
25.220        37
25.240        30
25.260        57
25.280        37
25.300        43
25.320        60
25.340        47
25.360        33
25.380        57
25.400        70
25.420        53
25.440        57
25.460        67
25.480        63
25.500        70
25.520       133
25.540       117
25.560       110
25.580       150
25.600       137
25.620        93
25.640        83
25.660       113
25.680        67
25.700        53
25.720        33
25.740        47
25.760        47
25.780        60
25.800        30
25.820        43
25.840        33
25.860        37
25.880        60
25.900        47
25.920        43
25.940        43
25.960        23
25.980        33
26.000        47
26.020        27
26.040        23
26.060        33
26.080        40
26.100        30
26.120        47
26.140        33
26.160        37
26.180        50
26.200        47
26.220        50
26.240        10
26.260        20
26.280        33
26.300        30
26.320        33
26.340        40
26.360        20
26.380        20
26.400        33
26.420        43
26.440        13
26.460        27
26.480        23
26.500        33
26.520        50
26.540        33
26.560        27
26.580        47
26.600        40
26.620        23
26.640        37
26.660        33
26.680        33
26.700        23
26.720        47
26.740        27
26.760        27
26.780        57
26.800        23
26.820        37
26.840        37
26.860        27
26.880        17
26.900        30
26.920        43
26.940        27
26.960        50
26.980        40
27.000        57
27.020        23
27.040        37
27.060        37
27.080        43
27.100        13
27.120        27
27.140        27
27.160        43
27.180        27
27.200        30
27.220        37
27.240        20
27.260        23
27.280        43
27.300        30
27.320        33
27.340        40
27.360        17
27.380        33
27.400        27
27.420        30
27.440        47
27.460        30
27.480        37
27.500        17
27.520        33
27.540        30
27.560        13
27.580        27
27.600        47
27.620        50
27.640        33
27.660        20
27.680        40
27.700        27
27.720        40
27.740        23
27.760        37
27.780        33
27.800        33
27.820        17
27.840        37
27.860        37
27.880        50
27.900        17
27.920        10
27.940        33
27.960        27
27.980        30
28.000        20
28.020        40
28.040        10
28.060        20
28.080        53
28.100        23
28.120        43
28.140        37
28.160        20
28.180        30
28.200        13
28.220        50
28.240        27
28.260        27
28.280        43
28.300        23
28.320        53
28.340        37
28.360        27
28.380        57
28.400        40
28.420        40
28.440        27
28.460        37
28.480        43
28.500        37
28.520        40
28.540        30
28.560        33
28.580        27
28.600        20
28.620        37
28.640        40
28.660        27
28.680        27
28.700        37
28.720        20
28.740        30
28.760        33
28.780        17
28.800        57
28.820        53
28.840        50
28.860        40
28.880        33
28.900        47
28.920        40
28.940        53
28.960        40
28.980        40
29.000        17
29.020        47
29.040        23
29.060        60
29.080        33
29.100        17
29.120        30
29.140        43
29.160        33
29.180        27
29.200        27
29.220        53
29.240        27
29.260        23
29.280        20
29.300        33
29.320        27
29.340        23
29.360        33
29.380        20
29.400        27
29.420        37
29.440        47
29.460        20
29.480        20
29.500        37
29.520        43
29.540        27
29.560        37
29.580        27
29.600        30
29.620        37
29.640        23
29.660        40
29.680        20
29.700        27
29.720        37
29.740        30
29.760        53
29.780        43
29.800        33
29.820        40
29.840        47
29.860        30
29.880        40
29.900        37
29.920        23
29.940        37
29.960        27
29.980        37
30.000        33
30.020        47
30.040        23
30.060        43
30.080        27
30.100        33
30.120        23
30.140        27
30.160        53
30.180        27
30.200        30
30.220        43
30.240        20
30.260        40
30.280        33
30.300        20
30.320        47
30.340        30
30.360        27
30.380        27
30.400        20
30.420        27
30.440        13
30.460        37
30.480        47
30.500        43
30.520        57
30.540        40
30.560        40
30.580        33
30.600        37
30.620        10
30.640        43
30.660        50
30.680        33
30.700        30
30.720        23
30.740        20
30.760        40
30.780        43
30.800        30
30.820        37
30.840        57
30.860        33
30.880        43
30.900        37
30.920        33
30.940        37
30.960        43
30.980        30
31.000        47
31.020        50
31.040        60
31.060        27
31.080        53
31.100        53
31.120        60
31.140        40
31.160        37
31.180        23
31.200        43
31.220        33
31.240        80
31.260        53
31.280        47
31.300        77
31.320        67
31.340       100
31.360        87
31.380        97
31.400       163
31.420       103
31.440       163
31.460       127
31.480       170
31.500       193
31.520       163
31.540       173
31.560       220
31.580       307
31.600       263
31.620       343
31.640       320
31.660       347
31.680       353
31.700       383
31.720       436
31.740       407
31.760       420
31.780       287
31.800       293
31.820       287
31.840       180
31.860       210
31.880       147
31.900       167
31.920       127
31.940       107
31.960       120
31.980        93
32.000        77
32.020        83
32.040        63
32.060        60
32.080        73
32.100        30
32.120        27
32.140        47
32.160        50
32.180        47
32.200        57
32.220        63
32.240        60
32.260        37
32.280        57
32.300        33
32.320        63
32.340        30
32.360        33
32.380        33
32.400        43
32.420        43
32.440        43
32.460        43
32.480        60
32.500        60
32.520        37
32.540        47
32.560        73
32.580        57
32.600        27
32.620        30
32.640        20
32.660        37
32.680        30
32.700        40
32.720        17
32.740        57
32.760        33
32.780        20
32.800        43
32.820        37
32.840        43
32.860        33
32.880        50
32.900        33
32.920        50
32.940        57
32.960        33
32.980        30
33.000        33
33.020        37
33.040        33
33.060        27
33.080        23
33.100        37
33.120        37
33.140        27
33.160        17
33.180        20
33.200        23
33.220        43
33.240        20
33.260        43
33.280        37
33.300        20
33.320        50
33.340        23
33.360        43
33.380        23
33.400        33
33.420        30
33.440        43
33.460        20
33.480        23
33.500        40
33.520        20
33.540        13
33.560        43
33.580        33
33.600        50
33.620        27
33.640        50
33.660        23
33.680        37
33.700        47
33.720        20
33.740        33
33.760        23
33.780        33
33.800        30
33.820        20
33.840        40
33.860        53
33.880         7
33.900        30
33.920        43
33.940        20
33.960        30
33.980        13
34.000        37
34.020        17
34.040        17
34.060        30
34.080        43
34.100        33
34.120        37
34.140        30
34.160        23
34.180        17
34.200        37
34.220        30
34.240        13
34.260        30
34.280        20
34.300        30
34.320        30
34.340        27
34.360        33
34.380        33
34.400        23
34.420        30
34.440        23
34.460        37
34.480        27
34.500        33
34.520        33
34.540        33
34.560        33
34.580        43
34.600        30
34.620        27
34.640        37
34.660        40
34.680        30
34.700        33
34.720        27
34.740        30
34.760        37
34.780        47
34.800        27
34.820        33
34.840        33
34.860        20
34.880        37
34.900        27
34.920        27
34.940        17
34.960        27
34.980        33
35.000        40
35.020        43
35.040        43
35.060        70
35.080        83
35.100       167
35.120       267
35.140       493
35.160       610
35.180       670
35.200       723
35.220       456
35.240       307
35.260       333
35.280       333
35.300       247
35.320        97
35.340        63
35.360        40
35.380        33
35.400        37
35.420        17
35.440        43
35.460        20
35.480        33
35.500        20
35.520        47
35.540        33
35.560        33
35.580        33
35.600        43
35.620        33
35.640        47
35.660        30
35.680        37
35.700        20
35.720        20
35.740        17
35.760        33
35.780        17
35.800        20
35.820        13
35.840        23
35.860        37
35.880        20
35.900        30
35.920        27
35.940        23
35.960        33
35.980        23
36.000        27
36.020        40
36.040        13
36.060        33
36.080        30
36.100        40
36.120        20
36.140        30
36.160        33
36.180        43
36.200        40
36.220        33
36.240        17
36.260        13
36.280        20
36.300        27
36.320        20
36.340        23
36.360        33
36.380        13
36.400        23
36.420        17
36.440        10
36.460        17
36.480        37
36.500        17
36.520        27
36.540        23
36.560        20
36.580        20
36.600        30
36.620        10
36.640        20
36.660        20
36.680        27
36.700        30
36.720        20
36.740        40
36.760        13
36.780        23
36.800        17
36.820        20
36.840        37
36.860        40
36.880        27
36.900        40
36.920        33
36.940        30
36.960        27
36.980        30
37.000        10
37.020        17
37.040        30
37.060        23
37.080        23
37.100        17
37.120        20
37.140        23
37.160        40
37.180        13
37.200        27
37.220        30
37.240        23
37.260        40
37.280        13
37.300        23
37.320        40
37.340        27
37.360        17
37.380        13
37.400        17
37.420        27
37.440        20
37.460        13
37.480        20
37.500        23
37.520        33
37.540        17
37.560        23
37.580        33
37.600        37
37.620        20
37.640        20
37.660        33
37.680        30
37.700        43
37.720        47
37.740        13
37.760        37
37.780        30
37.800        50
37.820        37
37.840        67
37.860        40
37.880        40
37.900        73
37.920        30
37.940        23
37.960        37
37.980        17
38.000        37
38.020        27
38.040        27
38.060        23
38.080        27
38.100        20
38.120        13
38.140        33
38.160        23
38.180        33
38.200        37
38.220        43
38.240        33
38.260        20
38.280        17
38.300        17
38.320        17
38.340        27
38.360        20
38.380        23
38.400        17
38.420        30
38.440        37
38.460        27
38.480        30
38.500        17
38.520        23
38.540        40
38.560        27
38.580        27
38.600        50
38.620        27
38.640        17
38.660        17
38.680        30
38.700        27
38.720        30
38.740        27
38.760        43
38.780        50
38.800        33
38.820        37
38.840        43
38.860        33
38.880        37
38.900        43
38.920        43
38.940        57
38.960        77
38.980        77
39.000       107
39.020        90
39.040       110
39.060       117
39.080       170
39.100       180
39.120       237
39.140       220
39.160       243
39.180       340
39.200       267
39.220       267
39.240       290
39.260       217
39.280       193
39.300       190
39.320       173
39.340       123
39.360       110
39.380       120
39.400        97
39.420        63
39.440        50
39.460        57
39.480        40
39.500        50
39.520        47
39.540        53
39.560        30
39.580        43
39.600        30
39.620        57
39.640        40
39.660        37
39.680        43
39.700        37
39.720        37
39.740        27
39.760        27
39.780        33
39.800        40
39.820        30
39.840        33
39.860        30
39.880        30
39.900        40
39.920        20
39.940        37
39.960        40
39.980        27
40.000        17
40.020        47
40.040        40
40.060        40
40.080        23
40.100        20
40.120        23
40.140        30
40.160        23
40.180        50
40.200        33
40.220        23
40.240        27
40.260        27
40.280        30
40.300        30
40.320        30
40.340        23
40.360        27
40.380        27
40.400        17
40.420        20
40.440        23
40.460        40
40.480        20
40.500        30
40.520        27
40.540        27
40.560        17
40.580        37
40.600        47
40.620        30
40.640        33
40.660        17
40.680        23
40.700        30
40.720        23
40.740        20
40.760        23
40.780        30
40.800        23
40.820        27
40.840        30
40.860        23
40.880        33
40.900        20
40.920        20
40.940        33
40.960        33
40.980        10
41.000        23
41.020         7
41.040        33
41.060        23
41.080        33
41.100        17
41.120        27
41.140        13
41.160        33
41.180        30
41.200         7
41.220        20
41.240        27
41.260        23
41.280        33
41.300        23
41.320        17
41.340        27
41.360        27
41.380        30
41.400        27
41.420        23
41.440        37
41.460        60
41.480        30
41.500        27
41.520        43
41.540        53
41.560        50
41.580        60
41.600        60
41.620        87
41.640       113
41.660       190
41.680       210
41.700       170
41.720       117
41.740       157
41.760       117
41.780       127
41.800        77
41.820        87
41.840        60
41.860        37
41.880        23
41.900        40
41.920        27
41.940        33
41.960        23
41.980        20
42.000        20
42.020        10
42.040        37
42.060        30
42.080        13
42.100        30
42.120        23
42.140        17
42.160        20
42.180        33
42.200        27
42.220        23
42.240        33
42.260        27
42.280        30
42.300        23
42.320        23
42.340        20
42.360        30
42.380        20
42.400        27
42.420        13
42.440        17
42.460        33
42.480        10
42.500        37
42.520        33
42.540        17
42.560        27
42.580        10
42.600        13
42.620        37
42.640        13
42.660        20
42.680        23
42.700         7
42.720        20
42.740        17
42.760        10
42.780         3
42.800        37
42.820        10
42.840         3
42.860        17
42.880        27
42.900        33
42.920        33
42.940        20
42.960        33
42.980        27
43.000        30
43.020        10
43.040        23
43.060        10
43.080        13
43.100        27
43.120        33
43.140        23
43.160        33
43.180        20
43.200        47
43.220        33
43.240        37
43.260        27
43.280        23
43.300        30
43.320        53
43.340        83
43.360       153
43.380       277
43.400       167
43.420       147
43.440        80
43.460        80
43.480       127
43.500       137
43.520       107
43.540        77
43.560        50
43.580        37
43.600        27
43.620        23
43.640        27
43.660        23
43.680        23
43.700        17
43.720        13
43.740        30
43.760         3
43.780         7
43.800        23
43.820        10
43.840        40
43.860        17
43.880        20
43.900        13
43.920        17
43.940        23
43.960        27
43.980        17
44.000        30
44.020        30
44.040        40
44.060        30
44.080        27
44.100        30
44.120        23
44.140        13
44.160        37
44.180        13
44.200        17
44.220        27
44.240        20
44.260        23
44.280        17
44.300        33
44.320        40
44.340        27
44.360        20
44.380        27
44.400        20
44.420        33
44.440        13
44.460        13
44.480        10
44.500        23
44.520        10
44.540        30
44.560        23
44.580        20
44.600        20
44.620        13
44.640        27
44.660        37
44.680        27
44.700        33
44.720        13
44.740        27
44.760        23
44.780        33
44.800        30
44.820        33
44.840        63
44.860        27
44.880        40
44.900        27
44.920        50
44.940        53
44.960        53
44.980        47
45.000        43
45.020        37
45.040        57
45.060        60
45.080        50
45.100        57
45.120        53
45.140        90
45.160        67
45.180        43
45.200        70
45.220        77
45.240        80
45.260       100
45.280       127
45.300       103
45.320       100
45.340       103
45.360       153
45.380       110
45.400       140
45.420       133
45.440       173
45.460       147
45.480       153
45.500       120
45.520       107
45.540       120
45.560       137
45.580       120
45.600       103
45.620       120
45.640        83
45.660        77
45.680        87
45.700        80
45.720        83
45.740       103
45.760        50
45.780        60
45.800        57
45.820        57
45.840        80
45.860        63
45.880        57
45.900        37
45.920        33
45.940        37
45.960        37
45.980        17
46.000        43
46.020        60
46.040        33
46.060        27
46.080        33
46.100        33
46.120        43
46.140        33
46.160        23
46.180        50
46.200        20
46.220        57
46.240        17
46.260        30
46.280        23
46.300        20
46.320        47
46.340        30
46.360        13
46.380        20
46.400        50
46.420        27
46.440        30
46.460        27
46.480        30
46.500        30
46.520         7
46.540        27
46.560        30
46.580        30
46.600        37
46.620        17
46.640        40
46.660        20
46.680        23
46.700        10
46.720        13
46.740        27
46.760        17
46.780        20
46.800        10
46.820        40
46.840        23
46.860        20
46.880        37
46.900        17
46.920        10
46.940        33
46.960        13
46.980        17
47.000        20
47.020        10
47.040         7
47.060        13
47.080        20
47.100        17
47.120        13
47.140        23
47.160         7
47.180         7
47.200        10
47.220        30
47.240        17
47.260        13
47.280        27
47.300        20
47.320        27
47.340        17
47.360        23
47.380        20
47.400        30
47.420        23
47.440        30
47.460        20
47.480        13
47.500        20
47.520         7
47.540        23
47.560        13
47.580        17
47.600        10
47.620        10
47.640        20
47.660        13
47.680        17
47.700        17
47.720        30
47.740         7
47.760        30
47.780        13
47.800         7
47.820        27
47.840        20
47.860        10
47.880        20
47.900        13
47.920        13
47.940        13
47.960        13
47.980         3
48.000        10
48.020         7
48.040        23
48.060        13
48.080        13
48.100         0
48.120        30
48.140         7
48.160        13
48.180        17
48.200        17
48.220        33
48.240        10
48.260        17
48.280        20
48.300        30
48.320        10
48.340        10
48.360        17
48.380        20
48.400        13
48.420        17
48.440        10
48.460        10
48.480        17
48.500        20
48.520        30
48.540        10
48.560        17
48.580        20
48.600        27
48.620        13
48.640        33
48.660        17
48.680        17
48.700         7
48.720         7
48.740        23
48.760        27
48.780        23
48.800        10
48.820        20
48.840        23
48.860        10
48.880        17
48.900        20
48.920        17
48.940        20
48.960        13
48.980        17
49.000         3
49.020        13
49.040         7
49.060        40
49.080        17
49.100        20
49.120        10
49.140        13
49.160        17
49.180        10
49.200        10
49.220        13
49.240        10
49.260        10
49.280        23
49.300        23
49.320        10
49.340        27
49.360        17
49.380        33
49.400        30
49.420        30
49.440        10
49.460         7
49.480        17
49.500        17
49.520        27
49.540        23
49.560        13
49.580        17
49.600        13
49.620        13
49.640        17
49.660        20
49.680        13
49.700        20
49.720        10
49.740         7
49.760        10
49.780        23
49.800         7
49.820         7
49.840        20
49.860        17
49.880        13
49.900         7
49.920        20
49.940        27
49.960        17
49.980        23
50.000        13
50.020        13
50.040        13
50.060        23
50.080        20
50.100        20
50.120        17
50.140        13
50.160        20
50.180        20
50.200        10
50.220         7
50.240        13
50.260        13
50.280        13
50.300        20
50.320        17
50.340        13
50.360        17
50.380         7
50.400        17
50.420        10
50.440         3
50.460        23
50.480        17
50.500        17
50.520        13
50.540        27
50.560        13
50.580         3
50.600        23
50.620        13
50.640         7
50.660        17
50.680        10
50.700        13
50.720         7
50.740        33
50.760        20
50.780        27
50.800        20
50.820        30
50.840        27
50.860        20
50.880        17
50.900        27
50.920        23
50.940        13
50.960        23
50.980        27
51.000        17
51.020         3
51.040        20
51.060        23
51.080        10
51.100        17
51.120        10
51.140        10
51.160        17
51.180        17
51.200        23
51.220        10
51.240        27
51.260        10
51.280        17
51.300        23
51.320        37
51.340        27
51.360        27
51.380        10
51.400        17
51.420        13
51.440        33
51.460        23
51.480        13
51.500        33
51.520        20
51.540        10
51.560         3
51.580        13
51.600        27
51.620        13
51.640        23
51.660        13
51.680        20
51.700         3
51.720        23
51.740        13
51.760        17
51.780         7
51.800        67
51.820         3
51.840        10
51.860         3
51.880        23
51.900        27
51.920        20
51.940        10
51.960        17
51.980        20
52.000         3
52.020         0
52.040        10
52.060        10
52.080        20
52.100        13
52.120         7
52.140        13
52.160         3
52.180        10
52.200        10
52.220        10
52.240        20
52.260        27
52.280         7
52.300        20
52.320        17
52.340        10
52.360        20
52.380         7
52.400        30
52.420        17
52.440        30
52.460        20
52.480        40
52.500        23
52.520        27
52.540        47
52.560        23
52.580        30
52.600        40
52.620        27
52.640        33
52.660        27
52.680        30
52.700        20
52.720        23
52.740        17
52.760        13
52.780        17
52.800        13
52.820         3
52.840        10
52.860         3
52.880        13
52.900        23
52.920         7
52.940        13
52.960        20
52.980        20
53.000         3
53.020        17
53.040        13
53.060        17
53.080        17
53.100        13
53.120         7
53.140        20
53.160        17
53.180        13
53.200        10
53.220         7
53.240         3
53.260         7
53.280        20
53.300        10
53.320        10
53.340        27
53.360        13
53.380        10
53.400        30
53.420         7
53.440        10
53.460        13
53.480        13
53.500        20
53.520        17
53.540         3
53.560        13
53.580        10
53.600        20
53.620        27
53.640        27
53.660         3
53.680        20
53.700        20
53.720        40
53.740        20
53.760        10
53.780        10
53.800        13
53.820        10
53.840        10
53.860        13
53.880        20
53.900        23
53.920        10
53.940        13
53.960         7
53.980        10
54.000        20
54.020        20
54.040        17
54.060         0
54.080        17
54.100        10
54.120        13
54.140        23
54.160        23
54.180         3
54.200        17
54.220        13
54.240        30
54.260        10
54.280        17
54.300         7
54.320        27
54.340         3
54.360        23
54.380         7
54.400        20
54.420        13
54.440        10
54.460        23
54.480        17
54.500        20
54.520         7
54.540        20
54.560         0
54.580        10
54.600        10
54.620        20
54.640        23
54.660        23
54.680        17
54.700         7
54.720        10
54.740        13
54.760        10
54.780        17
54.800        10
54.820        20
54.840        23
54.860        17
54.880        17
54.900        10
54.920        17
54.940        27
54.960        10
54.980         3
55.000        13
55.020         7
55.040         7
55.060        10
55.080        13
55.100        17
55.120        17
55.140        20
55.160        10
55.180        17
55.200        20
55.220         7
55.240         7
55.260        17
55.280        10
55.300        10
55.320        10
55.340         7
55.360         7
55.380        17
55.400        13
55.420        20
55.440        23
55.460        17
55.480        20
55.500        20
55.520         7
55.540        27
55.560        10
55.580        17
55.600        20
55.620        13
55.640        23
55.660         7
55.680        17
55.700        23
55.720        17
55.740        13
55.760        13
55.780         7
55.800        23
55.820        17
55.840        13
55.860        23
55.880        13
55.900        13
55.920        33
55.940        17
55.960        20
55.980        20
56.000        13
56.020        37
56.040         7
56.060        17
56.080        13
56.100        17
56.120        20
56.140        17
56.160        40
56.180        10
56.200        37
56.220        10
56.240        20
56.260        20
56.280        20
56.300        30
56.320        17
56.340        23
56.360        50
56.380        47
56.400        63
56.420        63
56.440        70
56.460        63
56.480       107
56.500        77
56.520       113
56.540        80
56.560       100
56.580       117
56.600        90
56.620        87
56.640       127
56.660       150
56.680       107
56.700       120
56.720       113
56.740        87
56.760       120
56.780        90
56.800        97
56.820        67
56.840        60
56.860        53
56.880        67
56.900        30
56.920        43
56.940        27
56.960        37
56.980        23
57.000        30
57.020        30
57.040        33
57.060        37
57.080        27
57.100        33
57.120        33
57.140        23
57.160        27
57.180        20
57.200        20
57.220        13
57.240        23
57.260        27
57.280        17
57.300        23
57.320        17
57.340        30
57.360         7
57.380        40
57.400        27
57.420        33
57.440        23
57.460        53
57.480        57
57.500        67
57.520        93
57.540       100
57.560        77
57.580        57
57.600        63
57.620        37
57.640        33
57.660        37
57.680        63
57.700        53
57.720        30
57.740        27
57.760        43
57.780        20
57.800        23
57.820        20
57.840        23
57.860        20
57.880        20
57.900        20
57.920         7
57.940        20
57.960        27
57.980        17
58.000        30
58.020        20
58.040        20
58.060        17
58.080        23
58.100        23
58.120        23
58.140        20
58.160        20
58.180        10
58.200         7
58.220        20
58.240        20
58.260        13
58.280        23
58.300        10
58.320        10
58.340        30
58.360         3
58.380        17
58.400         3
58.420        20
58.440        17
58.460        17
58.480        20
58.500        17
58.520        13
58.540        20
58.560        23
58.580        20
58.600        20
58.620        17
58.640         7
58.660        20
58.680        23
58.700        20
58.720        23
58.740        17
58.760        27
58.780         3
58.800        23
58.820        23
58.840         7
58.860         7
58.880        10
58.900        17
58.920        17
58.940         7
58.960        10
58.980        13
59.000        20
59.020        17
59.040        23
59.060        17
59.080         3
59.100         7
59.120        30
59.140        17
59.160        13
59.180        17
59.200         7
59.220         7
59.240        20
59.260        13
59.280        13
59.300        17
59.320        20
59.340        10
59.360        13
59.380        10
59.400        13
59.420         7
59.440        17
59.460        27
59.480        10
59.500        17
59.520        10
59.540        13
59.560         3
59.580        23
59.600         7
59.620        20
59.640        30
59.660        13
59.680         3
59.700        17
59.720        13
59.740        13
59.760        13
59.780        23
59.800        17
59.820        20
59.840        30
59.860        10
59.880        17
59.900        10
59.920        13
59.940        10
59.960         7
59.980        10
60.000        10
