20.000        90
20.020        90
20.040        50
20.060        93
20.080        63
20.100        70
20.120        77
20.140        63
20.160        73
20.180        53
20.200        67
20.220        53
20.240        60
20.260       103
20.280        53
20.300        67
20.320        47
20.340       113
20.360        77
20.380        50
20.400        80
20.420        77
20.440        63
20.460        73
20.480        83
20.500        80
20.520        77
20.540        77
20.560        57
20.580        73
20.600        20
20.620        53
20.640        60
20.660        57
20.680        77
20.700        70
20.720        47
20.740        77
20.760        70
20.780        80
20.800        77
20.820        60
20.840        50
20.860        90
20.880        53
20.900        47
20.920        43
20.940        83
20.960        80
20.980        53
21.000        67
21.020        70
21.040       103
21.060        63
21.080        67
21.100        67
21.120        57
21.140        87
21.160        43
21.180        67
21.200        67
21.220        57
21.240        67
21.260        70
21.280        60
21.300        60
21.320       103
21.340        97
21.360        67
21.380       113
21.400        73
21.420        87
21.440        67
21.460        70
21.480        83
21.500        67
21.520        70
21.540        73
21.560        93
21.580        83
21.600        57
21.620       133
21.640        57
21.660        87
21.680        67
21.700        73
21.720        97
21.740       113
21.760        80
21.780        80
21.800       100
21.820        93
21.840       133
21.860        97
21.880        67
21.900       113
21.920       127
21.940       153
21.960       103
21.980       133
22.000        93
22.020       170
22.040       157
22.060       147
22.080       183
22.100       143
22.120       137
22.140       103
22.160       153
22.180       187
22.200       157
22.220       167
22.240       120
22.260       150
22.280        97
22.300       110
22.320       140
22.340       113
22.360       120
22.380        73
22.400        83
22.420        87
22.440        93
22.460        93
22.480        87
22.500       100
22.520       110
22.540        83
22.560       113
22.580        83
22.600        83
22.620       130
22.640        83
22.660        93
22.680        90
22.700        70
22.720       103
22.740        90
22.760        97
22.780        57
22.800       130
22.820        97
22.840        80
22.860        97
22.880       143
22.900       110
22.920       100
22.940       130
22.960       117
22.980       150
23.000        90
23.020       140
23.040       177
23.060       267
23.080       586
23.100       566
23.120       700
23.140       550
23.160       220
23.180       167
23.200       130
23.220       160
23.240       143
23.260       147
23.280       100
23.300       170
23.320        70
23.340       117
23.360        90
23.380       113
23.400       107
23.420        97
23.440        83
23.460        73
23.480       120
23.500       107
23.520        87
23.540       133
23.560       127
23.580       127
23.600        93
23.620       140
23.640        83
23.660       120
23.680       103
23.700       127
23.720       133
23.740       107
23.760       100
23.780       123
23.800       133
23.820        90
23.840       123
23.860        87
23.880        93
23.900        93
23.920       140
23.940        73
23.960        97
23.980       140
24.000       100
24.020        73
24.040       100
24.060        87
24.080       130
24.100       107
24.120       103
24.140       107
24.160       107
24.180        93
24.200        87
24.220       130
24.240        70
24.260        83
24.280        57
24.300        93
24.320        83
24.340       110
24.360        87
24.380       113
24.400       103
24.420        93
24.440       107
24.460        97
24.480        73
24.500       100
24.520        73
24.540       127
24.560       103
24.580        80
24.600       110
24.620        80
24.640       103
24.660       137
24.680       153
24.700       207
24.720       173
24.740       287
24.760       293
24.780       373
24.800       343
24.820       347
24.840       343
24.860       280
24.880       330
24.900       426
24.920       257
24.940       347
24.960       290
24.980       353
25.000       363
25.020       273
25.040       373
25.060       360
25.080       337
25.100       373
25.120       273
25.140       413
25.160       367
25.180       333
25.200       357
25.220       446
25.240       383
25.260       410
25.280       440
25.300       460
25.320       450
25.340       613
25.360       783
25.380       976
25.400      1469
25.420      2142
25.440      2975
25.460      3339
25.480      4055
25.500      4565
25.520      5461
25.540      7267
25.560     25323
25.580     59959
25.600     74344
25.620     78569
25.640     71028
25.660     50217
25.680     42936
25.700     32714
25.720     13391
25.740      5038
25.760      3339
25.780      2319
25.800      1746
25.820      1296
25.840       976
25.860       730
25.880       723
25.900       536
25.920       476
25.940       433
25.960       426
25.980       460
26.000       506
26.020       403
26.040       450
26.060       410
26.080       390
26.100       373
26.120       340
26.140       430
26.160       297
26.180       327
26.200       323
26.220       367
26.240       400
26.260       297
26.280       353
26.300       293
26.320       287
26.340       300
26.360       227
26.380       290
26.400       327
26.420       283
26.440       280
26.460       250
26.480       250
26.500       287
26.520       270
26.540       217
26.560       307
26.580       273
26.600       297
26.620       237
26.640       253
26.660       230
26.680       297
26.700       203
26.720       243
26.740       257
26.760       273
26.780       220
26.800       267
26.820       267
26.840       193
26.860       237
26.880       253
26.900       220
26.920       253
26.940       250
26.960       250
26.980       250
27.000       263
27.020       197
27.040       203
27.060       223
27.080       267
27.100       193
27.120       187
27.140       257
27.160       230
27.180       207
27.200       180
27.220       237
27.240       190
27.260       253
27.280       213
27.300       157
27.320       207
27.340       223
27.360       220
27.380       187
27.400       207
27.420       180
27.440       233
27.460       237
27.480       177
27.500       233
27.520       210
27.540       167
27.560       190
27.580       237
27.600       240
27.620       197
27.640       223
27.660       237
27.680       233
27.700       140
27.720       210
27.740       173
27.760       233
27.780       210
27.800       183
27.820       157
27.840       197
27.860       167
27.880       200
27.900       217
27.920       213
27.940       187
27.960       187
27.980       193
28.000       193
28.020       227
28.040       187
28.060       230
28.080       180
28.100       213
28.120       210
28.140       183
28.160       153
28.180       177
28.200       223
28.220       227
28.240       190
28.260       200
28.280       180
28.300       190
28.320       187
28.340       193
28.360       163
28.380       217
28.400       200
28.420       220
28.440       203
28.460       190
28.480       147
28.500       220
28.520       157
28.540       207
28.560       187
28.580       177
28.600       190
28.620       177
28.640       160
28.660       197
28.680       193
28.700       207
28.720       133
28.740       173
28.760       213
28.780       183
28.800       160
28.820       137
28.840       190
28.860       170
28.880       170
28.900       130
28.920       140
28.940       157
28.960       150
28.980       190
29.000       213
29.020       150
29.040       173
29.060       173
29.080       150
29.100       137
29.120       153
29.140       167
29.160       130
29.180       150
29.200       200
29.220       177
29.240       200
29.260       143
29.280       153
29.300       130
29.320       190
29.340       133
29.360       213
29.380       103
29.400       200
29.420       173
29.440       143
29.460       163
29.480       127
29.500       143
29.520       190
29.540       113
29.560       163
29.580       143
29.600       143
29.620       143
29.640       157
29.660       137
29.680       140
29.700       177
29.720       117
29.740       140
29.760       167
29.780       153
29.800       160
29.820       120
29.840       133
29.860       137
29.880       173
29.900       153
29.920       163
29.940       183
29.960       127
29.980       170
30.000       137
30.020       163
30.040       193
30.060       163
30.080       123
30.100       130
30.120       150
30.140       170
30.160       157
30.180       160
30.200       140
30.220       113
30.240       203
30.260       157
30.280       163
30.300       110
30.320       137
30.340       150
30.360       130
30.380       120
30.400       123
30.420       153
30.440       140
30.460       133
30.480       123
30.500       150
30.520       147
30.540       143
30.560       137
30.580        87
30.600       153
30.620       170
30.640       180
30.660       177
30.680       173
30.700       150
30.720       147
30.740       167
30.760       147
30.780       187
30.800       173
30.820       160
30.840       147
30.860       117
30.880       170
30.900       160
30.920       143
30.940       150
30.960       177
30.980       140
31.000       140
31.020       153
31.040       147
31.060       157
31.080       137
31.100       153
31.120       177
31.140       153
31.160       170
31.180       193
31.200       153
31.220       190
31.240       193
31.260       250
31.280       193
31.300       273
31.320       253
31.340       240
31.360       360
31.380       360
31.400       373
31.420       367
31.440       450
31.460       520
31.480       473
31.500       456
31.520       513
31.540       473
31.560       400
31.580       433
31.600       413
31.620       403
31.640       367
31.660       357
31.680       307
31.700       323
31.720       280
31.740       277
31.760       263
31.780       207
31.800       210
31.820       203
31.840       250
31.860       180
31.880       207
31.900       137
31.920       127
31.940       153
31.960       157
31.980       187
32.000       117
32.020       130
32.040       150
32.060       147
32.080       147
32.100       163
32.120       130
32.140       143
32.160       110
32.180       127
32.200       130
32.220       163
32.240       100
32.260       117
32.280       120
32.300       117
32.320       123
32.340       103
32.360       103
32.380       143
32.400       117
32.420       107
32.440       160
32.460       100
32.480       133
32.500       140
32.520       117
32.540        97
32.560       103
32.580       107
32.600       117
32.620        93
32.640        73
32.660        97
32.680       120
32.700       103
32.720        80
32.740       110
32.760       107
32.780       113
32.800       127
32.820       113
32.840       123
32.860       130
32.880       103
32.900       120
32.920        87
32.940       147
32.960       107
32.980        93
33.000       107
33.020       110
33.040        90
33.060        73
33.080        83
33.100        90
33.120        83
33.140       113
33.160        97
33.180       150
33.200        97
33.220       123
33.240        53
33.260        97
33.280       113
33.300        90
33.320        67
33.340       110
33.360       103
33.380        80
33.400       103
33.420       113
33.440       110
33.460        60
33.480        73
33.500        53
33.520       103
33.540       117
33.560        63
33.580        93
33.600        77
33.620       100
33.640       100
33.660        97
33.680        90
33.700        90
33.720        90
33.740        47
33.760        63
33.780       110
33.800        97
33.820       117
33.840        67
33.860        83
33.880        87
33.900        90
33.920        83
33.940        77
33.960       107
33.980        67
34.000        97
34.020        77
34.040        80
34.060        73
34.080        83
34.100        57
34.120        53
34.140        57
34.160        50
34.180        73
34.200        93
34.220       123
34.240        63
34.260        77
34.280        90
34.300        93
34.320        83
34.340        63
34.360        83
34.380        93
34.400        57
34.420        93
34.440        63
34.460        90
34.480        90
34.500        67
34.520        77
34.540       100
34.560        73
34.580        93
34.600        93
34.620        83
34.640        90
34.660        73
34.680        63
34.700        77
34.720        57
34.740        83
34.760        47
34.780        50
34.800        33
34.820        83
34.840       103
34.860        87
34.880        73
34.900       127
34.920        57
34.940        97
34.960        53
34.980        77
35.000        50
35.020        97
35.040        87
35.060        73
35.080        67
35.100        90
35.120        87
35.140        63
35.160        80
35.180       100
35.200        83
35.220        83
35.240        97
35.260        53
35.280        73
35.300        70
35.320        77
35.340        57
35.360        77
35.380        73
35.400        70
35.420        67
35.440        50
35.460        73
35.480        57
35.500        90
35.520        53
35.540        67
35.560        57
35.580        67
35.600        60
35.620        60
35.640        63
35.660        77
35.680        63
35.700        40
35.720        70
35.740        70
35.760        67
35.780        70
35.800        67
35.820        43
35.840        70
35.860        37
35.880        67
35.900        73
35.920        83
35.940        47
35.960        70
35.980        50
36.000        40
36.020        60
36.040        40
36.060        63
36.080        50
36.100        67
36.120        63
36.140        73
36.160        67
36.180        47
36.200        63
36.220        67
36.240        80
36.260        57
36.280        60
36.300        70
36.320        63
36.340        73
36.360        53
36.380        37
36.400        60
36.420        47
36.440        43
36.460        57
36.480        70
36.500        67
36.520        33
36.540        73
36.560        67
36.580        53
36.600        53
36.620        50
36.640        40
36.660        57
36.680        37
36.700        47
36.720        70
36.740        67
36.760        67
36.780        77
36.800        57
36.820        60
36.840        67
36.860        57
36.880        43
36.900        53
36.920        53
36.940        43
36.960        37
36.980        50
37.000        87
37.020        57
37.040        40
37.060        43
37.080        47
37.100        57
37.120        57
37.140        53
37.160        70
37.180        50
37.200        47
37.220        77
37.240        43
37.260        40
37.280        63
37.300        50
37.320        47
37.340        77
37.360        70
37.380        50
37.400        70
37.420        43
37.440        40
37.460        60
37.480        50
37.500        40
37.520        87
37.540        43
37.560        33
37.580        77
37.600        63
37.620        33
37.640        57
37.660        60
37.680        40
37.700        33
37.720        53
37.740        73
37.760        43
37.780        23
37.800        50
37.820        57
37.840        50
37.860        53
37.880        47
37.900        77
37.920        40
37.940        30
37.960        67
37.980        60
38.000        43
38.020        70
38.040        53
38.060        27
38.080        57
38.100        60
38.120        53
38.140        50
38.160        40
38.180        57
38.200        43
38.220        53
38.240        63
38.260        47
38.280        80
38.300        47
38.320        60
38.340        27
38.360        47
38.380        43
38.400        50
38.420        63
38.440        20
38.460        57
38.480        37
38.500        57
38.520        67
38.540        47
38.560        53
38.580        43
38.600        57
38.620        43
38.640        67
38.660        83
38.680        70
38.700        70
38.720        33
38.740        60
38.760        47
38.780        50
38.800        47
38.820        93
38.840        93
38.860        70
38.880       120
38.900       120
38.920       170
38.940       193
38.960       200
38.980       233
39.000       193
39.020       320
39.040       310
39.060       330
39.080       373
39.100       290
39.120       277
39.140       240
39.160       240
39.180       217
39.200       177
39.220       183
39.240        87
39.260       110
39.280       103
39.300        77
39.320        93
39.340        77
39.360        70
39.380        70
39.400        80
39.420        63
39.440        80
39.460        77
39.480        63
39.500        37
39.520        50
39.540        47
39.560        53
39.580       103
39.600        53
39.620        43
39.640        37
39.660        70
39.680        47
39.700        40
39.720        80
39.740        50
39.760        67
39.780        67
39.800        27
39.820        47
39.840        20
39.860        47
39.880        53
39.900        63
39.920        73
39.940        70
39.960        43
39.980        67
40.000        33
40.020        43
40.040        43
40.060        60
40.080        57
40.100        50
40.120        30
40.140        47
40.160        23
40.180        43
40.200        47
40.220        33
40.240        37
40.260        47
40.280        33
40.300        37
40.320        47
40.340        47
40.360        43
40.380        60
40.400        40
40.420        40
40.440        60
40.460        40
40.480        40
40.500        47
40.520        50
40.540        40
40.560        43
40.580        43
40.600        50
40.620        60
40.640        37
40.660        47
40.680        47
40.700        50
40.720        33
40.740        30
40.760        23
40.780        43
40.800        40
40.820        40
40.840        40
40.860        27
40.880        57
40.900        53
40.920        30
40.940        43
40.960        47
40.980        47
41.000        40
41.020        43
41.040        30
41.060        40
41.080        43
41.100        43
41.120        40
41.140        43
41.160        37
41.180        33
41.200         7
41.220        43
41.240        43
41.260        47
41.280        53
41.300        27
41.320        27
41.340        30
41.360        17
41.380        47
41.400        33
41.420        43
41.440        30
41.460        27
41.480        30
41.500        37
41.520        37
41.540        60
41.560        53
41.580        47
41.600        37
41.620        57
41.640        50
41.660        40
41.680        37
41.700        47
41.720        10
41.740        43
41.760        57
41.780        40
41.800        37
41.820        40
41.840        33
41.860        27
41.880        17
41.900        20
41.920        23
41.940        57
41.960        10
41.980        27
42.000        23
42.020        30
42.040        30
42.060        37
42.080        37
42.100        57
42.120        33
42.140        37
42.160        30
42.180        27
42.200        40
42.220        27
42.240        33
42.260        43
42.280        43
42.300        27
42.320        33
42.340        33
42.360        30
42.380        43
42.400        33
42.420        60
42.440        30
42.460        27
42.480        40
42.500        33
42.520        23
42.540        37
42.560        30
42.580        40
42.600        33
42.620        37
42.640        60
42.660        27
42.680        50
42.700        27
42.720        40
42.740        13
42.760        37
42.780        50
42.800        43
42.820        53
42.840        27
42.860        40
42.880        37
42.900        40
42.920        33
42.940        33
42.960        30
42.980        40
43.000        20
43.020        40
43.040        33
43.060        30
43.080        50
43.100        27
43.120        40
43.140        43
43.160        27
43.180        30
43.200        23
43.220        37
43.240        23
43.260        33
43.280        27
43.300        43
43.320        30
43.340        13
43.360        23
43.380        27
43.400        30
43.420        37
43.440        20
43.460        40
43.480        10
43.500        20
43.520        33
43.540        20
43.560        27
43.580        27
43.600        40
43.620        33
43.640        40
43.660        33
43.680        33
43.700        30
43.720        50
43.740        30
43.760        17
43.780        47
43.800        47
43.820        13
43.840        40
43.860        40
43.880        33
43.900        40
43.920        23
43.940        37
43.960        50
43.980        47
44.000        37
44.020        23
44.040        27
44.060        37
44.080        27
44.100        40
44.120        37
44.140        33
44.160        37
44.180        10
44.200        43
44.220        57
44.240        50
44.260        37
44.280        53
44.300        40
44.320        33
44.340        30
44.360        37
44.380        37
44.400        53
44.420        73
44.440        57
44.460        33
44.480        67
44.500        57
44.520        50
44.540        57
44.560        40
44.580        63
44.600        50
44.620        67
44.640        50
44.660        67
44.680        80
44.700        60
44.720        63
44.740        97
44.760        77
44.780        60
44.800       103
44.820        87
44.840       113
44.860        90
44.880        83
44.900       103
44.920       100
44.940       107
44.960       120
44.980       120
45.000       123
45.020       147
45.040       103
45.060       103
45.080       160
45.100       153
45.120       153
45.140       177
45.160       167
45.180       173
45.200       183
45.220       157
45.240       150
45.260       173
45.280       167
45.300       190
45.320       153
45.340       153
45.360       130
45.380       157
45.400       147
45.420       173
45.440       117
45.460        97
45.480       110
45.500       127
45.520        73
45.540       113
45.560       120
45.580        77
45.600        63
45.620        70
45.640       100
45.660        57
45.680        77
45.700        53
45.720        83
45.740        47
45.760        90
45.780        57
45.800        47
45.820        53
45.840        73
45.860        57
45.880        83
45.900        33
45.920        33
45.940        70
45.960        47
45.980        40
46.000        63
46.020        70
46.040        43
46.060        37
46.080        67
46.100        60
46.120        47
46.140        70
46.160        57
46.180        67
46.200        57
46.220        40
46.240        63
46.260        37
46.280        57
46.300        37
46.320        43
46.340        60
46.360        67
46.380        37
46.400        53
46.420        53
46.440        37
46.460        63
46.480        43
46.500        73
46.520        33
46.540        33
46.560        47
46.580        33
46.600        37
46.620        37
46.640        27
46.660        27
46.680        67
46.700        40
46.720        43
46.740        60
46.760        53
46.780        50
46.800        80
46.820        73
46.840        43
46.860        53
46.880        23
46.900        53
46.920        50
46.940        27
46.960        43
46.980        63
47.000        70
47.020        90
47.040        67
47.060        83
47.080       107
47.100       153
47.120       170
47.140       237
47.160       530
47.180       716
47.200       750
47.220       643
47.240       420
47.260       223
47.280       157
47.300       120
47.320        90
47.340        67
47.360        63
47.380        70
47.400        43
47.420        53
47.440        63
47.460        57
47.480        57
47.500        57
47.520        43
47.540        63
47.560        50
47.580        40
47.600        50
47.620        50
47.640        43
47.660        33
47.680        43
47.700        27
47.720        53
47.740        53
47.760        40
47.780        30
47.800        37
47.820        40
47.840        37
47.860        20
47.880        53
47.900        33
47.920        37
47.940        27
47.960        40
47.980        27
48.000        37
48.020        33
48.040        50
48.060        43
48.080        17
48.100        47
48.120        17
48.140        47
48.160        27
48.180        43
48.200        37
48.220        23
48.240        27
48.260        57
48.280        37
48.300        33
48.320        40
48.340        30
48.360        50
48.380        37
48.400        17
48.420        43
48.440        43
48.460        20
48.480        10
48.500        43
48.520        30
48.540        43
48.560        33
48.580        33
48.600        47
48.620        17
48.640        40
48.660        50
48.680        40
48.700        37
48.720        30
48.740        50
48.760        20
48.780        20
48.800        43
48.820        37
48.840        30
48.860        17
48.880        20
48.900        43
48.920        23
48.940        30
48.960        50
48.980        20
49.000        17
49.020        37
49.040        33
49.060        27
49.080        30
49.100        37
49.120        37
49.140        40
49.160        40
49.180        33
49.200        47
49.220        40
49.240        30
49.260        30
49.280        20
49.300        40
49.320        23
49.340        13
49.360        33
49.380        33
49.400        43
49.420        33
49.440        27
49.460        33
49.480        30
49.500        27
49.520        17
49.540        33
49.560        20
49.580        43
49.600        30
49.620        37
49.640        53
49.660        23
49.680        40
49.700        13
49.720        43
49.740        30
49.760        37
49.780        30
49.800        40
49.820        33
49.840        23
49.860        33
49.880        10
49.900        43
49.920        20
49.940        30
49.960        33
49.980        27
50.000        20
50.020        23
50.040        40
50.060        17
50.080        37
50.100        43
50.120        57
50.140        50
50.160        33
50.180        50
50.200        37
50.220        43
50.240        30
50.260        43
50.280        20
50.300        37
50.320        43
50.340        20
50.360        47
50.380        30
50.400        20
50.420        17
50.440        40
50.460        33
50.480        33
50.500        23
50.520        17
50.540        50
50.560        37
50.580        60
50.600        40
50.620        67
50.640        63
50.660       147
50.680       203
50.700       207
50.720       197
50.740       173
50.760       147
50.780       190
50.800       227
50.820       227
50.840       213
50.860       187
50.880       273
50.900       237
50.920       230
50.940       243
50.960       243
50.980       197
51.000       180
51.020       240
51.040       327
51.060       260
51.080       207
51.100       157
51.120       197
51.140       193
51.160       237
51.180       220
51.200       220
51.220       207
51.240       220
51.260       223
51.280       210
51.300       167
51.320       240
51.340       200
51.360       210
51.380       210
51.400       260
51.420       273
51.440       203
51.460       220
51.480       227
51.500       227
51.520       237
51.540       177
51.560       253
51.580       277
51.600       253
51.620       207
51.640       227
51.660       217
51.680       230
51.700       207
51.720       280
51.740       213
51.760       280
51.780       247
51.800       247
51.820       300
51.840       263
51.860       283
51.880       280
51.900       250
51.920       297
51.940       360
51.960       320
51.980       317
52.000       337
52.020       380
52.040       337
52.060       350
52.080       333
52.100       417
52.120       446
52.140       400
52.160       403
52.180       523
52.200       593
52.220       563
52.240       673
52.260       693
52.280       990
52.300      1146
52.320      1559
52.340      1946
52.360      2499
52.380      2919
52.400      3575
52.420      3978
52.440      4595
52.460      5415
52.480      6384
52.500      8513
52.520     15470
52.540     40500
52.560     79648
52.580     99960
52.600     99657
52.620     72404
52.640     33773
52.660     19382
52.680     27276
52.700     45965
52.720     56307
52.740     53692
52.760     37848
52.780     17050
52.800      7647
52.820      4565
52.840      3505
52.860      2749
52.880      2222
52.900      1536
52.920      1253
52.940       950
52.960       860
52.980       803
53.000       756
53.020       686
53.040       693
53.060       556
53.080       503
53.100       526
53.120       420
53.140       400
53.160       426
53.180       327
53.200       353
53.220       360
53.240       400
53.260       373
53.280       293
53.300       323
53.320       297
53.340       307
53.360       287
53.380       300
53.400       227
53.420       257
53.440       307
53.460       273
53.480       280
53.500       260
53.520       280
53.540       283
53.560       203
53.580       263
53.600       237
53.620       247
53.640       223
53.660       213
53.680       200
53.700       210
53.720       220
53.740       197
53.760       223
53.780       210
53.800       200
53.820       270
53.840       183
53.860       210
53.880       173
53.900       233
53.920       203
53.940       250
53.960       177
53.980       210
54.000       167
54.020       197
54.040       173
54.060       163
54.080       163
54.100       187
54.120       213
54.140       173
54.160       200
54.180       173
54.200       147
54.220       170
54.240       167
54.260       187
54.280       150
54.300       167
54.320       170
54.340       180
54.360       137
54.380       163
54.400       167
54.420       167
54.440       177
54.460       133
54.480       167
54.500       160
54.520       167
54.540       160
54.560       137
54.580       163
54.600       140
54.620       120
54.640       137
54.660       110
54.680       143
54.700       203
54.720       120
54.740       133
54.760       130
54.780       150
54.800       110
54.820       147
54.840       137
54.860       140
54.880       153
54.900       183
54.920       103
54.940       183
54.960       130
54.980       100
55.000       140
55.020       167
55.040        90
55.060       120
55.080       167
55.100       160
55.120       173
55.140       143
55.160       120
55.180       110
55.200       110
55.220       100
55.240       163
55.260       140
55.280       123
55.300       157
55.320       100
55.340       163
55.360       113
55.380       173
55.400       107
55.420       113
55.440       110
55.460       133
55.480       100
55.500       110
55.520       130
55.540       130
55.560       133
55.580       147
55.600       167
55.620        90
55.640       110
55.660       133
55.680        90
55.700       110
55.720       140
55.740       120
55.760       127
55.780       130
55.800       147
55.820       170
55.840       160
55.860       130
55.880       137
55.900       133
55.920       120
55.940       140
55.960       120
55.980       107
56.000       130
56.020       123
56.040       157
56.060       110
56.080       137
56.100       157
56.120       157
56.140       117
56.160       157
56.180       127
56.200       133
56.220       160
56.240       153
56.260       123
56.280       127
56.300       200
56.320       153
56.340       187
56.360       173
56.380       143
56.400       200
56.420       123
56.440       153
56.460       157
56.480       147
56.500       130
56.520       143
56.540       140
56.560       147
56.580       157
56.600       143
56.620       110
56.640       143
56.660       120
56.680       177
56.700       147
56.720       133
56.740       117
56.760       113
56.780       117
56.800       143
56.820       123
56.840        97
56.860       103
56.880       120
56.900        77
56.920       130
56.940       137
56.960        90
56.980       107
57.000        87
57.020        87
57.040       107
57.060       100
57.080        93
57.100       100
57.120        80
57.140       120
57.160       113
57.180        77
57.200       127
57.220        63
57.240        93
57.260        90
57.280        93
57.300        97
57.320        80
57.340       107
57.360        80
57.380       130
57.400        87
57.420       110
57.440        67
57.460       107
57.480       133
57.500       100
57.520       127
57.540        90
57.560       103
57.580       113
57.600       110
57.620       107
57.640        70
57.660        90
57.680        87
57.700        97
57.720       137
57.740       100
57.760        67
57.780        93
57.800        70
57.820        90
57.840        87
57.860       107
57.880       103
57.900        97
57.920        70
57.940        67
57.960        80
57.980        70
58.000        73
58.020       113
58.040        87
58.060        87
58.080        97
58.100       103
58.120        90
58.140        80
58.160        93
58.180        83
58.200        90
58.220        87
58.240        77
58.260        73
58.280       110
58.300        60
58.320        87
58.340        90
58.360       110
58.380        73
58.400        83
58.420       103
58.440        63
58.460        80
58.480       100
58.500        60
58.520        87
58.540        43
58.560        77
58.580        47
58.600       117
58.620        73
58.640       100
58.660        50
58.680        77
58.700        67
58.720        70
58.740        93
58.760        73
58.780        57
58.800        87
58.820        80
58.840        57
58.860        97
58.880       103
58.900        80
58.920        87
58.940        87
58.960        83
58.980        73
59.000        83
59.020        63
59.040        93
59.060        73
59.080        80
59.100        50
59.120        73
59.140        87
59.160        83
59.180        87
59.200       100
59.220        73
59.240        67
59.260        53
59.280        63
59.300        73
59.320        97
59.340        80
59.360        90
59.380        47
59.400        87
59.420        63
59.440        80
59.460        57
59.480        80
59.500        70
59.520        73
59.540        70
59.560        60
59.580        87
59.600        70
59.620       103
59.640        83
59.660       107
59.680        90
59.700        73
59.720        73
59.740        80
59.760        73
59.780        53
59.800        57
59.820       123
59.840        57
59.860        43
59.880        77
59.900       100
59.920        73
59.940        83
59.960        70
59.980        47
60.000        47
