20.000        20
20.010        20
20.020        93
20.030        33
20.040        47
20.050        53
20.060        53
20.070        47
20.080        33
20.090        27
20.100        40
20.110        67
20.120        20
20.130        27
20.140        60
20.150        60
20.160        60
20.170        67
20.180        73
20.190        60
20.200        53
20.210        67
20.220        40
20.230        33
20.240        33
20.250        60
20.260        67
20.270        53
20.280        33
20.290        27
20.300        53
20.310        33
20.320        33
20.330        73
20.340        33
20.350        20
20.360        33
20.370        27
20.380        40
20.390        47
20.400        47
20.410        53
20.420        40
20.430        47
20.440        67
20.450        47
20.460        53
20.470        47
20.480        27
20.490        67
20.500        40
20.510        20
20.520        33
20.530        33
20.540        73
20.550        60
20.560        40
20.570        33
20.580        47
20.590        27
20.600        33
20.610        40
20.620        53
20.630        53
20.640        40
20.650        60
20.660        53
20.670        40
20.680        53
20.690        60
20.700        33
20.710        33
20.720        47
20.730        47
20.740        40
20.750        67
20.760        40
20.770        47
20.780        40
20.790        33
20.800        60
20.810        47
20.820        33
20.830        47
20.840        27
20.850        33
20.860        60
20.870        53
20.880        53
20.890        27
20.900        60
20.910        40
20.920        73
20.930        40
20.940        53
20.950        47
20.960        40
20.970        27
20.980        13
20.990        13
21.000        47
21.010        40
21.020        20
21.030        47
21.040        53
21.050        40
21.060        73
21.070        27
21.080        27
21.090        40
21.100        73
21.110        47
21.120        20
21.130        40
21.140        47
21.150        40
21.160        40
21.170        60
21.180        20
21.190        53
21.200        73
21.210        53
21.220        40
21.230        47
21.240        20
21.250        60
21.260        60
21.270        33
21.280        40
21.290        60
21.300        67
21.310        40
21.320        33
21.330        53
21.340        73
21.350        80
21.360        40
21.370        33
21.380        47
21.390        20
21.400        33
21.410        80
21.420        67
21.430        53
21.440        33
21.450        53
21.460        80
21.470        33
21.480        47
21.490        20
21.500        47
21.510        53
21.520        33
21.530        53
21.540        73
21.550        53
21.560        27
21.570        53
21.580        47
21.590        13
21.600        47
21.610        33
21.620        40
21.630         7
21.640        53
21.650         7
21.660        27
21.670        47
21.680        53
21.690        87
21.700        40
21.710        33
21.720        33
21.730        27
21.740        20
21.750        27
21.760        13
21.770        47
21.780        53
21.790        53
21.800        33
21.810        27
21.820        47
21.830        20
21.840        47
21.850        47
21.860        33
21.870        27
21.880        13
21.890        13
21.900        33
21.910        13
21.920        13
21.930        47
21.940        47
21.950        47
21.960        47
21.970        40
21.980        60
21.990        53
22.000        40
22.010        53
22.020        20
22.030        53
22.040        47
22.050        40
22.060        60
22.070        20
22.080        47
22.090        47
22.100        67
22.110        40
22.120        27
22.130        60
22.140        60
22.150        33
22.160        33
22.170        47
22.180         7
22.190        53
22.200        20
22.210        27
22.220        47
22.230        53
22.240        47
22.250        47
22.260        33
22.270        53
22.280        40
22.290        33
22.300        27
22.310        47
22.320        60
22.330        47
22.340        27
22.350        13
22.360        20
22.370        27
22.380        40
22.390        27
22.400        67
22.410        53
22.420        73
22.430        73
22.440        87
22.450        27
22.460        13
22.470        53
22.480        40
22.490        53
22.500        33
22.510        53
22.520        47
22.530        60
22.540        53
22.550        53
22.560        40
22.570        93
22.580        47
22.590        60
22.600        87
22.610        47
22.620        53
22.630        40
22.640        73
22.650        47
22.660        53
22.670        53
22.680        27
22.690        27
22.700        33
22.710        67
22.720        67
22.730        67
22.740        73
22.750        47
22.760        40
22.770        40
22.780        40
22.790        60
22.800        27
22.810        60
22.820        80
22.830        67
22.840        33
22.850        33
22.860        53
22.870        67
22.880        27
22.890        80
22.900        67
22.910        40
22.920        60
22.930        67
22.940        33
22.950        40
22.960        53
22.970        47
22.980        67
22.990        60
23.000        47
23.010        47
23.020        60
23.030        73
23.040        47
23.050        53
23.060        53
23.070        20
23.080        40
23.090        40
23.100        73
23.110        67
23.120        60
23.130        20
23.140        47
23.150        53
23.160        87
23.170        53
23.180        73
23.190        47
23.200        40
23.210        53
23.220        47
23.230        53
23.240        67
23.250        40
23.260        53
23.270        40
23.280        47
23.290        47
23.300        53
23.310        47
23.320        47
23.330        33
23.340        60
23.350        33
23.360        53
23.370        73
23.380        67
23.390        40
23.400        33
23.410        27
23.420        53
23.430        53
23.440        33
23.450        27
23.460        33
23.470        73
23.480        47
23.490        33
23.500        53
23.510        53
23.520        53
23.530        20
23.540        47
23.550        80
23.560        40
23.570        60
23.580        47
23.590        87
23.600        40
23.610        60
23.620        60
23.630        47
23.640        40
23.650        53
23.660        47
23.670        47
23.680        53
23.690        33
23.700        47
23.710        33
23.720        33
23.730        20
23.740        67
23.750        40
23.760        73
23.770        60
23.780        47
23.790        73
23.800        53
23.810        47
23.820        47
23.830        33
23.840        20
23.850        47
23.860        20
23.870        40
23.880        67
23.890        33
23.900         7
23.910        80
23.920        33
23.930        47
23.940        40
23.950        27
23.960        60
23.970        27
23.980        47
23.990        60
24.000        40
24.010        27
24.020        47
24.030        53
24.040        27
24.050        27
24.060        47
24.070        20
24.080        27
24.090        27
24.100        47
24.110        67
24.120        33
24.130        40
24.140        47
24.150        13
24.160        27
24.170        60
24.180        67
24.190        53
24.200        73
24.210        33
24.220        33
24.230        27
24.240        33
24.250        27
24.260        33
24.270        33
24.280        53
24.290        33
24.300        40
24.310        67
24.320        47
24.330        33
24.340        40
24.350        27
24.360        47
24.370        93
24.380        47
24.390        33
24.400        20
24.410        20
24.420        73
24.430        20
24.440         7
24.450        20
24.460        47
24.470        67
24.480        13
24.490        47
24.500        53
24.510        40
24.520        40
24.530        33
24.540        27
24.550        60
24.560        40
24.570        67
24.580        40
24.590        73
24.600        73
24.610        27
24.620        67
24.630        87
24.640        80
24.650        67
24.660        80
24.670        60
24.680        73
24.690        40
24.700        47
24.710        73
24.720        60
24.730        87
24.740       120
24.750        53
24.760        80
24.770        80
24.780        33
24.790        33
24.800        40
24.810        47
24.820        73
24.830        93
24.840        67
24.850        73
24.860        67
24.870        80
24.880        87
24.890        80
24.900       127
24.910        60
24.920        80
24.930        60
24.940        73
24.950        47
24.960        73
24.970        60
24.980        47
24.990        80
25.000        87
25.010       113
25.020        60
25.030        80
25.040        60
25.050        33
25.060        93
25.070        53
25.080        73
25.090       113
25.100        87
25.110        40
25.120        87
25.130        87
25.140        93
25.150        93
25.160        87
25.170        87
25.180        73
25.190        73
25.200        93
25.210        53
25.220        60
25.230       120
25.240        93
25.250        93
25.260       147
25.270        87
25.280       133
25.290       113
25.300       173
25.310       227
25.320       307
25.330       440
25.340       580
25.350       833
25.360      1120
25.370      1333
25.380      1599
25.390      2126
25.400      2426
25.410      2579
25.420      3085
25.430      3472
25.440      3812
25.450      3905
25.460      4252
25.470      4125
25.480      4058
25.490      3945
25.500      3585
25.510      3472
25.520      3212
25.530      2826
25.540      2659
25.550      2172
25.560      2266
25.570      2099
25.580      2092
25.590      2786
25.600      3105
25.610      3372
25.620      3772
25.630      4005
25.640      3705
25.650      3665
25.660      3365
25.670      2639
25.680      2512
25.690      2046
25.700      2066
25.710      1833
25.720      1766
25.730      1000
25.740       693
25.750       440
25.760       300
25.770       240
25.780       207
25.790       147
25.800       160
25.810       153
25.820       153
25.830        93
25.840        93
25.850       133
25.860       113
25.870       113
25.880       133
25.890       120
25.900       113
25.910       100
25.920        87
25.930        67
25.940        53
25.950        47
25.960       107
25.970        67
25.980       127
25.990       120
26.000       107
26.010        67
26.020       127
26.030        87
26.040        53
26.050        33
26.060        60
26.070       100
26.080        40
26.090        80
26.100        60
26.110        60
26.120        80
26.130        53
26.140        40
26.150        87
26.160        60
26.170        93
26.180        80
26.190        93
26.200        40
26.210        53
26.220        53
26.230       113
26.240        80
26.250        60
26.260        53
26.270        60
26.280        87
26.290        33
26.300        67
26.310        67
26.320        53
26.330       120
26.340        73
26.350        60
26.360        73
26.370        87
26.380        73
26.390        73
26.400        33
26.410        80
26.420        60
26.430        53
26.440        67
26.450        47
26.460        60
26.470        87
26.480        60
26.490        47
26.500        40
26.510        80
26.520        47
26.530        47
26.540        80
26.550        47
26.560        80
26.570        60
26.580        53
26.590        60
26.600       100
26.610        53
26.620        80
26.630        33
26.640        73
26.650        53
26.660        60
26.670        60
26.680       100
26.690        60
26.700        53
26.710        27
26.720        60
26.730        33
26.740       100
26.750        47
26.760        67
26.770        67
26.780        60
26.790        60
26.800        27
26.810       100
26.820        53
26.830        67
26.840        67
26.850        73
26.860        33
26.870        53
26.880        33
26.890        67
26.900        67
26.910        67
26.920        27
26.930        53
26.940        40
26.950        60
26.960       100
26.970        87
26.980        93
26.990        93
27.000        40
27.010        67
27.020        47
27.030        80
27.040       113
27.050        53
27.060        53
27.070        53
27.080        73
27.090        60
27.100        60
27.110        80
27.120        53
27.130        47
27.140        73
27.150        47
27.160        33
27.170        27
27.180        73
27.190        67
27.200        47
27.210        33
27.220        67
27.230        93
27.240        47
27.250        60
27.260        60
27.270        60
27.280        47
27.290        93
27.300       113
27.310        33
27.320        47
27.330        53
27.340        47
27.350        33
27.360        20
27.370        60
27.380        27
27.390        80
27.400        73
27.410        13
27.420        20
27.430        53
27.440        53
27.450        73
27.460        60
27.470        47
27.480        53
27.490        67
27.500        40
27.510        53
27.520        80
27.530        67
27.540        47
27.550        40
27.560        27
27.570        60
27.580        47
27.590       100
27.600        60
27.610        67
27.620        27
27.630        87
27.640        67
27.650        40
27.660        73
27.670        53
27.680       107
27.690        87
27.700        93
27.710        60
27.720        47
27.730        60
27.740        60
27.750        33
27.760        20
27.770        60
27.780        47
27.790        60
27.800        80
27.810       100
27.820        40
27.830        53
27.840        67
27.850        67
27.860        40
27.870        67
27.880        80
27.890        40
27.900        93
27.910        67
27.920        67
27.930        60
27.940        73
27.950        47
27.960        60
27.970        47
27.980        40
27.990        60
28.000        80
28.010        87
28.020       120
28.030        93
28.040       113
28.050        87
28.060        60
28.070        53
28.080        73
28.090        73
28.100        40
28.110        67
28.120        40
28.130        93
28.140       107
28.150        60
28.160        73
28.170        60
28.180        60
28.190        53
28.200        60
28.210       120
28.220        67
28.230        53
28.240        27
28.250        67
28.260        60
28.270        40
28.280        80
28.290        93
28.300       100
28.310        47
28.320        60
28.330        53
28.340        53
28.350       147
28.360        80
28.370       107
28.380        67
28.390        60
28.400        67
28.410        53
28.420        47
28.430        67
28.440        60
28.450        47
28.460       107
28.470        80
28.480        67
28.490        60
28.500        60
28.510        53
28.520        53
28.530        67
28.540        80
28.550        40
28.560        93
28.570        93
28.580        73
28.590        40
28.600        53
28.610        93
28.620        80
28.630        47
28.640        80
28.650        60
28.660        87
28.670        53
28.680        27
28.690        80
28.700        80
28.710        47
28.720        73
28.730        87
28.740        87
28.750        80
28.760        60
28.770        93
28.780        87
28.790       107
28.800       133
28.810       113
28.820       167
28.830       140
28.840       153
28.850       180
28.860       167
28.870       153
28.880       200
28.890       147
28.900       247
28.910       200
28.920       233
28.930       300
28.940       267
28.950       280
28.960       293
28.970       327
28.980       240
28.990       247
29.000       147
29.010       340
29.020       373
29.030       293
29.040       320
29.050       360
29.060       353
29.070       373
29.080       393
29.090       440
29.100       593
29.110       466
29.120       440
29.130       473
29.140       466
29.150       360
29.160       367
29.170       353
29.180       360
29.190       320
29.200       320
29.210       373
29.220       313
29.230       340
29.240       267
29.250       220
29.260       253
29.270       193
29.280       120
29.290       133
29.300       127
29.310       133
29.320       147
29.330       167
29.340       120
29.350        73
29.360       167
29.370       160
29.380       107
29.390        93
29.400        80
29.410        80
29.420       107
29.430        67
29.440        33
29.450       113
29.460        53
29.470        80
29.480        87
29.490        53
29.500        67
29.510        93
29.520        67
29.530        87
29.540        73
29.550        80
29.560        80
29.570        80
29.580        53
29.590        67
29.600        60
29.610        80
29.620        53
29.630        73
29.640        67
29.650       107
29.660        67
29.670        60
29.680        53
29.690        73
29.700        33
29.710        80
29.720        80
29.730        60
29.740        33
29.750        53
29.760       100
29.770        27
29.780        73
29.790        73
29.800        47
29.810        73
29.820        53
29.830        80
29.840        60
29.850        93
29.860        60
29.870        53
29.880        33
29.890        87
29.900        73
29.910        73
29.920        40
29.930        67
29.940        33
29.950        93
29.960       100
29.970        67
29.980        53
29.990        60
30.000        67
30.010        73
30.020        47
30.030        60
30.040       133
30.050        60
30.060        47
30.070        40
30.080        73
30.090        67
30.100        40
30.110        53
30.120        60
30.130        67
30.140        67
30.150        73
30.160        80
30.170        67
30.180        33
30.190        80
30.200       107
30.210        53
30.220        93
30.230        27
30.240        47
30.250        53
30.260        60
30.270        47
30.280        33
30.290        87
30.300        20
30.310        80
30.320        40
30.330        87
30.340        53
30.350        40
30.360        33
30.370        67
30.380        73
30.390        53
30.400        60
30.410        13
30.420        67
30.430        60
30.440        53
30.450        87
30.460        47
30.470        33
30.480        60
30.490        67
30.500        27
30.510        67
30.520        60
30.530        67
30.540        73
30.550        87
30.560        40
30.570       100
30.580       100
30.590        80
30.600        80
30.610        80
30.620        87
30.630        60
30.640        93
30.650        60
30.660        67
30.670        73
30.680        67
30.690        67
30.700        60
30.710        60
30.720        53
30.730        73
30.740        40
30.750        87
30.760        40
30.770        47
30.780        87
30.790        40
30.800        67
30.810        67
30.820        40
30.830        60
30.840        40
30.850        60
30.860        40
30.870        87
30.880        60
30.890        47
30.900        60
30.910        73
30.920        67
30.930        53
30.940        53
30.950       100
30.960        60
30.970        80
30.980        87
30.990        40
31.000        80
31.010        60
31.020        33
31.030        53
31.040        60
31.050        60
31.060        47
31.070        60
31.080        80
31.090       107
31.100        80
31.110        40
31.120        73
31.130        40
31.140        87
31.150        67
31.160       100
31.170        40
31.180       133
31.190       120
31.200       100
31.210       120
31.220        53
31.230       100
31.240       120
31.250       147
31.260       127
31.270        87
31.280       113
31.290        93
31.300        80
31.310        93
31.320        80
31.330       140
31.340       113
31.350       167
31.360       133
31.370       107
31.380       120
31.390       100
31.400       113
31.410       133
31.420        67
31.430       113
31.440       107
31.450       113
31.460       127
31.470       113
31.480       100
31.490        73
31.500       127
31.510       113
31.520       113
31.530        87
31.540       113
31.550        60
31.560        93
31.570        67
31.580        87
31.590        73
31.600        73
31.610        53
31.620        73
31.630        80
31.640        80
31.650        93
31.660        67
31.670        47
31.680        93
31.690        20
31.700        93
31.710       100
31.720        73
31.730        73
31.740        87
31.750        53
31.760        80
31.770        87
31.780        87
31.790        93
31.800        87
31.810       107
31.820        93
31.830        80
31.840        73
31.850        87
31.860        87
31.870        93
31.880        80
31.890        67
31.900        87
31.910        40
31.920        67
31.930        60
31.940        33
31.950        60
31.960        80
31.970       120
31.980        73
31.990        47
32.000        20
32.010        67
32.020        87
32.030        47
32.040        73
32.050        53
32.060        73
32.070       100
32.080        67
32.090        93
32.100        67
32.110       113
32.120       107
32.130        60
32.140        67
32.150        87
32.160       120
32.170       100
32.180        80
32.190        40
32.200        40
32.210       107
32.220       140
32.230        93
32.240        67
32.250       113
32.260        67
32.270        73
32.280       107
32.290        80
32.300        93
32.310       100
32.320        73
32.330        80
32.340        67
32.350       100
32.360        73
32.370       113
32.380        93
32.390        93
32.400        87
32.410        80
32.420       100
32.430        80
32.440        73
32.450        60
32.460        47
32.470       147
32.480        47
32.490       100
32.500       113
32.510        93
32.520       120
32.530       100
32.540       127
32.550        80
32.560        67
32.570        93
32.580       100
32.590        60
32.600       107
32.610        60
32.620        87
32.630        87
32.640       140
32.650        60
32.660       133
32.670       127
32.680       107
32.690        80
32.700        73
32.710        87
32.720       113
32.730       160
32.740       153
32.750       140
32.760       147
32.770       127
32.780        67
32.790       100
32.800        73
32.810        93
32.820       127
32.830        93
32.840        40
32.850       113
32.860       127
32.870        80
32.880       107
32.890        67
32.900        80
32.910        87
32.920        67
32.930        80
32.940        87
32.950        87
32.960        73
32.970        93
32.980       120
32.990        67
33.000        73
33.010        60
33.020        67
33.030        73
33.040        73
33.050        67
33.060        73
33.070        87
33.080       100
33.090        60
33.100        67
33.110        80
33.120        93
33.130        67
33.140        53
33.150        33
33.160        93
33.170        73
33.180       113
33.190        80
33.200       100
33.210        60
33.220        33
33.230        67
33.240        53
33.250        73
33.260        60
33.270        80
33.280        53
33.290        80
33.300        93
33.310        73
33.320        73
33.330        87
33.340       113
33.350        93
33.360        67
33.370        60
33.380       127
33.390       107
33.400        80
33.410        60
33.420       100
33.430        73
33.440        80
33.450        60
33.460        60
33.470        60
33.480        60
33.490        47
33.500        93
33.510        60
33.520        87
33.530        60
33.540       100
33.550        67
33.560        47
33.570        73
33.580        60
33.590        53
33.600        93
33.610        53
33.620        67
33.630        87
33.640        47
33.650        53
33.660        67
33.670        73
33.680        40
33.690        80
33.700        87
33.710        80
33.720        67
33.730        67
33.740        93
33.750        60
33.760       100
33.770        67
33.780        73
33.790        40
33.800        60
33.810        60
33.820        87
33.830        73
33.840        53
33.850       100
33.860        40
33.870        80
33.880        67
33.890        87
33.900        60
33.910        80
33.920        60
33.930        93
33.940        80
33.950        47
33.960        73
33.970        73
33.980        73
33.990        73
34.000        73
34.010       100
34.020        87
34.030        60
34.040        47
34.050        67
34.060        40
34.070        73
34.080        67
34.090        47
34.100       107
34.110        87
34.120        80
34.130        93
34.140        73
34.150       100
34.160        47
34.170        53
34.180        73
34.190        80
34.200       120
34.210       100
34.220       100
34.230        73
34.240        87
34.250        53
34.260        60
34.270       113
34.280        67
34.290        67
34.300        87
34.310        67
34.320        73
34.330        53
34.340        40
34.350        47
34.360        53
34.370        67
34.380        80
34.390        80
34.400        80
34.410        80
34.420        87
34.430        93
34.440       120
34.450        60
34.460        80
34.470        67
34.480        60
34.490        67
34.500        80
34.510        67
34.520        53
34.530        67
34.540        87
34.550        73
34.560        60
34.570        93
34.580        80
34.590        80
34.600        73
34.610        73
34.620        47
34.630       107
34.640        40
34.650        60
34.660       100
34.670        60
34.680        33
34.690        93
34.700       133
34.710        80
34.720        60
34.730        67
34.740        47
34.750       127
34.760        87
34.770       100
34.780        33
34.790       113
34.800        93
34.810        47
34.820       120
34.830        87
34.840        53
34.850        73
34.860        53
34.870        73
34.880        47
34.890        53
34.900       127
34.910        87
34.920        67
34.930       113
34.940        60
34.950       127
34.960        53
34.970        60
34.980        80
34.990        67
35.000        87
35.010        80
35.020        33
35.030        60
35.040        80
35.050       107
35.060       113
35.070       127
35.080        73
35.090        27
35.100       120
35.110        60
35.120        93
35.130        60
35.140        87
35.150       120
35.160        40
35.170        60
35.180        47
35.190        33
35.200        47
35.210        93
35.220        67
35.230        47
35.240        73
35.250        67
35.260       120
35.270       100
35.280        87
35.290       107
35.300       120
35.310        60
35.320       100
35.330        47
35.340        80
35.350        93
35.360        53
35.370        73
35.380        80
35.390       100
35.400        67
35.410        33
35.420        80
35.430       133
35.440        60
35.450        67
35.460        33
35.470        33
35.480        33
35.490        27
35.500        67
35.510        87
35.520        53
35.530        80
35.540        73
35.550        87
35.560        47
35.570       127
35.580        73
35.590        60
35.600        60
35.610        80
35.620        67
35.630        47
35.640        73
35.650        87
35.660        73
35.670        60
35.680        73
35.690        53
35.700        80
35.710        80
35.720        73
35.730        93
35.740        40
35.750       107
35.760        60
35.770       107
35.780        80
35.790        87
35.800        67
35.810        80
35.820        47
35.830        73
35.840        53
35.850        60
35.860        93
35.870       113
35.880        53
35.890        40
35.900        93
35.910        67
35.920        60
35.930        73
35.940        87
35.950        47
35.960        53
35.970        53
35.980        60
35.990        73
36.000        67
36.010        40
36.020        93
36.030        87
36.040        53
36.050        67
36.060        53
36.070        93
36.080        73
36.090        80
36.100        60
36.110        53
36.120        53
36.130        60
36.140        67
36.150       107
36.160        73
36.170        67
36.180       113
36.190        87
36.200        87
36.210        60
36.220        47
36.230        87
36.240        80
36.250        93
36.260       107
36.270        80
36.280        73
36.290        73
36.300        47
36.310        73
36.320        87
36.330        47
36.340       100
36.350       107
36.360        67
36.370        60
36.380        67
36.390        80
36.400        93
36.410        87
36.420        47
36.430        53
36.440        73
36.450        60
36.460       120
36.470        87
36.480        80
36.490        87
36.500       133
36.510        73
36.520       100
36.530       133
36.540        80
36.550        80
36.560       107
36.570       147
36.580       100
36.590        60
36.600        47
36.610        73
36.620        87
36.630        47
36.640        67
36.650        53
36.660       113
36.670        53
36.680        40
36.690        80
36.700        53
36.710        80
36.720       100
36.730        73
36.740        80
36.750        80
36.760        73
36.770        80
36.780        73
36.790        47
36.800        53
36.810        93
36.820        80
36.830        73
36.840        73
36.850        33
36.860        67
36.870       107
36.880        60
36.890        87
36.900        87
36.910        73
36.920        80
36.930        60
36.940        80
36.950        53
36.960        93
36.970        73
36.980        47
36.990        67
37.000        67
37.010        60
37.020        40
37.030        93
37.040        60
37.050        67
37.060        73
37.070        40
37.080        33
37.090        60
37.100        80
37.110        67
37.120        47
37.130        53
37.140        47
37.150        47
37.160        80
37.170        60
37.180        53
37.190        40
37.200        93
37.210        73
37.220        47
37.230        60
37.240        40
37.250        67
37.260        67
37.270        27
37.280        87
37.290        67
37.300        87
37.310        47
37.320        93
37.330        40
37.340        67
37.350        87
37.360        40
37.370        47
37.380       113
37.390        60
37.400        33
37.410        60
37.420        53
37.430       100
37.440        87
37.450        80
37.460        47
37.470        47
37.480        67
37.490        53
37.500        67
37.510        80
37.520        40
37.530        47
37.540        53
37.550        53
37.560        60
37.570        80
37.580        53
37.590        53
37.600        80
37.610        67
37.620        47
37.630        27
37.640        20
37.650        73
37.660        40
37.670        80
37.680        53
37.690        73
37.700        67
37.710        73
37.720        27
37.730        73
37.740        80
37.750        73
37.760        80
37.770        87
37.780        47
37.790        60
37.800        80
37.810        73
37.820        27
37.830        40
37.840        80
37.850        87
37.860        33
37.870        47
37.880        27
37.890        60
37.900        33
37.910        47
37.920        73
37.930        53
37.940        47
37.950        80
37.960        40
37.970        73
37.980        40
37.990        40
38.000        40
38.010        80
38.020        53
38.030        73
38.040        67
38.050        47
38.060        73
38.070        27
38.080        47
38.090        20
38.100        47
38.110        13
38.120        67
38.130        27
38.140        80
38.150        33
38.160        40
38.170        47
38.180        47
38.190        53
38.200        67
38.210        47
38.220        60
38.230        53
38.240        53
38.250        73
38.260        53
38.270        53
38.280        33
38.290        60
38.300        40
38.310        47
38.320        87
38.330        33
38.340        20
38.350        27
38.360        33
38.370        53
38.380       100
38.390        67
38.400        67
38.410        27
38.420        53
38.430        60
38.440        53
38.450        60
38.460        53
38.470        53
38.480        40
38.490        47
38.500        53
38.510        73
38.520        47
38.530        33
38.540        73
38.550        73
38.560        40
38.570        47
38.580        53
38.590        40
38.600        20
38.610        93
38.620        33
38.630        53
38.640        60
38.650        67
38.660        67
38.670        40
38.680        40
38.690        67
38.700        40
38.710        40
38.720        33
38.730        60
38.740        53
38.750        60
38.760        80
38.770        60
38.780        60
38.790        73
38.800        67
38.810        80
38.820        47
38.830        47
38.840        93
38.850        47
38.860        47
38.870        60
38.880        27
38.890        60
38.900        60
38.910        33
38.920        40
38.930        53
38.940        33
38.950        27
38.960        33
38.970        53
38.980        33
38.990        40
39.000        40
39.010        33
39.020       120
39.030        27
39.040        47
39.050        80
39.060        67
39.070        53
39.080        47
39.090        33
39.100        40
39.110        47
39.120       100
39.130        53
39.140        67
39.150        53
39.160        67
39.170        20
39.180        67
39.190        40
39.200        80
39.210        60
39.220       107
39.230        67
39.240        47
39.250        33
39.260        67
39.270        47
39.280        60
39.290        73
39.300        53
39.310        47
39.320        27
39.330        67
39.340       107
39.350        47
39.360        40
39.370        53
39.380        80
39.390        33
39.400        13
39.410        60
39.420        60
39.430        40
39.440        40
39.450        33
39.460        27
39.470        13
39.480        47
39.490        93
39.500        87
39.510        80
39.520        73
39.530        20
39.540        47
39.550        53
39.560        47
39.570        53
39.580        53
39.590        53
39.600        67
39.610        40
39.620        60
39.630        53
39.640        60
39.650        67
39.660        20
39.670        53
39.680        53
39.690        80
39.700        40
39.710        27
39.720        40
39.730        40
39.740        27
39.750        53
39.760        60
39.770        20
39.780        40
39.790        67
39.800        53
39.810        60
39.820        67
39.830        60
39.840        20
39.850        47
39.860        40
39.870        67
39.880        87
39.890        60
39.900        27
39.910        20
39.920        87
39.930        27
39.940        67
39.950        60
39.960        33
39.970        73
39.980        47
39.990        53
40.000        67
40.010        67
40.020        67
40.030        33
40.040        33
40.050        87
40.060        47
40.070        80
40.080        73
40.090        93
40.100        47
40.110        47
40.120        53
40.130        80
40.140        80
40.150        60
40.160        60
40.170        33
40.180        80
40.190        40
40.200        87
40.210        73
40.220        80
40.230        53
40.240        53
40.250        80
40.260        73
40.270        60
40.280        87
40.290        53
40.300        60
40.310        40
40.320        47
40.330        67
40.340        53
40.350        47
40.360       107
40.370        53
40.380        60
40.390        40
40.400        33
40.410        27
40.420        93
40.430        20
40.440        53
40.450        67
40.460        40
40.470        60
40.480        67
40.490        33
40.500        60
40.510        40
40.520        40
40.530        27
40.540        80
40.550        40
40.560        40
40.570        53
40.580        33
40.590        33
40.600        33
40.610        67
40.620        47
40.630        73
40.640        53
40.650        20
40.660        40
40.670        60
40.680        53
40.690        33
40.700        67
40.710        53
40.720        60
40.730        73
40.740        27
40.750        20
40.760        20
40.770        40
40.780        53
40.790        60
40.800        40
40.810        27
40.820        47
40.830        60
40.840        20
40.850        67
40.860        47
40.870        47
40.880        13
40.890        33
40.900        13
40.910        40
40.920        53
40.930        47
40.940        27
40.950        33
40.960        20
40.970        33
40.980        40
40.990        20
41.000        67
41.010        60
41.020        47
41.030        13
41.040        27
41.050        47
41.060        27
41.070        53
41.080        60
41.090        40
41.100        67
41.110        60
41.120         7
41.130        27
41.140        53
41.150        20
41.160        40
41.170        60
41.180        53
41.190        67
41.200        13
41.210        33
41.220        53
41.230        33
41.240        47
41.250        47
41.260        47
41.270        53
41.280        73
41.290        73
41.300        27
41.310        33
41.320        13
41.330        40
41.340        20
41.350        73
41.360        80
41.370        73
41.380        13
41.390        47
41.400        47
41.410         7
41.420        53
41.430        47
41.440        47
41.450        47
41.460        13
41.470        40
41.480        53
41.490        73
41.500        27
41.510        40
41.520        53
41.530        40
41.540        40
41.550        27
41.560        67
41.570        13
41.580        27
41.590        53
41.600        33
41.610         7
41.620        40
41.630        33
41.640        67
41.650        33
41.660        33
41.670        40
41.680        33
41.690        20
41.700        33
41.710        47
41.720        27
41.730        20
41.740        33
41.750        53
41.760        60
41.770        40
41.780        27
41.790        33
41.800        27
41.810        47
41.820        47
41.830        60
41.840        40
41.850        60
41.860        20
41.870        53
41.880        13
41.890        47
41.900        73
41.910        80
41.920        20
41.930        33
41.940        47
41.950        47
41.960        47
41.970        27
41.980        67
41.990        67
42.000        53
42.010        53
42.020        27
42.030        47
42.040        33
42.050        27
42.060        33
42.070        93
42.080        27
42.090        47
42.100        27
42.110        73
42.120        53
42.130        47
42.140        53
42.150        60
42.160        80
42.170        47
42.180        40
42.190        33
42.200        33
42.210        47
42.220        40
42.230        47
42.240        47
42.250        27
42.260        53
42.270        33
42.280        53
42.290        40
42.300        53
42.310        40
42.320        53
42.330        53
42.340        20
42.350        27
42.360        47
42.370        27
42.380         7
42.390        53
42.400        47
42.410        47
42.420        20
42.430         7
42.440        47
42.450        47
42.460        27
42.470        33
42.480        40
42.490        27
42.500        27
42.510        60
42.520        40
42.530        60
42.540        20
42.550        67
42.560        13
42.570        33
42.580        53
42.590        33
42.600        87
42.610        53
42.620        67
42.630        27
42.640        20
42.650        27
42.660        53
42.670         7
42.680        53
42.690        53
42.700        87
42.710        40
42.720        33
42.730        47
42.740        27
42.750        60
42.760        20
42.770        60
42.780        20
42.790        27
42.800        33
42.810        47
42.820        53
42.830        40
42.840        80
42.850        40
42.860        33
42.870        93
42.880        40
42.890        33
42.900        67
42.910        27
42.920        27
42.930        60
42.940        73
42.950        60
42.960        60
42.970        67
42.980        40
42.990        33
43.000        47
43.010        40
43.020        47
43.030         7
43.040        53
43.050        60
43.060         7
43.070        40
43.080        67
43.090        60
43.100        40
43.110        47
43.120        40
43.130        20
43.140        60
43.150        53
43.160        13
43.170        33
43.180        53
43.190        47
43.200        27
43.210        27
43.220        33
43.230        40
43.240        13
43.250        27
43.260        33
43.270        20
43.280        53
43.290        13
43.300        33
43.310        20
43.320        47
43.330        27
43.340        40
43.350        27
43.360        40
43.370        20
43.380        53
43.390        27
43.400        40
43.410        20
43.420        40
43.430        20
43.440        60
43.450        20
43.460        33
43.470         7
43.480        67
43.490        40
43.500        40
43.510        20
43.520        47
43.530        40
43.540        40
43.550        40
43.560        40
43.570        40
43.580        73
43.590        53
43.600        40
43.610        60
43.620        40
43.630        33
43.640        13
43.650        33
43.660        40
43.670        67
43.680        27
43.690        40
43.700        47
43.710        27
43.720        20
43.730         7
43.740        33
43.750        27
43.760        27
43.770        27
43.780        33
43.790        47
43.800        33
43.810        20
43.820        33
43.830        60
43.840        20
43.850        33
43.860        13
43.870        53
43.880         0
43.890        60
43.900        33
43.910        27
43.920        40
43.930        53
43.940        33
43.950        27
43.960        20
43.970        33
43.980        40
43.990        60
44.000        67
44.010        27
44.020        40
44.030        40
44.040        80
44.050        33
44.060        40
44.070        33
44.080        60
44.090        47
44.100         7
44.110        20
44.120        27
44.130        53
44.140        20
44.150        60
44.160        33
44.170        67
44.180        40
44.190        87
44.200        40
44.210        67
44.220        40
44.230        60
44.240        47
44.250        87
44.260        53
44.270        47
44.280        60
44.290        47
44.300        47
44.310        67
44.320        87
44.330        60
44.340        47
44.350        53
44.360        67
44.370        40
44.380        67
44.390        40
44.400        73
44.410        27
44.420        40
44.430        87
44.440        27
44.450        60
44.460        47
44.470        40
44.480        33
44.490        60
44.500        40
44.510        53
44.520        40
44.530        40
44.540        40
44.550        33
44.560        33
44.570        47
44.580        53
44.590        80
44.600        33
44.610        53
44.620        60
44.630        40
44.640        47
44.650        47
44.660        40
44.670        80
44.680         7
44.690        47
44.700        53
44.710        33
44.720        53
44.730        27
44.740        33
44.750        47
44.760        20
44.770        33
44.780        47
44.790        47
44.800        47
44.810        33
44.820        67
44.830        60
44.840        40
44.850        20
44.860        27
44.870        20
44.880        27
44.890        27
44.900        20
44.910        20
44.920        33
44.930        47
44.940        47
44.950        20
44.960        60
44.970        27
44.980        33
44.990        40
45.000        53
45.010        27
45.020        13
45.030        47
45.040        33
45.050        20
45.060        40
45.070        47
45.080        80
45.090        33
45.100        80
45.110        13
45.120        20
45.130        53
45.140        40
45.150        33
45.160        67
45.170        47
45.180        33
45.190        20
45.200        33
45.210        27
45.220        47
45.230        33
45.240        20
45.250        27
45.260        33
45.270        27
45.280        33
45.290        33
45.300        13
45.310        80
45.320        53
45.330        60
45.340        53
45.350        40
45.360        60
45.370        27
45.380        47
45.390        47
45.400        40
45.410        40
45.420        27
45.430        27
45.440        40
45.450        40
45.460        40
45.470        47
45.480        20
45.490        27
45.500        27
45.510        13
45.520        60
45.530        27
45.540        47
45.550        27
45.560        47
45.570        47
45.580        60
45.590        33
45.600        47
45.610        60
45.620        27
45.630        40
45.640        13
45.650        47
45.660        60
45.670        40
45.680        13
45.690        40
45.700        60
45.710        47
45.720        13
45.730        20
45.740        33
45.750        33
45.760        67
45.770        40
45.780        33
45.790        60
45.800        47
45.810        27
45.820        53
45.830        73
45.840        40
45.850        60
45.860        60
45.870        47
45.880        20
45.890        60
45.900        67
45.910        33
45.920        47
45.930        73
45.940        73
45.950        67
45.960        47
45.970        73
45.980        13
45.990        53
46.000        47
46.010        40
46.020        80
46.030        33
46.040        40
46.050        33
46.060        67
46.070        60
46.080        40
46.090       120
46.100        87
46.110        80
46.120       100
46.130        60
46.140        53
46.150        80
46.160        40
46.170        33
46.180        60
46.190        53
46.200        73
46.210        60
46.220        67
46.230        67
46.240        67
46.250        60
46.260        33
46.270        53
46.280        67
46.290        53
46.300        67
46.310        40
46.320        73
46.330        87
46.340        87
46.350        87
46.360        60
46.370        47
46.380        67
46.390        73
46.400        33
46.410        40
46.420        33
46.430        27
46.440        47
46.450        60
46.460        67
46.470        27
46.480        40
46.490        67
46.500        60
46.510        53
46.520        27
46.530        60
46.540        47
46.550        27
46.560        40
46.570        20
46.580        67
46.590        73
46.600        27
46.610        67
46.620        47
46.630        27
46.640        20
46.650        73
46.660        40
46.670        47
46.680        27
46.690         7
46.700        27
46.710        27
46.720        53
46.730        60
46.740        40
46.750        60
46.760        53
46.770        33
46.780        33
46.790        47
46.800        60
46.810        67
46.820        87
46.830        40
46.840        53
46.850        80
46.860        40
46.870        80
46.880        40
46.890        47
46.900        80
46.910        47
46.920        67
46.930        73
46.940        87
46.950        47
46.960       113
46.970        53
46.980        33
46.990        40
47.000        47
47.010       100
47.020       107
47.030       120
47.040       107
47.050       120
47.060       100
47.070       140
47.080        93
47.090       140
47.100       120
47.110       107
47.120       173
47.130       167
47.140       233
47.150       180
47.160       140
47.170       327
47.180       493
47.190       766
47.200       986
47.210      1206
47.220      1519
47.230      1499
47.240      1446
47.250      1273
47.260      1080
47.270      1013
47.280       726
47.290       540
47.300       400
47.310       287
47.320       293
47.330       267
47.340       167
47.350       147
47.360       140
47.370        73
47.380        40
47.390        67
47.400        87
47.410       127
47.420        80
47.430       113
47.440       107
47.450        80
47.460        93
47.470        87
47.480        67
47.490        87
47.500        47
47.510        40
47.520        60
47.530        53
47.540        40
47.550        47
47.560        93
47.570       100
47.580       107
47.590        73
47.600       113
47.610        67
47.620        73
47.630        53
47.640        47
47.650        53
47.660        40
47.670        60
47.680        33
47.690        80
47.700       100
47.710        60
47.720        67
47.730        33
47.740        40
47.750        67
47.760        80
47.770        67
47.780        67
47.790        53
47.800        33
47.810        73
47.820        47
47.830        47
47.840        13
47.850        67
47.860        80
47.870        53
47.880        53
47.890        33
47.900        73
47.910        40
47.920        40
47.930        40
47.940        27
47.950        13
47.960        40
47.970        40
47.980        40
47.990        33
48.000        67
48.010        40
48.020        40
48.030        20
48.040        67
48.050        53
48.060        80
48.070        67
48.080        40
48.090        87
48.100        33
48.110        27
48.120        80
48.130        47
48.140        47
48.150        27
48.160        33
48.170        60
48.180        53
48.190        67
48.200        13
48.210        53
48.220        27
48.230        80
48.240        67
48.250        67
48.260        60
48.270        67
48.280        87
48.290        53
48.300        67
48.310        53
48.320        47
48.330        60
48.340        80
48.350        40
48.360        47
48.370        27
48.380        47
48.390        93
48.400        33
48.410        87
48.420        27
48.430        67
48.440        73
48.450        40
48.460        73
48.470        47
48.480        33
48.490        60
48.500        33
48.510        20
48.520        33
48.530        20
48.540        33
48.550        47
48.560         7
48.570        40
48.580        33
48.590        53
48.600        60
48.610        53
48.620        47
48.630        53
48.640        27
48.650        80
48.660        13
48.670        27
48.680        20
48.690        20
48.700        73
48.710        53
48.720        67
48.730        47
48.740        33
48.750        47
48.760        47
48.770        20
48.780        47
48.790        33
48.800        60
48.810        53
48.820        67
48.830        13
48.840        33
48.850        73
48.860        87
48.870        40
48.880        33
48.890        47
48.900        67
48.910        20
48.920        60
48.930        60
48.940        27
48.950        47
48.960        33
48.970        27
48.980        40
48.990        53
49.000        27
49.010        13
49.020        73
49.030        27
49.040        27
49.050        40
49.060        40
49.070        47
49.080        40
49.090        33
49.100        40
49.110        33
49.120        60
49.130        20
49.140        53
49.150        53
49.160        33
49.170        47
49.180        33
49.190        40
49.200        40
49.210        47
49.220        67
49.230        33
49.240        33
49.250        73
49.260        27
49.270        27
49.280        73
49.290        33
49.300        53
49.310        20
49.320        40
49.330        53
49.340        47
49.350        33
49.360        20
49.370        53
49.380        80
49.390        93
49.400        80
49.410        60
49.420        53
49.430        47
49.440        40
49.450        33
49.460        67
49.470        40
49.480        53
49.490        20
49.500        40
49.510        33
49.520        33
49.530        60
49.540        60
49.550        47
49.560        33
49.570        67
49.580        67
49.590        47
49.600        40
49.610        33
49.620        60
49.630         7
49.640        33
49.650        27
49.660        67
49.670        47
49.680        33
49.690        33
49.700        53
49.710        60
49.720        27
49.730        40
49.740        40
49.750        60
49.760        73
49.770        13
49.780        27
49.790        80
49.800        53
49.810        87
49.820        60
49.830        80
49.840        33
49.850        40
49.860        33
49.870        73
49.880        67
49.890        93
49.900        53
49.910        67
49.920        40
49.930        73
49.940        60
49.950        67
49.960        60
49.970       107
49.980        40
49.990        67
50.000        40
50.010        53
50.020        47
50.030        27
50.040        53
50.050        53
50.060        60
50.070        87
50.080        67
50.090        73
50.100        93
50.110        33
50.120       100
50.130        93
50.140        47
50.150        73
50.160        53
50.170        60
50.180        60
50.190        73
50.200        67
50.210        27
50.220        27
50.230        33
50.240        60
50.250        67
50.260        73
50.270        33
50.280        53
50.290        47
50.300        53
50.310        47
50.320        40
50.330        40
50.340        33
50.350        73
50.360        27
50.370        47
50.380        33
50.390        93
50.400        53
50.410        47
50.420        40
50.430        40
50.440        53
50.450        53
50.460        67
50.470        33
50.480        67
50.490        53
50.500        60
50.510        67
50.520        53
50.530        47
50.540        80
50.550        47
50.560        67
50.570        87
50.580        67
50.590        67
50.600        47
50.610        73
50.620        93
50.630        80
50.640        60
50.650        80
50.660        93
50.670        93
50.680       187
50.690       120
50.700       160
50.710       193
50.720       227
50.730       260
50.740       267
50.750       273
50.760       293
50.770       420
50.780       367
50.790       233
50.800       280
50.810       380
50.820       307
50.830       293
50.840       373
50.850       260
50.860       340
50.870       360
50.880       353
50.890       367
50.900       360
50.910       307
50.920       313
50.930       340
50.940       320
50.950       353
50.960       333
50.970       333
50.980       373
50.990       473
51.000       347
51.010       426
51.020       387
51.030       327
51.040       273
51.050       353
51.060       407
51.070       333
51.080       327
51.090       413
51.100       360
51.110       380
51.120       293
51.130       367
51.140       273
51.150       313
51.160       360
51.170       400
51.180       353
51.190       267
51.200       393
51.210       307
51.220       340
51.230       280
51.240       340
51.250       367
51.260       380
51.270       327
51.280       353
51.290       327
51.300       420
51.310       407
51.320       320
51.330       407
51.340       360
51.350       340
51.360       367
51.370       440
51.380       327
51.390       340
51.400       373
51.410       373
51.420       353
51.430       300
51.440       293
51.450       373
51.460       407
51.470       387
51.480       360
51.490       353
51.500       340
51.510       320
51.520       373
51.530       307
51.540       360
51.550       380
51.560       453
51.570       387
51.580       353
51.590       340
51.600       307
51.610       393
51.620       446
51.630       380
51.640       287
51.650       327
51.660       340
51.670       247
51.680       373
51.690       340
51.700       393
51.710       460
51.720       426
51.730       280
51.740       333
51.750       387
51.760       327
51.770       400
51.780       446
51.790       420
51.800       420
51.810       466
51.820       347
51.830       313
51.840       400
51.850       466
51.860       393
51.870       446
51.880       473
51.890       426
51.900       506
51.910       307
51.920       420
51.930       420
51.940       446
51.950       553
51.960       413
51.970       500
51.980       453
51.990       486
52.000       460
52.010       400
52.020       400
52.030       606
52.040       573
52.050       446
52.060       573
52.070       560
52.080       453
52.090       560
52.100       486
52.110       660
52.120       706
52.130       600
52.140       680
52.150       626
52.160       606
52.170       653
52.180       646
52.190       633
52.200       613
52.210       686
52.220       746
52.230       753
52.240       806
52.250       700
52.260       773
52.270       980
52.280       933
52.290      1180
52.300      1180
52.310      1393
52.320      1779
52.330      2232
52.340      2219
52.350      2566
52.360      3305
52.370      3699
52.380      4445
52.390      4925
52.400      5438
52.410      5651
52.420      6471
52.430      6457
52.440      6731
52.450      7157
52.460      7077
52.470      7810
52.480      8710
52.490      8743
52.500      8983
52.510     10383
52.520     10622
52.530     12195
52.540     13621
52.550     16693
52.560     21891
52.570     29801
52.580     47214
52.590     73884
52.600    104392
52.610    128402
52.620    142916
52.630    150766
52.640    149020
52.650    140804
52.660    121871
52.670     92983
52.680     63961
52.690     41743
52.700     31614
52.710     29295
52.720     35019
52.730     44835
52.740     58217
52.750     69539
52.760     79422
52.770     82860
52.780     82247
52.790     78289
52.800     65934
52.810     49400
52.820     32094
52.830     20552
52.840     12748
52.850      8903
52.860      6591
52.870      5191
52.880      4452
52.890      3479
52.900      2999
52.910      2399
52.920      2472
52.930      1979
52.940      1926
52.950      1833
52.960      1693
52.970      1579
52.980      1493
52.990      1200
53.000      1439
53.010      1346
53.020      1126
53.030       953
53.040       840
53.050       960
53.060       920
53.070       946
53.080       853
53.090       806
53.100       746
53.110       780
53.120       740
53.130       660
53.140       900
53.150       726
53.160       593
53.170       586
53.180       700
53.190       660
53.200       666
53.210       640
53.220       506
53.230       620
53.240       680
53.250       633
53.260       526
53.270       513
53.280       640
53.290       606
53.300       593
53.310       480
53.320       566
53.330       486
53.340       520
53.350       506
53.360       473
53.370       493
53.380       500
53.390       473
53.400       353
53.410       486
53.420       393
53.430       420
53.440       493
53.450       440
53.460       413
53.470       387
53.480       413
53.490       500
53.500       380
53.510       380
53.520       393
53.530       300
53.540       393
53.550       380
53.560       340
53.570       313
53.580       500
53.590       360
53.600       340
53.610       373
53.620       400
53.630       293
53.640       373
53.650       293
53.660       333
53.670       407
53.680       307
53.690       313
53.700       273
53.710       293
53.720       307
53.730       313
53.740       347
53.750       340
53.760       327
53.770       307
53.780       333
53.790       327
53.800       267
53.810       260
53.820       307
53.830       280
53.840       333
53.850       287
53.860       293
53.870       280
53.880       267
53.890       287
53.900       327
53.910       327
53.920       227
53.930       313
53.940       293
53.950       227
53.960       233
53.970       373
53.980       293
53.990       280
54.000       273
54.010       233
54.020       207
54.030       327
54.040       280
54.050       313
54.060       313
54.070       273
54.080       300
54.090       227
54.100       233
54.110       293
54.120       227
54.130       280
54.140       253
54.150       300
54.160       253
54.170       293
54.180       267
54.190       233
54.200       287
54.210       260
54.220       267
54.230       220
54.240       287
54.250       293
54.260       300
54.270       220
54.280       220
54.290       360
54.300       253
54.310       260
54.320       380
54.330       167
54.340       347
54.350       227
54.360       193
54.370       260
54.380       287
54.390       280
54.400       247
54.410       327
54.420       273
54.430       180
54.440       280
54.450       280
54.460       193
54.470       260
54.480       200
54.490       287
54.500       287
54.510       220
54.520       300
54.530       167
54.540       207
54.550       273
54.560       327
54.570       240
54.580       213
54.590       200
54.600       233
54.610       220
54.620       253
54.630       207
54.640       240
54.650       200
54.660       287
54.670       187
54.680       233
54.690       287
54.700       227
54.710       167
54.720       193
54.730       287
54.740       173
54.750       233
54.760       207
54.770       247
54.780       280
54.790       253
54.800       260
54.810       207
54.820       240
54.830       153
54.840       207
54.850       207
54.860       180
54.870       187
54.880       193
54.890       233
54.900       207
54.910       220
54.920       233
54.930       233
54.940       153
54.950       187
54.960       273
54.970       140
54.980       187
54.990       220
55.000       180
55.010       153
55.020       220
55.030       200
55.040       193
55.050       240
55.060       227
55.070       220
55.080       167
55.090       213
55.100       240
55.110       253
55.120       180
55.130       233
55.140       220
55.150       160
55.160       160
55.170       180
55.180       213
55.190       173
55.200       187
55.210       127
55.220       187
55.230       173
55.240       227
55.250       180
55.260       160
55.270       180
55.280       240
55.290       207
55.300       180
55.310       187
55.320       233
55.330       200
55.340       220
55.350       227
55.360       233
55.370       140
55.380       280
55.390       227
55.400       253
55.410       193
55.420       240
55.430       200
55.440       193
55.450       240
55.460       173
55.470       200
55.480       127
55.490       167
55.500       127
55.510       120
55.520       187
55.530       173
55.540       167
55.550       213
55.560       200
55.570       160
55.580       173
55.590       200
55.600       167
55.610       167
55.620       253
55.630       233
55.640       147
55.650       133
55.660       200
55.670       233
55.680       207
55.690       253
55.700       147
55.710       193
55.720       180
55.730       180
55.740       213
55.750       173
55.760       167
55.770       180
55.780       247
55.790       180
55.800       153
55.810       220
55.820       193
55.830       193
55.840       160
55.850       227
55.860       167
55.870       153
55.880       247
55.890       180
55.900       200
55.910       187
55.920       180
55.930       240
55.940       207
55.950       187
55.960       193
55.970       207
55.980       213
55.990       167
56.000       147
56.010       133
56.020       227
56.030       167
56.040       153
56.050       120
56.060       200
56.070       133
56.080       180
56.090       180
56.100       127
56.110       213
56.120       140
56.130       187
56.140       167
56.150       173
56.160       153
56.170       193
56.180       187
56.190       213
56.200       127
56.210       133
56.220       140
56.230       140
56.240       187
56.250       180
56.260       127
56.270       180
56.280       193
56.290       187
56.300       147
56.310       140
56.320       160
56.330       160
56.340       193
56.350       120
56.360       160
56.370       127
56.380       147
56.390       233
56.400       113
56.410       147
56.420       200
56.430       153
56.440       153
56.450       147
56.460       153
56.470       213
56.480       107
56.490       113
56.500       147
56.510       140
56.520       140
56.530       153
56.540       120
56.550       187
56.560       147
56.570       120
56.580       200
56.590       120
56.600       133
56.610       160
56.620       127
56.630       167
56.640       153
56.650       193
56.660       160
56.670       113
56.680       127
56.690       107
56.700       167
56.710       140
56.720       187
56.730       133
56.740       167
56.750        87
56.760       187
56.770       180
56.780       100
56.790       160
56.800       193
56.810       127
56.820       140
56.830       180
56.840       147
56.850        93
56.860       167
56.870       153
56.880       147
56.890       220
56.900       140
56.910       107
56.920       133
56.930        93
56.940       147
56.950       140
56.960       173
56.970       167
56.980        87
56.990       127
57.000       113
57.010        93
57.020       133
57.030       173
57.040       187
57.050       133
57.060       147
57.070       140
57.080       227
57.090       160
57.100       133
57.110       180
57.120       187
57.130       167
57.140       140
57.150       167
57.160       120
57.170       133
57.180       147
57.190       120
57.200       193
57.210        87
57.220       153
57.230       153
57.240       187
57.250       127
57.260       167
57.270       147
57.280       173
57.290       107
57.300       107
57.310       180
57.320       120
57.330       180
57.340       207
57.350       173
57.360        87
57.370       107
57.380       120
57.390       107
57.400       193
57.410       133
57.420       153
57.430       160
57.440       120
57.450        87
57.460       133
57.470       120
57.480       133
57.490       187
57.500        80
57.510       133
57.520       160
57.530       133
57.540       133
57.550       133
57.560       140
57.570       153
57.580       160
57.590       113
57.600       167
57.610       153
57.620       153
57.630       127
57.640       127
57.650       160
57.660       127
57.670       133
57.680       127
57.690       127
57.700       107
57.710       120
57.720       107
57.730       107
57.740       107
57.750       127
57.760       120
57.770       100
57.780       133
57.790       153
57.800       133
57.810       107
57.820       107
57.830       100
57.840       113
57.850       100
57.860       153
57.870       213
57.880       127
57.890       140
57.900        87
57.910        60
57.920       113
57.930       173
57.940       127
57.950       127
57.960       120
57.970       100
57.980       147
57.990       100
58.000       100
58.010       107
58.020       153
58.030        93
58.040       153
58.050       147
58.060       133
58.070       133
58.080       113
58.090       100
58.100       100
58.110       120
58.120       140
58.130       113
58.140       100
58.150       113
58.160        93
58.170       100
58.180       127
58.190       100
58.200       127
58.210       113
58.220       140
58.230       113
58.240       127
58.250       120
58.260       133
58.270       100
58.280       120
58.290        93
58.300       127
58.310        73
58.320       140
58.330       173
58.340       147
58.350       127
58.360       113
58.370       160
58.380       100
58.390        87
58.400       167
58.410       107
58.420       100
58.430        93
58.440       113
58.450       153
58.460       107
58.470       113
58.480       113
58.490       100
58.500        93
58.510       140
58.520       167
58.530       100
58.540       133
58.550       173
58.560        87
58.570       120
58.580       120
58.590       127
58.600       140
58.610       167
58.620       113
58.630       127
58.640       107
58.650       107
58.660       133
58.670       153
58.680       140
58.690        80
58.700       147
58.710       113
58.720       107
58.730        80
58.740       193
58.750       113
58.760       120
58.770       127
58.780        93
58.790        73
58.800       113
58.810       147
58.820       113
58.830        93
58.840       100
58.850        93
58.860        40
58.870        80
58.880        87
58.890       113
58.900        93
58.910       140
58.920        87
58.930       133
58.940        60
58.950        93
58.960       133
58.970       107
58.980       120
58.990        80
59.000        87
59.010       133
59.020       120
59.030       107
59.040        80
59.050       153
59.060        73
59.070       153
59.080       167
59.090        73
59.100        73
59.110       120
59.120        73
59.130        93
59.140       127
59.150        93
59.160       113
59.170        87
59.180        93
59.190        80
59.200       140
59.210        73
59.220        73
59.230        67
59.240        53
59.250       100
59.260       107
59.270       100
59.280       100
59.290       107
59.300       113
59.310        60
59.320       153
59.330       107
59.340       113
59.350       133
59.360        93
59.370       140
59.380        80
59.390       127
59.400       107
59.410       127
59.420        87
59.430       147
59.440        80
59.450        93
59.460        87
59.470       140
59.480        67
59.490        80
59.500       107
59.510       140
59.520        40
59.530       107
59.540       100
59.550       147
59.560        67
59.570       107
59.580       113
59.590       107
59.600        93
59.610        93
59.620       140
59.630       107
59.640        73
59.650        67
59.660       160
59.670       107
59.680       100
59.690       107
59.700        93
59.710       107
59.720       107
59.730       107
59.740        73
59.750        67
59.760        73
59.770        93
59.780        67
59.790        40
59.800        80
59.810       127
59.820       113
59.830        80
59.840       140
59.850       113
59.860        80
59.870       140
59.880       107
59.890       113
59.900        93
59.910        80
59.920        87
59.930       113
59.940       100
59.950        93
59.960        93
59.970       127
59.980        87
59.990        53
60.000       127
