20.000        63
20.020        70
20.040        37
20.060        60
20.080        57
20.100        63
20.120        53
20.140        40
20.160        33
20.180        57
20.200        53
20.220        50
20.240        30
20.260        60
20.280        33
20.300        47
20.320        33
20.340        27
20.360        53
20.380        33
20.400        57
20.420        73
20.440        40
20.460        53
20.480        53
20.500        30
20.520        43
20.540        40
20.560        50
20.580        23
20.600        37
20.620        53
20.640        30
20.660        33
20.680        37
20.700        30
20.720        70
20.740        27
20.760        53
20.780        47
20.800        60
20.820        27
20.840        60
20.860        33
20.880        47
20.900        27
20.920        47
20.940        53
20.960        47
20.980        67
21.000        40
21.020        40
21.040        53
21.060        33
21.080        63
21.100        77
21.120        57
21.140        70
21.160        47
21.180        23
21.200        50
21.220        40
21.240        63
21.260        60
21.280        53
21.300        60
21.320        47
21.340        57
21.360        63
21.380        70
21.400        53
21.420        57
21.440        60
21.460        53
21.480        50
21.500        50
21.520        50
21.540        63
21.560        53
21.580        53
21.600        20
21.620        43
21.640        33
21.660        43
21.680        73
21.700        40
21.720        40
21.740        33
21.760        30
21.780        40
21.800        33
21.820        23
21.840        33
21.860        33
21.880        43
21.900        30
21.920        23
21.940        50
21.960        40
21.980        53
22.000        40
22.020        30
22.040        33
22.060        43
22.080        37
22.100        30
22.120        37
22.140        27
22.160        37
22.180        40
22.200        53
22.220        10
22.240        27
22.260        47
22.280        43
22.300        30
22.320        33
22.340        43
22.360        47
22.380        37
22.400        40
22.420        50
22.440        57
22.460        20
22.480        40
22.500        23
22.520        47
22.540        53
22.560        40
22.580        57
22.600        40
22.620        53
22.640        30
22.660        50
22.680        67
22.700        43
22.720        63
22.740        53
22.760        50
22.780        57
22.800        23
22.820        30
22.840        23
22.860        27
22.880        30
22.900        50
22.920        57
22.940        37
22.960        27
22.980        23
23.000        53
23.020        37
23.040        47
23.060        43
23.080        27
23.100        30
23.120        33
23.140        47
23.160        30
23.180        33
23.200        40
23.220        20
23.240        33
23.260        33
23.280        27
23.300        33
23.320        27
23.340        53
23.360        40
23.380        57
23.400        33
23.420        50
23.440        47
23.460        27
23.480        37
23.500        30
23.520        53
23.540        30
23.560        50
23.580        37
23.600        30
23.620        43
23.640        30
23.660        23
23.680        20
23.700        30
23.720        33
23.740        37
23.760        23
23.780        50
23.800        60
23.820        30
23.840        50
23.860        27
23.880        37
23.900        57
23.920        33
23.940        30
23.960        20
23.980        33
24.000        33
24.020        33
24.040        43
24.060        57
24.080        47
24.100        30
24.120        40
24.140        30
24.160        40
24.180        43
24.200        40
24.220        43
24.240        20
24.260        37
24.280        37
24.300        20
24.320        37
24.340        53
24.360        30
24.380        50
24.400        23
24.420        27
24.440        33
24.460        23
24.480        40
24.500        20
24.520        37
24.540        50
24.560        70
24.580        53
24.600        23
24.620        43
24.640        20
24.660        17
24.680        50
24.700        30
24.720        30
24.740        60
24.760        70
24.780        33
24.800        47
24.820        70
24.840       110
24.860       100
24.880        60
24.900        87
24.920        67
24.940        77
24.960        47
24.980        57
25.000        47
25.020        33
25.040        37
25.060        23
25.080        43
25.100        23
25.120        30
25.140        27
25.160        17
25.180        33
25.200        53
25.220        33
25.240        43
25.260        30
25.280        40
25.300        47
25.320        37
25.340        40
25.360        27
25.380        27
25.400        30
25.420        13
25.440        27
25.460        17
25.480        37
25.500        33
25.520        37
25.540        40
25.560        33
25.580        47
25.600        27
25.620        50
25.640        37
25.660        37
25.680        43
25.700        27
25.720        53
25.740        30
25.760        63
25.780        80
25.800        93
25.820        87
25.840       123
25.860        83
25.880        90
25.900       100
25.920        77
25.940        70
25.960        43
25.980        37
26.000        27
26.020        17
26.040        20
26.060        23
26.080        47
26.100        30
26.120        47
26.140        23
26.160        33
26.180        17
26.200        47
26.220        30
26.240        23
26.260        43
26.280        40
26.300        20
26.320        20
26.340        20
26.360        20
26.380        30
26.400        17
26.420        33
26.440        40
26.460        43
26.480        30
26.500        13
26.520        50
26.540        37
26.560        47
26.580        33
26.600        27
26.620        27
26.640        20
26.660        30
26.680        23
26.700        30
26.720        23
26.740        27
26.760        37
26.780        30
26.800        20
26.820        30
26.840        20
26.860        30
26.880        33
26.900        33
26.920        10
26.940        30
26.960        40
26.980        23
27.000        40
27.020        33
27.040        37
27.060        30
27.080        30
27.100        27
27.120        30
27.140        13
27.160        30
27.180        23
27.200        40
27.220        40
27.240        23
27.260        27
27.280        33
27.300        53
27.320        27
27.340        23
27.360        23
27.380        33
27.400        40
27.420        30
27.440        17
27.460        37
27.480        47
27.500        27
27.520        20
27.540        17
27.560        20
27.580        17
27.600        43
27.620        23
27.640        30
27.660        27
27.680        30
27.700        23
27.720        37
27.740        27
27.760        37
27.780        43
27.800        53
27.820        40
27.840        33
27.860        50
27.880        37
27.900        43
27.920        23
27.940        57
27.960        47
27.980        67
28.000        37
28.020        37
28.040        27
28.060        23
28.080        63
28.100        40
28.120        27
28.140        27
28.160        30
28.180        43
28.200        57
28.220        47
28.240        33
28.260        43
28.280        37
28.300        13
28.320        17
28.340        30
28.360        37
28.380        13
28.400        30
28.420        30
28.440        33
28.460        40
28.480        23
28.500        23
28.520        23
28.540        47
28.560        20
28.580        50
28.600        40
28.620        20
28.640        30
28.660        57
28.680        80
28.700        57
28.720        43
28.740        40
28.760        47
28.780        60
28.800        50
28.820        83
28.840        73
28.860        70
28.880        73
28.900        67
28.920        80
28.940        67
28.960        63
28.980        80
29.000        70
29.020        37
29.040        37
29.060        30
29.080        43
29.100        50
29.120        50
29.140        83
29.160        53
29.180        67
29.200        63
29.220        30
29.240        67
29.260        37
29.280        90
29.300        87
29.320       120
29.340       113
29.360        90
29.380       143
29.400       103
29.420       103
29.440       110
29.460       107
29.480        80
29.500        93
29.520        57
29.540        77
29.560        93
29.580       107
29.600       113
29.620        93
29.640       107
29.660        93
29.680       103
29.700        83
29.720        90
29.740        73
29.760        47
29.780        47
29.800        33
29.820        47
29.840        20
29.860        37
29.880        40
29.900        20
29.920        23
29.940        33
29.960        27
29.980        33
30.000        13
30.020        20
30.040        13
30.060        23
30.080        23
30.100        20
30.120        33
30.140        17
30.160        23
30.180        23
30.200        47
30.220        23
30.240        17
30.260        17
30.280        30
30.300        50
30.320        13
30.340        37
30.360        30
30.380        23
30.400        20
30.420        30
30.440        47
30.460        40
30.480        67
30.500        40
30.520        50
30.540        43
30.560        27
30.580        63
30.600        43
30.620         7
30.640        37
30.660        30
30.680        30
30.700        27
30.720        20
30.740        27
30.760        13
30.780        30
30.800        17
30.820        27
30.840        27
30.860        30
30.880        27
30.900        13
30.920        30
30.940        27
30.960        10
30.980        27
31.000        23
31.020        27
31.040        60
31.060        23
31.080        20
31.100        30
31.120        13
31.140        40
31.160        30
31.180        53
31.200        27
31.220        40
31.240        27
31.260        33
31.280        47
31.300        33
31.320        17
31.340        43
31.360        43
31.380        20
31.400        23
31.420        40
31.440        37
31.460        23
31.480        43
31.500        17
31.520        47
31.540        63
31.560        37
31.580        37
31.600        30
31.620        17
31.640        37
31.660        17
31.680        20
31.700        13
31.720        23
31.740        33
31.760        33
31.780        27
31.800        27
31.820        23
31.840        13
31.860        40
31.880        27
31.900        13
31.920        30
31.940        33
31.960        13
31.980        37
32.000        27
32.020        30
32.040        23
32.060        20
32.080        53
32.100        33
32.120        50
32.140        60
32.160        77
32.180        77
32.200        70
32.220        67
32.240        83
32.260        83
32.280        90
32.300        43
32.320        60
32.340        40
32.360        47
32.380        47
32.400        30
32.420        50
32.440        33
32.460        40
32.480        60
32.500        30
32.520        40
32.540        23
32.560        37
32.580        57
32.600        40
32.620        57
32.640        43
32.660        33
32.680        17
32.700        40
32.720        30
32.740        50
32.760        33
32.780        33
32.800        37
32.820        33
32.840        27
32.860        27
32.880        27
32.900        20
32.920        23
32.940        40
32.960        27
32.980        23
33.000        30
33.020        17
33.040        30
33.060        20
33.080        27
33.100        10
33.120        23
33.140        23
33.160        20
33.180        27
33.200        20
33.220        13
33.240        27
33.260        23
33.280        30
33.300        27
33.320        23
33.340        17
33.360        10
33.380        10
33.400        27
33.420         3
33.440        13
33.460        20
33.480        20
33.500        20
33.520        23
33.540        23
33.560        20
33.580        20
33.600        30
33.620         3
33.640        27
33.660        30
33.680        23
33.700        23
33.720        37
33.740        27
33.760        17
33.780        27
33.800        17
33.820        13
33.840        17
33.860        60
33.880        17
33.900        10
33.920         7
33.940        20
33.960         3
33.980        17
34.000        23
34.020        23
34.040        10
34.060        30
34.080        20
34.100        20
34.120        23
34.140        23
34.160        17
34.180        13
34.200        13
34.220        27
34.240        27
34.260        13
34.280        17
34.300        27
34.320        20
34.340        13
34.360        17
34.380        10
34.400        43
34.420        20
34.440        37
34.460        27
34.480        13
34.500        13
34.520        33
34.540        13
34.560        17
34.580        33
34.600        13
34.620        20
34.640        20
34.660        27
34.680         3
34.700        37
34.720        43
34.740        13
34.760        43
34.780        10
34.800        20
34.820        10
34.840        10
34.860        13
34.880        17
34.900        27
34.920        37
34.940        23
34.960        27
34.980        23
35.000        20
35.020        17
35.040        27
35.060        13
35.080        20
35.100        13
35.120        27
35.140        13
35.160        33
35.180        30
35.200        27
35.220        17
35.240        23
35.260        20
35.280        40
35.300        23
35.320        13
35.340        27
35.360        27
35.380        17
35.400        20
35.420        23
35.440        27
35.460        23
35.480        10
35.500        20
35.520        10
35.540        23
35.560        20
35.580        20
35.600        23
35.620        17
35.640        20
35.660        33
35.680        37
35.700        37
35.720        17
35.740        30
35.760        30
35.780        20
35.800        30
35.820        37
35.840        43
35.860        20
35.880        30
35.900        50
35.920        43
35.940        43
35.960        30
35.980        37
36.000        30
36.020        37
36.040        47
36.060        27
36.080        17
36.100        17
36.120        23
36.140         7
36.160        33
36.180        37
36.200        20
36.220        30
36.240        27
36.260        23
36.280        17
36.300        27
36.320        13
36.340        20
36.360        17
36.380        33
36.400        27
36.420        10
36.440        17
36.460        17
36.480        23
36.500        13
36.520        20
36.540        33
36.560        17
36.580        33
36.600        33
36.620        30
36.640        20
36.660        37
36.680        23
36.700        37
36.720        10
36.740        27
36.760        17
36.780         3
36.800        17
36.820        23
36.840        30
36.860        20
36.880        33
36.900         3
36.920        20
36.940         7
36.960        20
36.980        30
37.000        20
37.020        20
37.040         3
37.060        20
37.080        23
37.100        17
37.120        13
37.140        40
37.160        23
37.180        13
37.200        27
37.220        10
37.240        10
37.260        33
37.280        27
37.300         7
37.320        23
37.340        17
37.360        20
37.380        17
37.400        10
37.420         7
37.440        27
37.460        23
37.480        10
37.500        20
37.520        33
37.540        20
37.560        20
37.580        33
37.600        23
37.620        17
37.640        27
37.660        40
37.680        33
37.700        23
37.720        33
37.740        37
37.760        20
37.780        23
37.800        33
37.820        23
37.840        33
37.860        20
37.880        20
37.900        27
37.920        17
37.940        10
37.960        13
37.980        30
38.000        33
38.020        37
38.040        10
38.060        20
38.080        27
38.100         3
38.120        13
38.140        17
38.160        17
38.180        17
38.200        27
38.220        17
38.240        20
38.260        23
38.280        27
38.300        27
38.320        23
38.340        10
38.360        37
38.380        33
38.400        20
38.420        23
38.440        37
38.460        43
38.480        27
38.500        30
38.520        30
38.540        23
38.560        13
38.580        17
38.600        17
38.620        30
38.640        13
38.660        40
38.680        13
38.700        23
38.720        17
38.740         3
38.760        37
38.780        30
38.800        27
38.820        17
38.840        37
38.860        23
38.880        13
38.900        10
38.920        20
38.940        17
38.960        30
38.980        13
39.000        33
39.020        33
39.040        27
39.060        23
39.080        30
39.100        30
39.120        50
39.140        30
39.160        23
39.180        23
39.200        30
39.220        30
39.240        53
39.260        40
39.280        57
39.300        40
39.320        33
39.340        53
39.360        33
39.380        23
39.400        23
39.420        43
39.440        30
39.460        43
39.480        37
39.500        63
39.520        30
39.540        27
39.560        20
39.580        37
39.600        27
39.620        43
39.640        23
39.660        20
39.680        13
39.700        17
39.720        10
39.740        17
39.760        20
39.780        27
39.800        13
39.820        53
39.840        27
39.860        10
39.880        20
39.900         7
39.920        33
39.940        27
39.960        17
39.980        13
40.000        20
40.020        20
40.040        13
40.060        33
40.080        23
40.100        10
40.120        47
40.140        13
40.160        10
40.180        23
40.200        20
40.220         7
40.240        30
40.260        20
40.280        33
40.300        33
40.320        17
40.340        17
40.360        27
40.380        27
40.400        37
40.420        17
40.440        27
40.460        33
40.480         7
40.500        30
40.520        13
40.540        33
40.560        17
40.580        20
40.600        30
40.620        20
40.640        20
40.660        13
40.680        17
40.700        20
40.720        10
40.740        23
40.760        20
40.780        20
40.800        20
40.820        10
40.840         7
40.860        13
40.880        20
40.900        20
40.920        20
40.940        13
40.960        17
40.980        17
41.000        30
41.020        20
41.040        20
41.060         3
41.080        23
41.100        13
41.120        20
41.140        27
41.160        30
41.180        23
41.200        23
41.220        13
41.240        13
41.260         7
41.280        17
41.300        23
41.320        33
41.340        23
41.360        10
41.380         3
41.400        33
41.420        23
41.440        27
41.460        10
41.480        17
41.500        17
41.520        13
41.540        27
41.560        33
41.580        33
41.600        33
41.620        17
41.640        27
41.660        13
41.680        13
41.700        13
41.720        20
41.740        20
41.760        33
41.780        23
41.800        20
41.820        20
41.840        20
41.860         7
41.880        13
41.900        33
41.920        20
41.940        27
41.960        33
41.980        17
42.000        27
42.020        20
42.040        17
42.060        10
42.080        30
42.100        20
42.120        40
42.140        13
42.160        23
42.180        43
42.200        20
42.220        17
42.240        23
42.260        33
42.280        17
42.300        43
42.320        43
42.340        37
42.360        27
42.380        27
42.400        50
42.420        43
42.440        20
42.460        37
42.480        37
42.500        43
42.520        30
42.540        30
42.560        37
42.580        43
42.600        37
42.620        37
42.640        40
42.660        20
42.680        43
42.700        30
42.720        23
42.740        27
42.760        33
42.780        27
42.800        37
42.820         7
42.840        33
42.860        27
42.880        30
42.900        30
42.920        13
42.940        33
42.960        43
42.980        33
43.000        30
43.020        27
43.040        40
43.060        20
43.080        33
43.100        43
43.120        43
43.140        33
43.160        53
43.180        47
43.200        30
43.220        30
43.240        40
43.260        33
43.280        20
43.300        30
43.320        17
43.340        10
43.360        17
43.380        33
43.400        23
43.420        27
43.440        30
43.460        27
43.480        13
43.500        13
43.520        13
43.540        20
43.560        23
43.580        10
43.600        20
43.620        20
43.640         7
43.660        33
43.680        13
43.700        27
43.720        23
43.740        27
43.760        27
43.780        30
43.800        27
43.820        13
43.840        17
43.860        20
43.880        10
43.900        20
43.920        27
43.940        27
43.960        10
43.980        23
44.000        20
44.020        23
44.040        40
44.060        20
44.080        27
44.100        20
44.120        13
44.140        30
44.160        17
44.180        17
44.200        30
44.220        23
44.240        20
44.260        17
44.280        13
44.300        23
44.320        40
44.340        30
44.360        23
44.380        23
44.400        13
44.420        33
44.440        17
44.460        17
44.480        20
44.500        20
44.520        30
44.540         7
44.560        17
44.580        23
44.600        30
44.620        20
44.640        13
44.660        13
44.680        27
44.700        20
44.720        33
44.740        17
44.760        30
44.780        27
44.800        20
44.820        30
44.840        33
44.860         3
44.880        10
44.900        10
44.920        17
44.940        17
44.960        10
44.980        43
45.000        20
45.020        13
45.040        20
45.060        23
45.080        20
45.100        17
45.120        13
45.140        13
45.160        23
45.180        47
45.200        13
45.220        20
45.240        23
45.260        27
45.280        33
45.300         3
45.320        20
45.340        17
45.360        37
45.380        37
45.400        30
45.420        30
45.440        30
45.460        27
45.480        27
45.500        20
45.520        20
45.540        30
45.560        17
45.580        17
45.600        10
45.620        30
45.640        33
45.660        17
45.680        33
45.700        30
45.720        43
45.740        40
45.760        33
45.780        27
45.800        30
45.820        30
45.840        17
45.860        47
45.880        20
45.900        27
45.920        17
45.940        30
45.960        43
45.980        13
46.000        33
46.020        13
46.040        20
46.060        30
46.080        20
46.100        30
46.120        50
46.140        40
46.160        37
46.180        53
46.200        40
46.220        40
46.240        13
46.260        20
46.280        33
46.300        37
46.320        17
46.340        17
46.360        37
46.380        17
46.400        43
46.420        13
46.440        43
46.460        13
46.480        27
46.500        17
46.520        20
46.540        30
46.560        13
46.580        10
46.600        17
46.620        23
46.640        20
46.660        37
46.680        30
46.700        37
46.720        17
46.740        13
46.760        40
46.780        23
46.800        23
46.820        37
46.840        27
46.860        17
46.880        27
46.900        47
46.920        23
46.940        27
46.960        33
46.980        20
47.000        50
47.020        27
47.040        47
47.060        40
47.080        27
47.100        37
47.120        27
47.140        33
47.160        17
47.180        47
47.200        43
47.220        27
47.240        27
47.260        20
47.280        30
47.300        40
47.320        53
47.340        33
47.360        17
47.380        47
47.400        37
47.420        53
47.440        63
47.460        77
47.480        60
47.500        47
47.520        37
47.540        30
47.560        47
47.580        47
47.600        23
47.620        40
47.640        27
47.660        30
47.680        33
47.700        47
47.720        17
47.740        43
47.760        13
47.780        23
47.800        27
47.820        37
47.840        33
47.860        10
47.880        13
47.900        27
47.920         7
47.940        23
47.960        27
47.980        20
48.000        33
48.020        20
48.040        23
48.060        27
48.080        20
48.100        23
48.120        23
48.140        33
48.160        23
48.180        27
48.200        30
48.220        13
48.240        37
48.260        27
48.280        27
48.300        17
48.320        33
48.340        20
48.360        13
48.380        27
48.400        13
48.420        40
48.440        57
48.460        43
48.480        60
48.500        43
48.520        60
48.540        50
48.560        50
48.580        40
48.600        27
48.620        57
48.640        37
48.660        33
48.680        57
48.700        40
48.720        37
48.740        17
48.760        23
48.780        30
48.800        17
48.820        13
48.840        17
48.860        33
48.880        33
48.900        40
48.920        30
48.940        20
48.960        33
48.980        27
49.000        33
49.020        30
49.040        13
49.060        47
49.080        40
49.100        43
49.120        33
49.140        37
49.160        37
49.180        30
49.200        33
49.220        67
49.240        43
49.260        23
49.280        43
49.300        50
49.320        20
49.340        47
49.360        30
49.380        23
49.400        37
49.420        30
49.440        30
49.460        23
49.480        10
49.500        20
49.520        17
49.540        13
49.560        17
49.580        27
49.600        17
49.620        23
49.640        33
49.660        53
49.680        23
49.700        33
49.720        20
49.740        50
49.760        23
49.780        40
49.800        33
49.820        33
49.840        10
49.860        30
49.880        37
49.900        33
49.920        30
49.940        13
49.960        33
49.980        37
50.000        17
50.020        23
50.040        33
50.060        27
50.080        40
50.100        30
50.120        17
50.140        20
50.160        20
50.180        10
50.200        40
50.220        27
50.240        17
50.260        20
50.280        13
50.300        17
50.320        17
50.340        30
50.360        27
50.380        13
50.400        20
50.420         7
50.440        17
50.460        27
50.480        37
50.500        23
50.520        10
50.540        10
50.560        30
50.580        10
50.600        23
50.620        23
50.640        20
50.660        23
50.680        17
50.700        27
50.720        17
50.740        20
50.760        13
50.780        27
50.800        27
50.820        23
50.840        30
50.860        17
50.880        33
50.900        27
50.920        20
50.940        13
50.960        17
50.980        27
51.000        27
51.020        23
51.040        27
51.060        57
51.080        33
51.100        20
51.120        40
51.140        23
51.160        17
51.180        13
51.200        23
51.220        43
51.240        13
51.260        23
51.280        23
51.300        13
51.320        10
51.340        10
51.360        23
51.380        17
51.400         3
51.420        13
51.440        10
51.460        20
51.480        20
51.500        20
51.520        30
51.540        33
51.560        30
51.580        50
51.600        30
51.620        17
51.640        27
51.660        27
51.680        37
51.700        30
51.720        47
51.740        30
51.760        47
51.780        33
51.800        47
51.820        67
51.840        67
51.860        47
51.880        50
51.900        47
51.920        43
51.940        37
51.960        43
51.980        50
52.000        63
52.020        50
52.040        53
52.060        80
52.080        43
52.100        50
52.120        40
52.140        47
52.160        40
52.180        57
52.200        40
52.220        43
52.240        47
52.260        47
52.280        33
52.300        40
52.320        37
52.340        47
52.360        47
52.380        57
52.400        47
52.420        40
52.440        47
52.460        40
52.480        40
52.500        63
52.520        40
52.540        43
52.560        63
52.580        47
52.600        47
52.620        20
52.640        43
52.660        43
52.680        23
52.700        53
52.720        23
52.740        27
52.760        47
52.780        43
52.800        33
52.820        27
52.840        17
52.860        17
52.880        40
52.900        33
52.920        40
52.940        37
52.960        47
52.980        33
53.000        27
53.020        33
53.040        33
53.060        33
53.080        47
53.100        33
53.120        53
53.140        30
53.160        40
53.180        40
53.200        50
53.220        17
53.240        33
53.260        23
53.280        33
53.300        10
53.320        27
53.340        20
53.360        27
53.380        40
53.400        40
53.420        43
53.440        23
53.460        27
53.480        27
53.500        30
53.520        37
53.540        17
53.560        23
53.580        13
53.600        33
53.620        27
53.640        23
53.660        20
53.680        30
53.700        30
53.720        43
53.740         7
53.760        23
53.780        27
53.800        27
53.820        37
53.840        20
53.860        23
53.880        17
53.900        10
53.920        13
53.940        27
53.960        27
53.980        30
54.000        13
54.020        20
54.040        33
54.060        33
54.080        27
54.100        23
54.120        13
54.140        17
54.160        27
54.180        17
54.200        20
54.220        33
54.240        10
54.260         7
54.280        40
54.300        27
54.320        37
54.340        17
54.360        30
54.380        50
54.400        27
54.420        37
54.440        33
54.460        20
54.480        13
54.500        13
54.520        40
54.540        13
54.560        33
54.580        17
54.600        23
54.620        27
54.640        23
54.660        17
54.680        27
54.700        10
54.720        37
54.740        23
54.760        30
54.780        23
54.800        23
54.820        23
54.840        17
54.860        30
54.880        27
54.900        40
54.920        27
54.940        13
54.960        27
54.980        23
55.000        40
55.020        33
55.040        27
55.060        17
55.080        23
55.100        27
55.120        23
55.140        13
55.160        10
55.180        20
55.200        17
55.220        20
55.240        20
55.260        30
55.280        17
55.300        20
55.320        33
55.340        20
55.360        33
55.380        27
55.400        13
55.420        13
55.440        30
55.460        20
55.480        20
55.500        17
55.520        10
55.540        20
55.560        20
55.580        10
55.600        20
55.620        23
55.640        17
55.660        23
55.680        20
55.700        27
55.720        37
55.740        30
55.760        13
55.780        13
55.800        13
55.820        17
55.840        23
55.860        17
55.880        33
55.900        33
55.920        23
55.940        27
55.960        27
55.980        17
56.000        13
56.020        37
56.040        20
56.060        20
56.080        17
56.100        23
56.120        33
56.140        30
56.160        23
56.180        23
56.200        30
56.220        33
56.240        27
56.260        13
56.280        17
56.300        17
56.320        20
56.340        23
56.360        27
56.380        23
56.400        43
56.420        17
56.440         3
56.460        23
56.480        13
56.500        17
56.520        23
56.540        30
56.560        23
56.580        37
56.600        20
56.620        23
56.640        10
56.660        30
56.680         3
56.700        17
56.720        23
56.740        33
56.760        20
56.780        20
56.800         3
56.820        37
56.840        13
56.860        63
56.880        17
56.900         7
56.920        33
56.940        17
56.960         7
56.980        20
57.000        13
57.020        17
57.040        27
57.060        17
57.080        27
57.100        13
57.120        20
57.140        20
57.160        30
57.180        17
57.200        20
57.220        23
57.240        30
57.260        13
57.280        20
57.300        30
57.320        17
57.340        50
57.360        37
57.380        50
57.400        27
57.420        50
57.440        20
57.460        33
57.480        47
57.500        20
57.520        40
57.540        37
57.560        40
57.580        23
57.600        23
57.620        23
57.640        33
57.660        20
57.680        17
57.700        23
57.720        23
57.740        13
57.760        17
57.780        20
57.800        23
57.820        20
57.840        13
57.860        20
57.880        10
57.900        17
57.920         3
57.940         3
57.960        23
57.980        40
58.000        13
58.020        10
58.040        23
58.060        20
58.080        17
58.100        23
58.120         7
58.140        17
58.160        20
58.180        23
58.200        10
58.220         7
58.240        13
58.260        20
58.280        10
58.300        20
58.320        20
58.340        20
58.360        17
58.380        17
58.400        30
58.420        13
58.440        10
58.460        13
58.480        37
58.500        13
58.520        23
58.540        10
58.560        23
58.580        10
58.600        10
58.620         7
58.640        13
58.660        23
58.680        10
58.700        27
58.720        10
58.740        17
58.760        10
58.780        20
58.800        20
58.820        10
58.840        20
58.860        23
58.880        30
58.900        10
58.920        10
58.940        23
58.960        13
58.980        13
59.000        27
59.020        13
59.040        37
59.060        23
59.080        17
59.100        10
59.120         3
59.140         7
59.160        13
59.180        17
59.200        17
59.220        20
59.240         7
59.260        10
59.280        13
59.300        33
59.320        17
59.340        10
59.360        13
59.380        30
59.400        13
59.420        20
59.440        13
59.460        10
59.480        23
59.500         7
59.520        27
59.540        17
59.560        23
59.580        20
59.600        23
59.620        17
59.640        23
59.660        23
59.680        17
59.700        13
59.720        23
59.740         7
59.760        23
59.780        10
59.800        13
59.820        10
59.840        30
59.860        10
59.880        10
59.900        20
59.920        17
59.940        30
59.960        20
59.980        20
60.000        20
