20.000        87
20.010        87
20.020        93
20.030        73
20.040        60
20.050        40
20.060        27
20.070        13
20.080        33
20.090        33
20.100        40
20.110        47
20.120        53
20.130        67
20.140        60
20.150        40
20.160        33
20.170        73
20.180        40
20.190        53
20.200        27
20.210        60
20.220        27
20.230        20
20.240        60
20.250        60
20.260        33
20.270        33
20.280        20
20.290        53
20.300        53
20.310        87
20.320        53
20.330        13
20.340        33
20.350        33
20.360        80
20.370        40
20.380        47
20.390        47
20.400        40
20.410        27
20.420        60
20.430        13
20.440        60
20.450        60
20.460        67
20.470        40
20.480        13
20.490        33
20.500        40
20.510        47
20.520        53
20.530        33
20.540        13
20.550        20
20.560        60
20.570        47
20.580        13
20.590        60
20.600        27
20.610        27
20.620        80
20.630        53
20.640        40
20.650        27
20.660        47
20.670        40
20.680        33
20.690        20
20.700        20
20.710        33
20.720        40
20.730        33
20.740        33
20.750        47
20.760        27
20.770        60
20.780        47
20.790        53
20.800        40
20.810        20
20.820        33
20.830        33
20.840        27
20.850        67
20.860        40
20.870        20
20.880        33
20.890        60
20.900        47
20.910         7
20.920        13
20.930        60
20.940        60
20.950        20
20.960        60
20.970        27
20.980        27
20.990        40
21.000        67
21.010        53
21.020        33
21.030        40
21.040        53
21.050        27
21.060        40
21.070        60
21.080        33
21.090        27
21.100        60
21.110        27
21.120        33
21.130        33
21.140        33
21.150        27
21.160        33
21.170        40
21.180        40
21.190        40
21.200        40
21.210        40
21.220        13
21.230        47
21.240        33
21.250        27
21.260        33
21.270        33
21.280        33
21.290        33
21.300        27
21.310        40
21.320        27
21.330        20
21.340        67
21.350        47
21.360        33
21.370        13
21.380        60
21.390        67
21.400        53
21.410        87
21.420        27
21.430         7
21.440        33
21.450        47
21.460        33
21.470        47
21.480        33
21.490        40
21.500        53
21.510        47
21.520         0
21.530        27
21.540        20
21.550        13
21.560        47
21.570        27
21.580        60
21.590        33
21.600        20
21.610        60
21.620        60
21.630        33
21.640        20
21.650        47
21.660        47
21.670        53
21.680        40
21.690        40
21.700        53
21.710        27
21.720        80
21.730        27
21.740        20
21.750        33
21.760        33
21.770        47
21.780        27
21.790        53
21.800        20
21.810        20
21.820        13
21.830        20
21.840        53
21.850        27
21.860        27
21.870        60
21.880        27
21.890        27
21.900        20
21.910        53
21.920        53
21.930        20
21.940        47
21.950         0
21.960        27
21.970        67
21.980        53
21.990        47
22.000        60
22.010        20
22.020        47
22.030        47
22.040        67
22.050        40
22.060        13
22.070        87
22.080        33
22.090        47
22.100        47
22.110        27
22.120        33
22.130        20
22.140        27
22.150        20
22.160        47
22.170        47
22.180        47
22.190        53
22.200        27
22.210        47
22.220        53
22.230        40
22.240        47
22.250        47
22.260        40
22.270        40
22.280        20
22.290        47
22.300        40
22.310        40
22.320        53
22.330        53
22.340        40
22.350        80
22.360        73
22.370        47
22.380        27
22.390        60
22.400        60
22.410        40
22.420        53
22.430        73
22.440        47
22.450        27
22.460        80
22.470        93
22.480       127
22.490       107
22.500        47
22.510        93
22.520       120
22.530       160
22.540       100
22.550       153
22.560       120
22.570       167
22.580       220
22.590       187
22.600       340
22.610       240
22.620       273
22.630       353
22.640       387
22.650       493
22.660       493
22.670       506
22.680       626
22.690       586
22.700       733
22.710       793
22.720       780
22.730       680
22.740       660
22.750       713
22.760       640
22.770       633
22.780       526
22.790       360
22.800       460
22.810       413
22.820       247
22.830       220
22.840       220
22.850       213
22.860       173
22.870       220
22.880       127
22.890       207
22.900       260
22.910       200
22.920       207
22.930       193
22.940       247
22.950       193
22.960       240
22.970       333
22.980       233
22.990       273
23.000       240
23.010       360
23.020       233
23.030       307
23.040       273
23.050       160
23.060       240
23.070       207
23.080       160
23.090       160
23.100       133
23.110       113
23.120       147
23.130       133
23.140       107
23.150       107
23.160        87
23.170        53
23.180        73
23.190        60
23.200        27
23.210        47
23.220        67
23.230        33
23.240        20
23.250        87
23.260        47
23.270        20
23.280        40
23.290        27
23.300        40
23.310        67
23.320        20
23.330        47
23.340         7
23.350        40
23.360        33
23.370        33
23.380        47
23.390        60
23.400         0
23.410        27
23.420        40
23.430        40
23.440        13
23.450        33
23.460        40
23.470        27
23.480        33
23.490        53
23.500        33
23.510        67
23.520        33
23.530        53
23.540         0
23.550        20
23.560        27
23.570        33
23.580        13
23.590        27
23.600        60
23.610        80
23.620        53
23.630        40
23.640        40
23.650        47
23.660        33
23.670        33
23.680        33
23.690         0
23.700        60
23.710        53
23.720        33
23.730        40
23.740        27
23.750        40
23.760        40
23.770        53
23.780        40
23.790        13
23.800        47
23.810        47
23.820        40
23.830        27
23.840        33
23.850        60
23.860        27
23.870        53
23.880        27
23.890        20
23.900        60
23.910        33
23.920        53
23.930        20
23.940        47
23.950        27
23.960        20
23.970        27
23.980         7
23.990        67
24.000        27
24.010        67
24.020        20
24.030        20
24.040        47
24.050        27
24.060        27
24.070        40
24.080        33
24.090        33
24.100        20
24.110        33
24.120        27
24.130        27
24.140         7
24.150        27
24.160        47
24.170        33
24.180        27
24.190        40
24.200        53
24.210        13
24.220        33
24.230        33
24.240        40
24.250        33
24.260        33
24.270        27
24.280        40
24.290        53
24.300         7
24.310        27
24.320        20
24.330        13
24.340        40
24.350        27
24.360        47
24.370        53
24.380        33
24.390        33
24.400        27
24.410        13
24.420        47
24.430        67
24.440        40
24.450        60
24.460         7
24.470        40
24.480        47
24.490        13
24.500        40
24.510        13
24.520        27
24.530        27
24.540         7
24.550        13
24.560        33
24.570        13
24.580        20
24.590        20
24.600        47
24.610        27
24.620        47
24.630        20
24.640        20
24.650        20
24.660        33
24.670        40
24.680        47
24.690        13
24.700        47
24.710        40
24.720        47
24.730        27
24.740        60
24.750        40
24.760        33
24.770        67
24.780        13
24.790        20
24.800        53
24.810        20
24.820        33
24.830        60
24.840        20
24.850        27
24.860        47
24.870        33
24.880        47
24.890        40
24.900        33
24.910        13
24.920        27
24.930        33
24.940        20
24.950        13
24.960        27
24.970        27
24.980        20
24.990        33
25.000        40
25.010        73
25.020        47
25.030        33
25.040        27
25.050        33
25.060        47
25.070        20
25.080        27
25.090        47
25.100        67
25.110        33
25.120        13
25.130        20
25.140        27
25.150        27
25.160        33
25.170        33
25.180        47
25.190        13
25.200        20
25.210        40
25.220        47
25.230        13
25.240        20
25.250        33
25.260        33
25.270        40
25.280        13
25.290        47
25.300        40
25.310        67
25.320        20
25.330        33
25.340        40
25.350        53
25.360        33
25.370        53
25.380        47
25.390        13
25.400        40
25.410        13
25.420        27
25.430        40
25.440        40
25.450        27
25.460        27
25.470        47
25.480        20
25.490        27
25.500        60
25.510        40
25.520        33
25.530        47
25.540        33
25.550        27
25.560        73
25.570        40
25.580        40
25.590        40
25.600        93
25.610       113
25.620        73
25.630        87
25.640        87
25.650       100
25.660       100
25.670        67
25.680        53
25.690        20
25.700        60
25.710        33
25.720        40
25.730        33
25.740        27
25.750        47
25.760        27
25.770        53
25.780         7
25.790        47
25.800        40
25.810        67
25.820        60
25.830        40
25.840        53
25.850        47
25.860        87
25.870        27
25.880        40
25.890        20
25.900        47
25.910        47
25.920        40
25.930        27
25.940        27
25.950        40
25.960        13
25.970        40
25.980        33
25.990        27
26.000        20
26.010        33
26.020        33
26.030         7
26.040        27
26.050        27
26.060        20
26.070        13
26.080        27
26.090        33
26.100        13
26.110        33
26.120         7
26.130        20
26.140        27
26.150        13
26.160         0
26.170        20
26.180        20
26.190        60
26.200        27
26.210        13
26.220        27
26.230        47
26.240        13
26.250         7
26.260        20
26.270        20
26.280        27
26.290        13
26.300        13
26.310        33
26.320        27
26.330        27
26.340        13
26.350        27
26.360        33
26.370        20
26.380        27
26.390        20
26.400        33
26.410         7
26.420        40
26.430        13
26.440        27
26.450        40
26.460         7
26.470        67
26.480        27
26.490        13
26.500        13
26.510        20
26.520        53
26.530        13
26.540        20
26.550        33
26.560        60
26.570        60
26.580        13
26.590        20
26.600        27
26.610        53
26.620        27
26.630        20
26.640        47
26.650        20
26.660        27
26.670        73
26.680         0
26.690        47
26.700        27
26.710        20
26.720        40
26.730        53
26.740        40
26.750        47
26.760        13
26.770        13
26.780        27
26.790        27
26.800        13
26.810        13
26.820        33
26.830        33
26.840        47
26.850        20
26.860        33
26.870        27
26.880        13
26.890        33
26.900        47
26.910         7
26.920        20
26.930        20
26.940        20
26.950        20
26.960        27
26.970        27
26.980        13
26.990        13
27.000        13
27.010        27
27.020        53
27.030        33
27.040        47
27.050        33
27.060        67
27.070        13
27.080         7
27.090        20
27.100        33
27.110        27
27.120        20
27.130        33
27.140        27
27.150        20
27.160        47
27.170        20
27.180        33
27.190        27
27.200        33
27.210        27
27.220        20
27.230        13
27.240        47
27.250        20
27.260        40
27.270         7
27.280        47
27.290         7
27.300        20
27.310        33
27.320         7
27.330        20
27.340        33
27.350        13
27.360        40
27.370        40
27.380        33
27.390        13
27.400        47
27.410        27
27.420        20
27.430        33
27.440        13
27.450        13
27.460        13
27.470        33
27.480        20
27.490        20
27.500        27
27.510        27
27.520        40
27.530        40
27.540        20
27.550        53
27.560         7
27.570        27
27.580        33
27.590        33
27.600        33
27.610        33
27.620        13
27.630        20
27.640        20
27.650        67
27.660         7
27.670        20
27.680        20
27.690        47
27.700        20
27.710        13
27.720        27
27.730        33
27.740        27
27.750        47
27.760        20
27.770        20
27.780        33
27.790         0
27.800        27
27.810        20
27.820        40
27.830        13
27.840        20
27.850        20
27.860        27
27.870        27
27.880        33
27.890        27
27.900        40
27.910        27
27.920        33
27.930        27
27.940        20
27.950        20
27.960        27
27.970        33
27.980        33
27.990        33
28.000        20
28.010        40
28.020        33
28.030        40
28.040        40
28.050        27
28.060        33
28.070        40
28.080        33
28.090        20
28.100        40
28.110        33
28.120        13
28.130        13
28.140        20
28.150        27
28.160        20
28.170        13
28.180        27
28.190        47
28.200        20
28.210        40
28.220        47
28.230        27
28.240        13
28.250        47
28.260         7
28.270        33
28.280        40
28.290        33
28.300        20
28.310        47
28.320        33
28.330        40
28.340        20
28.350        60
28.360        33
28.370        33
28.380        27
28.390        27
28.400        47
28.410        40
28.420        33
28.430        20
28.440        53
28.450        33
28.460        33
28.470        53
28.480        53
28.490        13
28.500        20
28.510        27
28.520        40
28.530        27
28.540        20
28.550        20
28.560        33
28.570        40
28.580        53
28.590        27
28.600        27
28.610        20
28.620        47
28.630        20
28.640        20
28.650        47
28.660        27
28.670        20
28.680        27
28.690        53
28.700         7
28.710        33
28.720        33
28.730        20
28.740        13
28.750        27
28.760        13
28.770         7
28.780        13
28.790        20
28.800        13
28.810        27
28.820        27
28.830        33
28.840        33
28.850        20
28.860        73
28.870        40
28.880        53
28.890        33
28.900        33
28.910        60
28.920         7
28.930        40
28.940        13
28.950        13
28.960        20
28.970        47
28.980        33
28.990        53
29.000        33
29.010        33
29.020        27
29.030        47
29.040        33
29.050        60
29.060        53
29.070        60
29.080        60
29.090        67
29.100        47
29.110        67
29.120        47
29.130        73
29.140        27
29.150        47
29.160        73
29.170        53
29.180        67
29.190        33
29.200        27
29.210        33
29.220        47
29.230        33
29.240        40
29.250        20
29.260        40
29.270        33
29.280        27
29.290        20
29.300        33
29.310        20
29.320        13
29.330        27
29.340        47
29.350        73
29.360        20
29.370        47
29.380        40
29.390        20
29.400        33
29.410        40
29.420        53
29.430        20
29.440        27
29.450        27
29.460        33
29.470        33
29.480        53
29.490        53
29.500        20
29.510        20
29.520        67
29.530        67
29.540        40
29.550        47
29.560        87
29.570         7
29.580        27
29.590        67
29.600        13
29.610        47
29.620        60
29.630        80
29.640        67
29.650        47
29.660        33
29.670        27
29.680        27
29.690        67
29.700        20
29.710        20
29.720        40
29.730        67
29.740        40
29.750        40
29.760        20
29.770        20
29.780        33
29.790        53
29.800        27
29.810        13
29.820        27
29.830        13
29.840        20
29.850        47
29.860        40
29.870        27
29.880        20
29.890        47
29.900        27
29.910        27
29.920        27
29.930        13
29.940        20
29.950        27
29.960         7
29.970         7
29.980        20
29.990         0
30.000         7
30.010        20
30.020        20
30.030        13
30.040        13
30.050        33
30.060        13
30.070        13
30.080        33
30.090        27
30.100        27
30.110        40
30.120        13
30.130        27
30.140         7
30.150        20
30.160        40
30.170         7
30.180        20
30.190         7
30.200         0
30.210        33
30.220        20
30.230        13
30.240        20
30.250        20
30.260        40
30.270        20
30.280        33
30.290        20
30.300         7
30.310         7
30.320         7
30.330        20
30.340         7
30.350        20
30.360         7
30.370         0
30.380        40
30.390        33
30.400        13
30.410        13
30.420        27
30.430        27
30.440        27
30.450        20
30.460        33
30.470        33
30.480        27
30.490        27
30.500        40
30.510         0
30.520        20
30.530        27
30.540        20
30.550        13
30.560         0
30.570        33
30.580        20
30.590        13
30.600        40
30.610        27
30.620         7
30.630        13
30.640        20
30.650        33
30.660        40
30.670        13
30.680        40
30.690        13
30.700        20
30.710        27
30.720        20
30.730        33
30.740        40
30.750         7
30.760        20
30.770        13
30.780         7
30.790        27
30.800        13
30.810        27
30.820        33
30.830        27
30.840        27
30.850        20
30.860        33
30.870        13
30.880         7
30.890        13
30.900        33
30.910        20
30.920        13
30.930        20
30.940        13
30.950        40
30.960        13
30.970        27
30.980        40
30.990        20
31.000        13
31.010        27
31.020        27
31.030        13
31.040        13
31.050        20
31.060         0
31.070        20
31.080        33
31.090        27
31.100        33
31.110        47
31.120        20
31.130        20
31.140        20
31.150        27
31.160        13
31.170        33
31.180        53
31.190        33
31.200        27
31.210        40
31.220         0
31.230        13
31.240        27
31.250        20
31.260        27
31.270        33
31.280        40
31.290         7
31.300        27
31.310        40
31.320        20
31.330        27
31.340        27
31.350        27
31.360        33
31.370        13
31.380        20
31.390        27
31.400        13
31.410        27
31.420        33
31.430        40
31.440        20
31.450        20
31.460         7
31.470        20
31.480        27
31.490        13
31.500        20
31.510        27
31.520         0
31.530        13
31.540        33
31.550        27
31.560        33
31.570        40
31.580        20
31.590        27
31.600        27
31.610        27
31.620        47
31.630         7
31.640        27
31.650        27
31.660        13
31.670        33
31.680        20
31.690         7
31.700        20
31.710        13
31.720        40
31.730        40
31.740         7
31.750        47
31.760         7
31.770        27
31.780        33
31.790        27
31.800        20
31.810        13
31.820        40
31.830        13
31.840         0
31.850        40
31.860         7
31.870        47
31.880        27
31.890        33
31.900         0
31.910        27
31.920        20
31.930        27
31.940        40
31.950         7
31.960        13
31.970        20
31.980         7
31.990        47
32.000         7
32.010        27
32.020        47
32.030        53
32.040        27
32.050        53
32.060        20
32.070        13
32.080        27
32.090        20
32.100        27
32.110        20
32.120        47
32.130        33
32.140        27
32.150        27
32.160        47
32.170        40
32.180        33
32.190        27
32.200        20
32.210        20
32.220        40
32.230        67
32.240        27
32.250        47
32.260        53
32.270        20
32.280        27
32.290        40
32.300        27
32.310        27
32.320        47
32.330        40
32.340        27
32.350        20
32.360        40
32.370        33
32.380        47
32.390        13
32.400        13
32.410        27
32.420        20
32.430        20
32.440        13
32.450        20
32.460        20
32.470         7
32.480        27
32.490        40
32.500        27
32.510        13
32.520        13
32.530        47
32.540        27
32.550        40
32.560        27
32.570        20
32.580        60
32.590        40
32.600        13
32.610        40
32.620        33
32.630        33
32.640        27
32.650        67
32.660        47
32.670        27
32.680        53
32.690        33
32.700        40
32.710        13
32.720        33
32.730        33
32.740        33
32.750        60
32.760        27
32.770        47
32.780        27
32.790        33
32.800        33
32.810        40
32.820        53
32.830        27
32.840        33
32.850        13
32.860        20
32.870        40
32.880        20
32.890        13
32.900        47
32.910        47
32.920        20
32.930        27
32.940         0
32.950        13
32.960        40
32.970        27
32.980        20
32.990        20
33.000        13
33.010        13
33.020        13
33.030        13
33.040         0
33.050         7
33.060         0
33.070        33
33.080        13
33.090        40
33.100        27
33.110        13
33.120        40
33.130        13
33.140        33
33.150        20
33.160        33
33.170        27
33.180        40
33.190        53
33.200        27
33.210        40
33.220        13
33.230        13
33.240        20
33.250        27
33.260        20
33.270         7
33.280        20
33.290        27
33.300         7
33.310         7
33.320         7
33.330        40
33.340        20
33.350        20
33.360        13
33.370        13
33.380        13
33.390        27
33.400        33
33.410        20
33.420        60
33.430        13
33.440        20
33.450         7
33.460        20
33.470        20
33.480        13
33.490        20
33.500        13
33.510        33
33.520        13
33.530        13
33.540        20
33.550        67
33.560        33
33.570        13
33.580         7
33.590        20
33.600        13
33.610         7
33.620        13
33.630         7
33.640        20
33.650        33
33.660         7
33.670        20
33.680        20
33.690        20
33.700        13
33.710        33
33.720        40
33.730        13
33.740        47
33.750        20
33.760        40
33.770        40
33.780        13
33.790         7
33.800        27
33.810        33
33.820        20
33.830        27
33.840        13
33.850        27
33.860         0
33.870        13
33.880        20
33.890        20
33.900        33
33.910        20
33.920        13
33.930        33
33.940         7
33.950        13
33.960        13
33.970        33
33.980        20
33.990        33
34.000        13
34.010        27
34.020        20
34.030         0
34.040        40
34.050        27
34.060        13
34.070        40
34.080        60
34.090        20
34.100        33
34.110         0
34.120        33
34.130        27
34.140        13
34.150         7
34.160        20
34.170        33
34.180        47
34.190         0
34.200        13
34.210        40
34.220        20
34.230        20
34.240        20
34.250        20
34.260        20
34.270        13
34.280        20
34.290         7
34.300        20
34.310        20
34.320        40
34.330        20
34.340        27
34.350        27
34.360        20
34.370         7
34.380        33
34.390        27
34.400         7
34.410        20
34.420         7
34.430        20
34.440        13
34.450        27
34.460        53
34.470        40
34.480        27
34.490        13
34.500        27
34.510        20
34.520        47
34.530        20
34.540        20
34.550        47
34.560        27
34.570        27
34.580        13
34.590        40
34.600        20
34.610        33
34.620        27
34.630        40
34.640        40
34.650        27
34.660        53
34.670        20
34.680        33
34.690        60
34.700        20
34.710        27
34.720        27
34.730        40
34.740        20
34.750         7
34.760        20
34.770        13
34.780        53
34.790        40
34.800        40
34.810        27
34.820        47
34.830        33
34.840        47
34.850        27
34.860        47
34.870        33
34.880        20
34.890        20
34.900        27
34.910        33
34.920        13
34.930        27
34.940        20
34.950        13
34.960        40
34.970        27
34.980        20
34.990        13
35.000        13
35.010        20
35.020        20
35.030        27
35.040        20
35.050        13
35.060        20
35.070        27
35.080        13
35.090         7
35.100        13
35.110        40
35.120        20
35.130        13
35.140        20
35.150        20
35.160        13
35.170        20
35.180        27
35.190        27
35.200        33
35.210        13
35.220        33
35.230         0
35.240        27
35.250         7
35.260        20
35.270        47
35.280        20
35.290         7
35.300        13
35.310        20
35.320        40
35.330        13
35.340        20
35.350        47
35.360        13
35.370        27
35.380        40
35.390         7
35.400        27
35.410        27
35.420         7
35.430        27
35.440        47
35.450        13
35.460        20
35.470        27
35.480        20
35.490        13
35.500        13
35.510        27
35.520        20
35.530        27
35.540        13
35.550         7
35.560        20
35.570        33
35.580        13
35.590        13
35.600        33
35.610        40
35.620         0
35.630        20
35.640        13
35.650         7
35.660        27
35.670        13
35.680         0
35.690        20
35.700         0
35.710         7
35.720         7
35.730        13
35.740        13
35.750        40
35.760        27
35.770        27
35.780        27
35.790        33
35.800        13
35.810         0
35.820        13
35.830        13
35.840        13
35.850        20
35.860         7
35.870        20
35.880         7
35.890        20
35.900        13
35.910        20
35.920         7
35.930         7
35.940        20
35.950         0
35.960         7
35.970         7
35.980        20
35.990        13
36.000        20
36.010        33
36.020        20
36.030        47
36.040        27
36.050        20
36.060        33
36.070        13
36.080        20
36.090        33
36.100        20
36.110        27
36.120        20
36.130        20
36.140        20
36.150        20
36.160        40
36.170        33
36.180        27
36.190         7
36.200         0
36.210        27
36.220        20
36.230        27
36.240        20
36.250        40
36.260        13
36.270         0
36.280        33
36.290        33
36.300        20
36.310        33
36.320        27
36.330        20
36.340        13
36.350        20
36.360         7
36.370        20
36.380         0
36.390        13
36.400        20
36.410         7
36.420         0
36.430        20
36.440        20
36.450         0
36.460        20
36.470        27
36.480        20
36.490         0
36.500        13
36.510        40
36.520        27
36.530        13
36.540        20
36.550         7
36.560        13
36.570         7
36.580         7
36.590        20
36.600        13
36.610        20
36.620         7
36.630        13
36.640        47
36.650         0
36.660         0
36.670        20
36.680        20
36.690        33
36.700        20
36.710        20
36.720        27
36.730         0
36.740        13
36.750         7
36.760        27
36.770        27
36.780        20
36.790        20
36.800        20
36.810        20
36.820        27
36.830        13
36.840         0
36.850        27
36.860        27
36.870        20
36.880        20
36.890        27
36.900        33
36.910        33
36.920        20
36.930         7
36.940        33
36.950         7
36.960         7
36.970        13
36.980         7
36.990        20
37.000        33
37.010         7
37.020        27
37.030        13
37.040        13
37.050         7
37.060        47
37.070        47
37.080        27
37.090        13
37.100        13
37.110        13
37.120        13
37.130        20
37.140        33
37.150         7
37.160        20
37.170        20
37.180        13
37.190         7
37.200        13
37.210        20
37.220        13
37.230        13
37.240        20
37.250        20
37.260        13
37.270        33
37.280        40
37.290        13
37.300        13
37.310        40
37.320         7
37.330        20
37.340        13
37.350         7
37.360         7
37.370         0
37.380        13
37.390        13
37.400        27
37.410        33
37.420        27
37.430        20
37.440         7
37.450        13
37.460        27
37.470         0
37.480        13
37.490        33
37.500        27
37.510        13
37.520        47
37.530        20
37.540        40
37.550         7
37.560        13
37.570        27
37.580        27
37.590         7
37.600        27
37.610        40
37.620        47
37.630        27
37.640        40
37.650        20
37.660         0
37.670        27
37.680        33
37.690        13
37.700        33
37.710        27
37.720        40
37.730        20
37.740        13
37.750        33
37.760        13
37.770        13
37.780         7
37.790        20
37.800        27
37.810        33
37.820         7
37.830        27
37.840        27
37.850        27
37.860        13
37.870        33
37.880         7
37.890        13
37.900        13
37.910        40
37.920        13
37.930        20
37.940        13
37.950        33
37.960         0
37.970        27
37.980         7
37.990        33
38.000        13
38.010        20
38.020         7
38.030        13
38.040        33
38.050        33
38.060        13
38.070         7
38.080        33
38.090        13
38.100         7
38.110        13
38.120        33
38.130        27
38.140        20
38.150        27
38.160        20
38.170        27
38.180         7
38.190        27
38.200        40
38.210         7
38.220        13
38.230        27
38.240        20
38.250        20
38.260         7
38.270        13
38.280        20
38.290        40
38.300         7
38.310        13
38.320        20
38.330        47
38.340        20
38.350        33
38.360        20
38.370         7
38.380        27
38.390        20
38.400        13
38.410        40
38.420        20
38.430        13
38.440        33
38.450        20
38.460        20
38.470        13
38.480        13
38.490        13
38.500        20
38.510         7
38.520        40
38.530        33
38.540        33
38.550        20
38.560        27
38.570        20
38.580        20
38.590        20
38.600        20
38.610        53
38.620         0
38.630        13
38.640        40
38.650         7
38.660        40
38.670        20
38.680        33
38.690         0
38.700         7
38.710        40
38.720        27
38.730        33
38.740         7
38.750        20
38.760        13
38.770        13
38.780        13
38.790        40
38.800        40
38.810        20
38.820        27
38.830        33
38.840        27
38.850        27
38.860        40
38.870        27
38.880        13
38.890         0
38.900        27
38.910        53
38.920        13
38.930        27
38.940        27
38.950         0
38.960        13
38.970        33
38.980         7
38.990        13
39.000        27
39.010        33
39.020        27
39.030        40
39.040        20
39.050        33
39.060        33
39.070        20
39.080        13
39.090         7
39.100        27
39.110        33
39.120        40
39.130        27
39.140        27
39.150        20
39.160        20
39.170        20
39.180        13
39.190         7
39.200        20
39.210        13
39.220         7
39.230        27
39.240        13
39.250        20
39.260        33
39.270        20
39.280        13
39.290        33
39.300        20
39.310        13
39.320        20
39.330        20
39.340        13
39.350         7
39.360         7
39.370        13
39.380        13
39.390        27
39.400        27
39.410        40
39.420        13
39.430        33
39.440         7
39.450        20
39.460        47
39.470         7
39.480        13
39.490        13
39.500        20
39.510        27
39.520        20
39.530        33
39.540        20
39.550        20
39.560        13
39.570        40
39.580        27
39.590        27
39.600        20
39.610        13
39.620        20
39.630        20
39.640         0
39.650         0
39.660        40
39.670        13
39.680        27
39.690        40
39.700        13
39.710        13
39.720        33
39.730         0
39.740        13
39.750        13
39.760        20
39.770         7
39.780         7
39.790        33
39.800        40
39.810        20
39.820         7
39.830        13
39.840        20
39.850        33
39.860        20
39.870        27
39.880        13
39.890        20
39.900        20
39.910        20
39.920        20
39.930        27
39.940        27
39.950         7
39.960        27
39.970        40
39.980        27
39.990        20
40.000        13
40.010        13
40.020        53
40.030        27
40.040        47
40.050        20
40.060        33
40.070        27
40.080        47
40.090        13
40.100        40
40.110        40
40.120        33
40.130        53
40.140        87
40.150        53
40.160        67
40.170        73
40.180        47
40.190        80
40.200        93
40.210        93
40.220        80
40.230        60
40.240       100
40.250        47
40.260        40
40.270        67
40.280        73
40.290        93
40.300       107
40.310        60
40.320        67
40.330        93
40.340        93
40.350        13
40.360        80
40.370        80
40.380        73
40.390       113
40.400       113
40.410        73
40.420        73
40.430        87
40.440        60
40.450        87
40.460        87
40.470        60
40.480       100
40.490        87
40.500        87
40.510        53
40.520       107
40.530       100
40.540        73
40.550        73
40.560        60
40.570       127
40.580        47
40.590        53
40.600        67
40.610        73
40.620        40
40.630        67
40.640        53
40.650        80
40.660        40
40.670        67
40.680        80
40.690        53
40.700        27
40.710        47
40.720        27
40.730        47
40.740        20
40.750        60
40.760         7
40.770        47
40.780        13
40.790         7
40.800        27
40.810        47
40.820        13
40.830        40
40.840        13
40.850        40
40.860        13
40.870         7
40.880        27
40.890        27
40.900        27
40.910        20
40.920        13
40.930         0
40.940        20
40.950        33
40.960         7
40.970        20
40.980        27
40.990        33
41.000        27
41.010        27
41.020        33
41.030        13
41.040        20
41.050        40
41.060        20
41.070        13
41.080        27
41.090        47
41.100        27
41.110        13
41.120        20
41.130        33
41.140        20
41.150         7
41.160        40
41.170        27
41.180        33
41.190        13
41.200         0
41.210         7
41.220        13
41.230        13
41.240        20
41.250        27
41.260        20
41.270        33
41.280        13
41.290        20
41.300        33
41.310        20
41.320        20
41.330        20
41.340        13
41.350        20
41.360        40
41.370         7
41.380        20
41.390        33
41.400         7
41.410        40
41.420        27
41.430        20
41.440        27
41.450        20
41.460        20
41.470        40
41.480        40
41.490        40
41.500         7
41.510        27
41.520        33
41.530         7
41.540        13
41.550        53
41.560        20
41.570        27
41.580        20
41.590        20
41.600        20
41.610        20
41.620        40
41.630        33
41.640        20
41.650        47
41.660        20
41.670         7
41.680        53
41.690        20
41.700        33
41.710        33
41.720        27
41.730        27
41.740        33
41.750        40
41.760        20
41.770        27
41.780        20
41.790         7
41.800        40
41.810        40
41.820        20
41.830        27
41.840        20
41.850        33
41.860        27
41.870        13
41.880        13
41.890        20
41.900        13
41.910        20
41.920        33
41.930        27
41.940        40
41.950        13
41.960        20
41.970         0
41.980        20
41.990         7
42.000        53
42.010        13
42.020        27
42.030         0
42.040        13
42.050        27
42.060        33
42.070         7
42.080        27
42.090        20
42.100        60
42.110        20
42.120        27
42.130        33
42.140         0
42.150        27
42.160         7
42.170        47
42.180         7
42.190         7
42.200        13
42.210        20
42.220         7
42.230        27
42.240        33
42.250         7
42.260        33
42.270        13
42.280        27
42.290        27
42.300        33
42.310        53
42.320        13
42.330        20
42.340        27
42.350        33
42.360        40
42.370        27
42.380        27
42.390        47
42.400        27
42.410        13
42.420         7
42.430        27
42.440         0
42.450        53
42.460        13
42.470        13
42.480        13
42.490        33
42.500        33
42.510         7
42.520        27
42.530        27
42.540         7
42.550        13
42.560        27
42.570         7
42.580        13
42.590        33
42.600        33
42.610         7
42.620        20
42.630        27
42.640        20
42.650        47
42.660        13
42.670        13
42.680        33
42.690         0
42.700        20
42.710        40
42.720        20
42.730        27
42.740        13
42.750        20
42.760         7
42.770        20
42.780        20
42.790        27
42.800        13
42.810         7
42.820        20
42.830         7
42.840         0
42.850        40
42.860        20
42.870        47
42.880        13
42.890        20
42.900        27
42.910        20
42.920        27
42.930        27
42.940        33
42.950        40
42.960        20
42.970        13
42.980        13
42.990         7
43.000        33
43.010        40
43.020        40
43.030         7
43.040        20
43.050        27
43.060         0
43.070        27
43.080        47
43.090        27
43.100         7
43.110        13
43.120         7
43.130        27
43.140        20
43.150        20
43.160        20
43.170        40
43.180        27
43.190        27
43.200        13
43.210        13
43.220        33
43.230        27
43.240        33
43.250        27
43.260         7
43.270         0
43.280        20
43.290        27
43.300        13
43.310        47
43.320         7
43.330        27
43.340        13
43.350        20
43.360        20
43.370        13
43.380        13
43.390        20
43.400         0
43.410         7
43.420        13
43.430        13
43.440         7
43.450        20
43.460        13
43.470        27
43.480         7
43.490        27
43.500        20
43.510        13
43.520        27
43.530         7
43.540        13
43.550        40
43.560        13
43.570        20
43.580        20
43.590        20
43.600        27
43.610        13
43.620         7
43.630         7
43.640        13
43.650        20
43.660        27
43.670        33
43.680        13
43.690        27
43.700        27
43.710        20
43.720        53
43.730        27
43.740        27
43.750        20
43.760        33
43.770        27
43.780        27
43.790        40
43.800        33
43.810        33
43.820         7
43.830         7
43.840        27
43.850        13
43.860        20
43.870        13
43.880        27
43.890        13
43.900        13
43.910        33
43.920         7
43.930        40
43.940         0
43.950        13
43.960        27
43.970        33
43.980        13
43.990         7
44.000        33
44.010        33
44.020        20
44.030        33
44.040        13
44.050        13
44.060        13
44.070        20
44.080        13
44.090        40
44.100        20
44.110        20
44.120        20
44.130        13
44.140        20
44.150        13
44.160        20
44.170        13
44.180        20
44.190        27
44.200        13
44.210         7
44.220        40
44.230         7
44.240        20
44.250        20
44.260        20
44.270        20
44.280        20
44.290        27
44.300        33
44.310        27
44.320        20
44.330        47
44.340        13
44.350         7
44.360        20
44.370        13
44.380        20
44.390        33
44.400        20
44.410        13
44.420        13
44.430        13
44.440        13
44.450         0
44.460        40
44.470        27
44.480        27
44.490        13
44.500        20
44.510        20
44.520        33
44.530        13
44.540        13
44.550         7
44.560         7
44.570        27
44.580         7
44.590        33
44.600        13
44.610        40
44.620         7
44.630        33
44.640         0
44.650        13
44.660         7
44.670        40
44.680        27
44.690        27
44.700        40
44.710        13
44.720         7
44.730        27
44.740        13
44.750        13
44.760        13
44.770        13
44.780        13
44.790        33
44.800        53
44.810        20
44.820        40
44.830        20
44.840        33
44.850        47
44.860        27
44.870        27
44.880        27
44.890        20
44.900        27
44.910         7
44.920        40
44.930        47
44.940         7
44.950        13
44.960        20
44.970        27
44.980        27
44.990        27
45.000        33
45.010        47
45.020        13
45.030        13
45.040        13
45.050        33
45.060        13
45.070         0
45.080         7
45.090        27
45.100        13
45.110         7
45.120        47
45.130        40
45.140        33
45.150        20
45.160        40
45.170        13
45.180        33
45.190        33
45.200         7
45.210        47
45.220        20
45.230        33
45.240        20
45.250        27
45.260         7
45.270        60
45.280        27
45.290        40
45.300        20
45.310        33
45.320        27
45.330        27
45.340        27
45.350        13
45.360        20
45.370        27
45.380        27
45.390        40
45.400        20
45.410        40
45.420        27
45.430        20
45.440        13
45.450        27
45.460        27
45.470        27
45.480        47
45.490        27
45.500        27
45.510        20
45.520        13
45.530        13
45.540         7
45.550        13
45.560        47
45.570        47
45.580        20
45.590        20
45.600        40
45.610        47
45.620        27
45.630        20
45.640        33
45.650        20
45.660        47
45.670        13
45.680        27
45.690        20
45.700         7
45.710        13
45.720        33
45.730        47
45.740        33
45.750        67
45.760        47
45.770        47
45.780        40
45.790        40
45.800        13
45.810        60
45.820        33
45.830        27
45.840        47
45.850        87
45.860        27
45.870       100
45.880        60
45.890        67
45.900        80
45.910       100
45.920        47
45.930        20
45.940       113
45.950       100
45.960        73
45.970        47
45.980        67
45.990        73
46.000       113
46.010       113
46.020        87
46.030       160
46.040       160
46.050       120
46.060       167
46.070       167
46.080       260
46.090       220
46.100       267
46.110       227
46.120       353
46.130       327
46.140       380
46.150       340
46.160       440
46.170       407
46.180       460
46.190       486
46.200       546
46.210       600
46.220       713
46.230       593
46.240       726
46.250       680
46.260       726
46.270       793
46.280      1033
46.290       900
46.300       980
46.310       926
46.320      1133
46.330       940
46.340      1046
46.350       906
46.360       960
46.370      1040
46.380       846
46.390       946
46.400       846
46.410       660
46.420       820
46.430       720
46.440       760
46.450       700
46.460       653
46.470       613
46.480       593
46.490       526
46.500       486
46.510       520
46.520       440
46.530       420
46.540       353
46.550       300
46.560       340
46.570       273
46.580       320
46.590       200
46.600       193
46.610       173
46.620       233
46.630       167
46.640       240
46.650        93
46.660       173
46.670       260
46.680       153
46.690       127
46.700       133
46.710       213
46.720       167
46.730       187
46.740       180
46.750       207
46.760       193
46.770       173
46.780       180
46.790       180
46.800       213
46.810       167
46.820       207
46.830       200
46.840       173
46.850       167
46.860       273
46.870       207
46.880       207
46.890       233
46.900       227
46.910       173
46.920       207
46.930       233
46.940       273
46.950       267
46.960       227
46.970       240
46.980       160
46.990       193
47.000       187
47.010       233
47.020       207
47.030       273
47.040       200
47.050       233
47.060       133
47.070       173
47.080       193
47.090       187
47.100       160
47.110       153
47.120       180
47.130       180
47.140       120
47.150       133
47.160        93
47.170       140
47.180       107
47.190        73
47.200        47
47.210        80
47.220        67
47.230        27
47.240        73
47.250        40
47.260       120
47.270        13
47.280        53
47.290        47
47.300        73
47.310        60
47.320        67
47.330        47
47.340        47
47.350        47
47.360        53
47.370        40
47.380        33
47.390        33
47.400        20
47.410        27
47.420        47
47.430        27
47.440        27
47.450        33
47.460         7
47.470        20
47.480        33
47.490        27
47.500        27
47.510        13
47.520        33
47.530        27
47.540        27
47.550        47
47.560        20
47.570         7
47.580        33
47.590        20
47.600        27
47.610        20
47.620        33
47.630        47
47.640        33
47.650        53
47.660        27
47.670        20
47.680        33
47.690        27
47.700         0
47.710        47
47.720        40
47.730        33
47.740        47
47.750        20
47.760        53
47.770        27
47.780        20
47.790        20
47.800        20
47.810        47
47.820        33
47.830        53
47.840        47
47.850        13
47.860        47
47.870        40
47.880        27
47.890        13
47.900        33
47.910        47
47.920        20
47.930        53
47.940        53
47.950        13
47.960        33
47.970        47
47.980        33
47.990        27
48.000        33
48.010        47
48.020        13
48.030        47
48.040        27
48.050        27
48.060        53
48.070        27
48.080        27
48.090        67
48.100        33
48.110        20
48.120        47
48.130        53
48.140        33
48.150        13
48.160        47
48.170        20
48.180        47
48.190        13
48.200        33
48.210        33
48.220         0
48.230        53
48.240        40
48.250         7
48.260        13
48.270        53
48.280        33
48.290        13
48.300        13
48.310         7
48.320        53
48.330        27
48.340        20
48.350        20
48.360        40
48.370        20
48.380        20
48.390        33
48.400         7
48.410        20
48.420        13
48.430        33
48.440         7
48.450        27
48.460        20
48.470        27
48.480        20
48.490        40
48.500        13
48.510        27
48.520        33
48.530        27
48.540        13
48.550        27
48.560        53
48.570        33
48.580        13
48.590        33
48.600        20
48.610        33
48.620        20
48.630        33
48.640        27
48.650        20
48.660        40
48.670        40
48.680        27
48.690        20
48.700        20
48.710         0
48.720        20
48.730        47
48.740        27
48.750        27
48.760        40
48.770         7
48.780        27
48.790        40
48.800        27
48.810        20
48.820         7
48.830        27
48.840        40
48.850        27
48.860        33
48.870        27
48.880        47
48.890         0
48.900        27
48.910        20
48.920        47
48.930        47
48.940        40
48.950        47
48.960        20
48.970        47
48.980        13
48.990        27
49.000        33
49.010        20
49.020        13
49.030        20
49.040        53
49.050        33
49.060        73
49.070        20
49.080        20
49.090        33
49.100        40
49.110        33
49.120        27
49.130        20
49.140        47
49.150        20
49.160        13
49.170        27
49.180        27
49.190        20
49.200         0
49.210        20
49.220        20
49.230        13
49.240        27
49.250        13
49.260        13
49.270        27
49.280        27
49.290         7
49.300        27
49.310        13
49.320        33
49.330        47
49.340        20
49.350        40
49.360        27
49.370        13
49.380        40
49.390        13
49.400        20
49.410        13
49.420        27
49.430        27
49.440        47
49.450         7
49.460        20
49.470        13
49.480        27
49.490        33
49.500        20
49.510        20
49.520        60
49.530         7
49.540        20
49.550        20
49.560        27
49.570        40
49.580        20
49.590        20
49.600        20
49.610        13
49.620        20
49.630        53
49.640        40
49.650        20
49.660        47
49.670        40
49.680         0
49.690        27
49.700         7
49.710        33
49.720        20
49.730        27
49.740        13
49.750        60
49.760        20
49.770        27
49.780        53
49.790        27
49.800        47
49.810         7
49.820        20
49.830        27
49.840        47
49.850        27
49.860        13
49.870        27
49.880        40
49.890        27
49.900        13
49.910        60
49.920        33
49.930        40
49.940        27
49.950        27
49.960        33
49.970        33
49.980        33
49.990        40
50.000        27
50.010        13
50.020        53
50.030        53
50.040        20
50.050        33
50.060        53
50.070        13
50.080        60
50.090        53
50.100        60
50.110        40
50.120        40
50.130        20
50.140        60
50.150        47
50.160        53
50.170        40
50.180        27
50.190        20
50.200        40
50.210        40
50.220        53
50.230        20
50.240        27
50.250        33
50.260        13
50.270        20
50.280        27
50.290        53
50.300        27
50.310        33
50.320        13
50.330        27
50.340        47
50.350        13
50.360        20
50.370        20
50.380        27
50.390        33
50.400        27
50.410        20
50.420        27
50.430        13
50.440        13
50.450        27
50.460        27
50.470        27
50.480        33
50.490        40
50.500        13
50.510        27
50.520        33
50.530        13
50.540        33
50.550        20
50.560        33
50.570        40
50.580        20
50.590        33
50.600        20
50.610        13
50.620         7
50.630        33
50.640        33
50.650         7
50.660        13
50.670        40
50.680        33
50.690        13
50.700         7
50.710        27
50.720        27
50.730        13
50.740        20
50.750        47
50.760        20
50.770        20
50.780        33
50.790        53
50.800        27
50.810        20
50.820        27
50.830        20
50.840        73
50.850        27
50.860        27
50.870        33
50.880        20
50.890        20
50.900        27
50.910        20
50.920        27
50.930        27
50.940        47
50.950        53
50.960        33
50.970        27
50.980        53
50.990        27
51.000        20
51.010        33
51.020        20
51.030        20
51.040        20
51.050        33
51.060        13
51.070        27
51.080        27
51.090        40
51.100        27
51.110        20
51.120        27
51.130        27
51.140        67
51.150        20
51.160        33
51.170        40
51.180        33
51.190        33
51.200        13
51.210        20
51.220        33
51.230        20
51.240        53
51.250        33
51.260        27
51.270        67
51.280        27
51.290        60
51.300        20
51.310        27
51.320        40
51.330        67
51.340        53
51.350        40
51.360        20
51.370        27
51.380        40
51.390        40
51.400        47
51.410        33
51.420        20
51.430        40
51.440        47
51.450        53
51.460        33
51.470        13
51.480        33
51.490        20
51.500        20
51.510        40
51.520        13
51.530        27
51.540        20
51.550        33
51.560        33
51.570        60
51.580        27
51.590        60
51.600        47
51.610        47
51.620        40
51.630        60
51.640        20
51.650        47
51.660        47
51.670        33
51.680        47
51.690        33
51.700        47
51.710        27
51.720        67
51.730        40
51.740        40
51.750        40
51.760        47
51.770        53
51.780        47
51.790        20
51.800        33
51.810        40
51.820        27
51.830        67
51.840        33
51.850        33
51.860        20
51.870        53
51.880        33
51.890        53
51.900        60
51.910        73
51.920        47
51.930        60
51.940        60
51.950        73
51.960        47
51.970        40
51.980        73
51.990        67
52.000        53
52.010        67
52.020        33
52.030        40
52.040        87
52.050        73
52.060        93
52.070        27
52.080        40
52.090        53
52.100        67
52.110        87
52.120       100
52.130        60
52.140       100
52.150        93
52.160        60
52.170        67
52.180       100
52.190        53
52.200        73
52.210       120
52.220       127
52.230       120
52.240       167
52.250       220
52.260       240
52.270       307
52.280       420
52.290       526
52.300       460
52.310       686
52.320       773
52.330       866
52.340      1013
52.350      1153
52.360      1193
52.370      1459
52.380      1306
52.390      1240
52.400      1426
52.410      1646
52.420      1639
52.430      1446
52.440      1433
52.450      1453
52.460      1459
52.470      1240
52.480      1146
52.490       986
52.500       966
52.510      1073
52.520      1186
52.530      1020
52.540       980
52.550       773
52.560       760
52.570       740
52.580       793
52.590       613
52.600       633
52.610       653
52.620       620
52.630       473
52.640       367
52.650       300
52.660       267
52.670       293
52.680       213
52.690       167
52.700       180
52.710       173
52.720       180
52.730       127
52.740        73
52.750       133
52.760       107
52.770       200
52.780       100
52.790       100
52.800        47
52.810       107
52.820        93
52.830       107
52.840        47
52.850        67
52.860        47
52.870        40
52.880        60
52.890        40
52.900        80
52.910        73
52.920        60
52.930        13
52.940        73
52.950        40
52.960        47
52.970        40
52.980        47
52.990        60
53.000        60
53.010        73
53.020        20
53.030        53
53.040        33
53.050        33
53.060        60
53.070        47
53.080        40
53.090        53
53.100        53
53.110        33
53.120        80
53.130        53
53.140        47
53.150        20
53.160        67
53.170        40
53.180        67
53.190        40
53.200        27
53.210        13
53.220        53
53.230        40
53.240        67
53.250        33
53.260        53
53.270        27
53.280        60
53.290        47
53.300        80
53.310        20
53.320        40
53.330        40
53.340        13
53.350        47
53.360        13
53.370        13
53.380        40
53.390        27
53.400        20
53.410        67
53.420         0
53.430        13
53.440        33
53.450        33
53.460        20
53.470        47
53.480         7
53.490         7
53.500        47
53.510        20
53.520        20
53.530        13
53.540        27
53.550        13
53.560        40
53.570        20
53.580        27
53.590        40
53.600        47
53.610        27
53.620        20
53.630        53
53.640         7
53.650        33
53.660        47
53.670        13
53.680        20
53.690        27
53.700        27
53.710        27
53.720        20
53.730        27
53.740        40
53.750        27
53.760        53
53.770        20
53.780        13
53.790        33
53.800        13
53.810        33
53.820        33
53.830        60
53.840        27
53.850        33
53.860        40
53.870        33
53.880         7
53.890        20
53.900        33
53.910        27
53.920        40
53.930        20
53.940        13
53.950        20
53.960        20
53.970        27
53.980        33
53.990        20
54.000        20
54.010        33
54.020         7
54.030        40
54.040        47
54.050        27
54.060        13
54.070        33
54.080        93
54.090        13
54.100        67
54.110        20
54.120        27
54.130        20
54.140        27
54.150        33
54.160        27
54.170        27
54.180        20
54.190        20
54.200        47
54.210        40
54.220        13
54.230        27
54.240        27
54.250        27
54.260        20
54.270        40
54.280        27
54.290        20
54.300        33
54.310        27
54.320        33
54.330        47
54.340        27
54.350        27
54.360        27
54.370        20
54.380        20
54.390        13
54.400        53
54.410        20
54.420        33
54.430        13
54.440        40
54.450        53
54.460         7
54.470        33
54.480         7
54.490         0
54.500        40
54.510         7
54.520        13
54.530        20
54.540        27
54.550        13
54.560        27
54.570        33
54.580        33
54.590        20
54.600         7
54.610        27
54.620        33
54.630        33
54.640        20
54.650        27
54.660        33
54.670        60
54.680        13
54.690        33
54.700        27
54.710        33
54.720        40
54.730        33
54.740        27
54.750        13
54.760        33
54.770        53
54.780        27
54.790        53
54.800        40
54.810        13
54.820        13
54.830        27
54.840        27
54.850        33
54.860        53
54.870        27
54.880        20
54.890        13
54.900        40
54.910        20
54.920        60
54.930        27
54.940        20
54.950        33
54.960        20
54.970        27
54.980        20
54.990        33
55.000        13
55.010        13
55.020        20
55.030        20
55.040         7
55.050        27
55.060        33
55.070        20
55.080        13
55.090        13
55.100        27
55.110        13
55.120        20
55.130        20
55.140         7
55.150         0
55.160         7
55.170        13
55.180        20
55.190        27
55.200        60
55.210        20
55.220        20
55.230        20
55.240        13
55.250        13
55.260        33
55.270         0
55.280        20
55.290         7
55.300         7
55.310         7
55.320        13
55.330        40
55.340        13
55.350        47
55.360        20
55.370        40
55.380        40
55.390        40
55.400         7
55.410        13
55.420        20
55.430        27
55.440        13
55.450        27
55.460        27
55.470        40
55.480         7
55.490        20
55.500        60
55.510        40
55.520        20
55.530        47
55.540        40
55.550        27
55.560        40
55.570        20
55.580        47
55.590        33
55.600         7
55.610        20
55.620        27
55.630        40
55.640        13
55.650        13
55.660        20
55.670        20
55.680        47
55.690         7
55.700        13
55.710        33
55.720        27
55.730        20
55.740        27
55.750        13
55.760        27
55.770        27
55.780        40
55.790         7
55.800        27
55.810        20
55.820         7
55.830        53
55.840        13
55.850        27
55.860        27
55.870        47
55.880        40
55.890        20
55.900        27
55.910        33
55.920        33
55.930        40
55.940        40
55.950        33
55.960        40
55.970        13
55.980        27
55.990        67
56.000        27
56.010        47
56.020        33
56.030        27
56.040        13
56.050        53
56.060        20
56.070        27
56.080        40
56.090        20
56.100        13
56.110        13
56.120        53
56.130        40
56.140        27
56.150        27
56.160         0
56.170        20
56.180        13
56.190        13
56.200         7
56.210        20
56.220        13
56.230        20
56.240        40
56.250        27
56.260        33
56.270        13
56.280        40
56.290        27
56.300        40
56.310        40
56.320        33
56.330        33
56.340        40
56.350        33
56.360        27
56.370        40
56.380        20
56.390        13
56.400        27
56.410        40
56.420        47
56.430        40
56.440        27
56.450        40
56.460        20
56.470        13
56.480        27
56.490        13
56.500        53
56.510        20
56.520        27
56.530        13
56.540        20
56.550        33
56.560        20
56.570        13
56.580        20
56.590        33
56.600         7
56.610        13
56.620        20
56.630        40
56.640        13
56.650        13
56.660        27
56.670        20
56.680        47
56.690        20
56.700        33
56.710        33
56.720        53
56.730        20
56.740        20
56.750        13
56.760        33
56.770        13
56.780        33
56.790        13
56.800         7
56.810        27
56.820        27
56.830        27
56.840        27
56.850        40
56.860        13
56.870        33
56.880        20
56.890        40
56.900        27
56.910        20
56.920        40
56.930        20
56.940        13
56.950        20
56.960        27
56.970         7
56.980        27
56.990        13
57.000        20
57.010        33
57.020         7
57.030        13
57.040         7
57.050        13
57.060         0
57.070         7
57.080        13
57.090         7
57.100        33
57.110        13
57.120        20
57.130        27
57.140        53
57.150         0
57.160        13
57.170        20
57.180        27
57.190        33
57.200        33
57.210        13
57.220        27
57.230        40
57.240        27
57.250        20
57.260        33
57.270        27
57.280        33
57.290        27
57.300        13
57.310         7
57.320        40
57.330        13
57.340        33
57.350        40
57.360        27
57.370        33
57.380        20
57.390        40
57.400        47
57.410         7
57.420         7
57.430        40
57.440        27
57.450        33
57.460        13
57.470        53
57.480        47
57.490         7
57.500        20
57.510        20
57.520         0
57.530        13
57.540        27
57.550        33
57.560        27
57.570        13
57.580         7
57.590        20
57.600         7
57.610         7
57.620        47
57.630        27
57.640        27
57.650        33
57.660        20
57.670        27
57.680        13
57.690        33
57.700        33
57.710        20
57.720         7
57.730        27
57.740        47
57.750        20
57.760        33
57.770        27
57.780        33
57.790        53
57.800        27
57.810        40
57.820        13
57.830        20
57.840         0
57.850        13
57.860        40
57.870        40
57.880         7
57.890        20
57.900        20
57.910        40
57.920         7
57.930        20
57.940        13
57.950        27
57.960        27
57.970        20
57.980        20
57.990        13
58.000        60
58.010        20
58.020        40
58.030        40
58.040        13
58.050        13
58.060        40
58.070         7
58.080        27
58.090         7
58.100        13
58.110         7
58.120        27
58.130        13
58.140        20
58.150        33
58.160        13
58.170        53
58.180        33
58.190        20
58.200        40
58.210        33
58.220        13
58.230        53
58.240        13
58.250        13
58.260         7
58.270        13
58.280        20
58.290         7
58.300        33
58.310        47
58.320        20
58.330        33
58.340        27
58.350        40
58.360        13
58.370         0
58.380        47
58.390        20
58.400        20
58.410        27
58.420         0
58.430        13
58.440        27
58.450         0
58.460        40
58.470        13
58.480        67
58.490        33
58.500        33
58.510        13
58.520        13
58.530         7
58.540        13
58.550        40
58.560        20
58.570        27
58.580        40
58.590        13
58.600         7
58.610         7
58.620         7
58.630        27
58.640        47
58.650        40
58.660        33
58.670        20
58.680        33
58.690        33
58.700        20
58.710        40
58.720        20
58.730        27
58.740        40
58.750        27
58.760        13
58.770         0
58.780        20
58.790        20
58.800        13
58.810        20
58.820        13
58.830        27
58.840         7
58.850        20
58.860        20
58.870        40
58.880        20
58.890        27
58.900        27
58.910        13
58.920        33
58.930        13
58.940        33
58.950        27
58.960        27
58.970        20
58.980        20
58.990        13
59.000        47
59.010        27
59.020        20
59.030        13
59.040        20
59.050        27
59.060        13
59.070        27
59.080         7
59.090        13
59.100        13
59.110        33
59.120        13
59.130         7
59.140        40
59.150         7
59.160         7
59.170        13
59.180        20
59.190        13
59.200        40
59.210        20
59.220         7
59.230         0
59.240        20
59.250        13
59.260        27
59.270        20
59.280        27
59.290         7
59.300        33
59.310        40
59.320        40
59.330        33
59.340         7
59.350        20
59.360        20
59.370        13
59.380        27
59.390        13
59.400        33
59.410        27
59.420         7
59.430        13
59.440        13
59.450        27
59.460        20
59.470        33
59.480        27
59.490        27
59.500        13
59.510        13
59.520         0
59.530        27
59.540        20
59.550        20
59.560        33
59.570         0
59.580        53
59.590        13
59.600         7
59.610        27
59.620        33
59.630        33
59.640         0
59.650         0
59.660         0
59.670        20
59.680        13
59.690        20
59.700        13
59.710        20
59.720         7
59.730        27
59.740        27
59.750        13
59.760        27
59.770        13
59.780        27
59.790        20
59.800        20
59.810         7
59.820         0
59.830        13
59.840        13
59.850        13
59.860         7
59.870        47
59.880         0
59.890        27
59.900        27
59.910        20
59.920        20
59.930         7
59.940        13
59.950        53
59.960         7
59.970        13
59.980        20
59.990         0
60.000         0
