20.000        67
20.010        67
20.020        80
20.030       107
20.040       100
20.050       133
20.060       120
20.070        80
20.080       120
20.090       113
20.100       100
20.110        80
20.120        93
20.130       107
20.140       140
20.150       127
20.160        73
20.170       107
20.180        80
20.190       147
20.200        87
20.210       167
20.220        33
20.230        73
20.240        47
20.250       113
20.260       107
20.270       100
20.280       100
20.290        93
20.300       120
20.310        60
20.320       153
20.330       100
20.340       127
20.350       120
20.360        73
20.370        67
20.380       113
20.390       147
20.400       120
20.410        87
20.420        80
20.430        60
20.440       113
20.450       120
20.460       120
20.470       107
20.480       133
20.490       107
20.500        73
20.510        80
20.520       133
20.530       120
20.540       113
20.550        60
20.560       107
20.570       127
20.580       100
20.590       120
20.600        93
20.610        80
20.620        80
20.630        93
20.640       100
20.650       100
20.660       127
20.670        87
20.680       127
20.690       153
20.700        73
20.710       100
20.720       113
20.730       120
20.740       113
20.750        47
20.760        67
20.770        67
20.780       100
20.790        73
20.800        93
20.810        73
20.820        73
20.830       113
20.840       113
20.850        60
20.860       107
20.870        47
20.880       160
20.890       107
20.900       133
20.910       100
20.920       127
20.930       127
20.940        87
20.950       120
20.960       100
20.970        80
20.980       107
20.990       107
21.000        87
21.010       100
21.020        80
21.030        67
21.040       120
21.050       100
21.060        67
21.070        80
21.080       107
21.090        87
21.100        93
21.110        60
21.120       113
21.130       127
21.140        73
21.150       127
21.160       113
21.170       127
21.180        60
21.190        93
21.200       100
21.210       140
21.220       107
21.230       100
21.240       127
21.250        67
21.260        93
21.270        87
21.280       140
21.290        80
21.300       107
21.310       107
21.320        80
21.330       100
21.340       133
21.350        80
21.360       100
21.370       113
21.380        93
21.390       153
21.400        80
21.410        80
21.420       120
21.430        60
21.440       100
21.450        87
21.460        80
21.470       160
21.480        87
21.490       120
21.500       100
21.510       140
21.520       107
21.530        87
21.540       147
21.550       140
21.560        80
21.570        93
21.580       100
21.590       100
21.600        93
21.610       153
21.620       127
21.630        60
21.640       113
21.650        87
21.660       147
21.670       140
21.680       107
21.690        73
21.700       120
21.710       127
21.720       127
21.730       167
21.740       127
21.750       120
21.760       113
21.770       147
21.780        87
21.790       160
21.800       140
21.810        67
21.820       140
21.830        93
21.840       147
21.850       127
21.860        67
21.870        93
21.880        87
21.890       113
21.900        87
21.910       127
21.920        93
21.930       160
21.940       107
21.950        93
21.960       140
21.970       107
21.980       167
21.990       100
22.000       113
22.010       200
22.020       167
22.030        93
22.040       147
22.050       200
22.060        73
22.070       167
22.080       113
22.090       100
22.100       140
22.110       153
22.120       133
22.130       167
22.140       147
22.150       127
22.160       127
22.170       113
22.180       180
22.190       147
22.200       153
22.210       107
22.220       167
22.230       167
22.240       140
22.250       200
22.260       160
22.270       100
22.280        93
22.290       193
22.300       133
22.310        60
22.320       140
22.330       153
22.340       200
22.350       133
22.360        80
22.370        93
22.380       160
22.390       133
22.400       160
22.410       113
22.420       153
22.430       147
22.440       113
22.450       127
22.460       147
22.470       167
22.480       127
22.490       147
22.500       120
22.510       153
22.520       140
22.530       147
22.540       160
22.550       147
22.560       200
22.570       173
22.580       120
22.590       113
22.600       220
22.610       160
22.620       160
22.630       200
22.640       133
22.650       200
22.660       173
22.670       127
22.680       133
22.690       167
22.700       147
22.710       140
22.720       153
22.730       147
22.740       213
22.750       140
22.760       193
22.770       127
22.780       200
22.790       147
22.800       180
22.810       213
22.820       153
22.830       220
22.840       220
22.850       160
22.860       140
22.870       180
22.880       227
22.890       260
22.900       200
22.910       247
22.920       247
22.930       287
22.940       253
22.950       247
22.960       280
22.970       273
22.980       233
22.990       313
23.000       267
23.010       367
23.020       300
23.030       333
23.040       287
23.050       493
23.060       453
23.070       740
23.080      1346
23.090      1706
23.100      1859
23.110      1953
23.120      2272
23.130      2152
23.140      1819
23.150      1346
23.160      1093
23.170       680
23.180       493
23.190       440
23.200       413
23.210       260
23.220       387
23.230       173
23.240       300
23.250       320
23.260       340
23.270       280
23.280       213
23.290       247
23.300       213
23.310       213
23.320       173
23.330       233
23.340       273
23.350       187
23.360       173
23.370       240
23.380       187
23.390       273
23.400       167
23.410       273
23.420       207
23.430       200
23.440       253
23.450       213
23.460       207
23.470       287
23.480       193
23.490       207
23.500       120
23.510       180
23.520       220
23.530       147
23.540       320
23.550       167
23.560       213
23.570       153
23.580       193
23.590       193
23.600       200
23.610       267
23.620       187
23.630       253
23.640       293
23.650       173
23.660       173
23.670       247
23.680       260
23.690       200
23.700       207
23.710       180
23.720       173
23.730       207
23.740       173
23.750       147
23.760       207
23.770       173
23.780       173
23.790       180
23.800       220
23.810       227
23.820       187
23.830       193
23.840       220
23.850       200
23.860       227
23.870       273
23.880       227
23.890       140
23.900       180
23.910       227
23.920       200
23.930       213
23.940       180
23.950       187
23.960       227
23.970       187
23.980       180
23.990       200
24.000       180
24.010       187
24.020       160
24.030       180
24.040       260
24.050       240
24.060       200
24.070       233
24.080       200
24.090       260
24.100       147
24.110       167
24.120       160
24.130       233
24.140       173
24.150       220
24.160       173
24.170       207
24.180       180
24.190       207
24.200       200
24.210       247
24.220       233
24.230       173
24.240       140
24.250       187
24.260       187
24.270       173
24.280       180
24.290       193
24.300       180
24.310       147
24.320       167
24.330       180
24.340       227
24.350       253
24.360       213
24.370       233
24.380       180
24.390       173
24.400       213
24.410       300
24.420       153
24.430       193
24.440       193
24.450       207
24.460       173
24.470       253
24.480       167
24.490       153
24.500       253
24.510       147
24.520       153
24.530       227
24.540       253
24.550       193
24.560       160
24.570       167
24.580       247
24.590       140
24.600       233
24.610       213
24.620       320
24.630       240
24.640       200
24.650       220
24.660       293
24.670       233
24.680       240
24.690       407
24.700       400
24.710       513
24.720       433
24.730       706
24.740       726
24.750       806
24.760       946
24.770       933
24.780       893
24.790       960
24.800       953
24.810       893
24.820      1026
24.830      1000
24.840       913
24.850      1006
24.860       980
24.870      1040
24.880       940
24.890       966
24.900      1086
24.910       826
24.920      1046
24.930      1200
24.940      1033
24.950       940
24.960       953
24.970      1146
24.980      1006
24.990       960
25.000      1106
25.010      1100
25.020      1066
25.030      1086
25.040       933
25.050       993
25.060       946
25.070      1133
25.080      1000
25.090      1073
25.100      1093
25.110      1026
25.120      1053
25.130      1240
25.140      1126
25.150      1013
25.160      1120
25.170      1053
25.180      1046
25.190      1086
25.200      1160
25.210      1226
25.220      1133
25.230      1100
25.240      1040
25.250      1213
25.260      1160
25.270      1233
25.280      1293
25.290      1326
25.300      1439
25.310      1299
25.320      1140
25.330      1459
25.340      1246
25.350      1639
25.360      1473
25.370      1693
25.380      2086
25.390      2206
25.400      2732
25.410      3712
25.420      4318
25.430      5145
25.440      6138
25.450      7244
25.460      8843
25.470     10016
25.480     11282
25.490     12268
25.500     13548
25.510     14294
25.520     16307
25.530     17726
25.540     20145
25.550     23837
25.560     37792
25.570     72831
25.580    118233
25.590    160876
25.600    185979
25.610    193849
25.620    201013
25.630    204465
25.640    201653
25.650    191777
25.660    165760
25.670    145189
25.680    129402
25.690    125956
25.700    117666
25.710    102519
25.720     75363
25.730     46921
25.740     28489
25.750     19885
25.760     16007
25.770     14514
25.780     12415
25.790     11349
25.800      9803
25.810      8377
25.820      6864
25.830      6091
25.840      5325
25.850      4412
25.860      3998
25.870      3092
25.880      2379
25.890      1953
25.900      2073
25.910      1833
25.920      1899
25.930      1613
25.940      1779
25.950      1779
25.960      1466
25.970      1433
25.980      1633
25.990      1399
26.000      1433
26.010      1459
26.020      1299
26.030      1086
26.040      1226
26.050      1200
26.060      1273
26.070      1100
26.080      1213
26.090       980
26.100      1113
26.110      1046
26.120      1086
26.130      1080
26.140      1140
26.150      1046
26.160      1020
26.170      1013
26.180      1020
26.190      1020
26.200      1126
26.210      1106
26.220       906
26.230       793
26.240       873
26.250       926
26.260      1040
26.270      1013
26.280       833
26.290       826
26.300       973
26.310       973
26.320       966
26.330       946
26.340      1013
26.350       833
26.360       746
26.370       940
26.380       813
26.390       786
26.400       873
26.410       893
26.420       886
26.430       833
26.440       766
26.450       706
26.460       700
26.470       766
26.480       886
26.490       746
26.500       673
26.510       780
26.520       786
26.530       800
26.540       720
26.550       953
26.560       726
26.570       666
26.580       713
26.590       720
26.600       773
26.610       840
26.620       720
26.630       753
26.640       746
26.650       960
26.660       680
26.670       606
26.680       633
26.690       680
26.700       806
26.710       786
26.720       726
26.730       700
26.740       860
26.750       726
26.760       780
26.770       593
26.780       653
26.790       800
26.800       860
26.810       666
26.820       713
26.830       773
26.840       686
26.850       693
26.860       693
26.870       593
26.880       633
26.890       666
26.900       693
26.910       626
26.920       640
26.930       673
26.940       826
26.950       606
26.960       706
26.970       606
26.980       633
26.990       633
27.000       706
27.010       680
27.020       466
27.030       666
27.040       540
27.050       660
27.060       680
27.070       673
27.080       566
27.090       720
27.100       646
27.110       660
27.120       713
27.130       700
27.140       586
27.150       640
27.160       653
27.170       566
27.180       593
27.190       640
27.200       700
27.210       593
27.220       700
27.230       633
27.240       540
27.250       613
27.260       580
27.270       673
27.280       646
27.290       613
27.300       566
27.310       580
27.320       613
27.330       646
27.340       520
27.350       633
27.360       553
27.370       646
27.380       560
27.390       613
27.400       593
27.410       613
27.420       546
27.430       620
27.440       560
27.450       466
27.460       580
27.470       486
27.480       533
27.490       673
27.500       553
27.510       566
27.520       553
27.530       553
27.540       660
27.550       540
27.560       646
27.570       640
27.580       606
27.590       433
27.600       520
27.610       580
27.620       566
27.630       546
27.640       580
27.650       526
27.660       513
27.670       660
27.680       546
27.690       466
27.700       580
27.710       566
27.720       606
27.730       740
27.740       613
27.750       606
27.760       600
27.770       580
27.780       506
27.790       480
27.800       606
27.810       666
27.820       493
27.830       560
27.840       606
27.850       546
27.860       653
27.870       613
27.880       573
27.890       520
27.900       600
27.910       673
27.920       540
27.930       566
27.940       446
27.950       673
27.960       606
27.970       593
27.980       506
27.990       560
28.000       573
28.010       586
28.020       560
28.030       453
28.040       540
28.050       533
28.060       633
28.070       433
28.080       473
28.090       586
28.100       540
28.110       573
28.120       586
28.130       526
28.140       506
28.150       486
28.160       520
28.170       533
28.180       546
28.190       486
28.200       413
28.210       486
28.220       560
28.230       500
28.240       613
28.250       486
28.260       446
28.270       540
28.280       473
28.290       533
28.300       573
28.310       573
28.320       506
28.330       573
28.340       493
28.350       433
28.360       426
28.370       393
28.380       500
28.390       540
28.400       413
28.410       520
28.420       493
28.430       480
28.440       473
28.450       473
28.460       540
28.470       367
28.480       353
28.490       486
28.500       546
28.510       426
28.520       533
28.530       580
28.540       533
28.550       446
28.560       480
28.570       440
28.580       493
28.590       440
28.600       446
28.610       506
28.620       506
28.630       546
28.640       413
28.650       553
28.660       506
28.670       506
28.680       480
28.690       573
28.700       466
28.710       546
28.720       500
28.730       560
28.740       460
28.750       546
28.760       553
28.770       506
28.780       553
28.790       560
28.800       520
28.810       553
28.820       586
28.830       560
28.840       593
28.850       560
28.860       606
28.870       720
28.880       540
28.890       620
28.900       760
28.910       666
28.920       706
28.930       613
28.940       646
28.950       653
28.960       680
28.970       626
28.980       666
28.990       686
29.000       753
29.010       773
29.020       660
29.030       773
29.040       700
29.050       760
29.060       633
29.070       573
29.080       593
29.090       606
29.100       613
29.110       593
29.120       640
29.130       566
29.140       700
29.150       580
29.160       466
29.170       526
29.180       500
29.190       486
29.200       420
29.210       533
29.220       526
29.230       500
29.240       433
29.250       520
29.260       566
29.270       440
29.280       380
29.290       400
29.300       420
29.310       480
29.320       393
29.330       486
29.340       353
29.350       493
29.360       433
29.370       420
29.380       480
29.390       407
29.400       400
29.410       513
29.420       493
29.430       440
29.440       407
29.450       420
29.460       353
29.470       400
29.480       360
29.490       446
29.500       460
29.510       440
29.520       480
29.530       393
29.540       367
29.550       440
29.560       400
29.570       413
29.580       553
29.590       413
29.600       426
29.610       360
29.620       486
29.630       500
29.640       446
29.650       493
29.660       466
29.670       393
29.680       347
29.690       473
29.700       426
29.710       466
29.720       453
29.730       373
29.740       486
29.750       440
29.760       320
29.770       400
29.780       533
29.790       486
29.800       407
29.810       440
29.820       446
29.830       380
29.840       446
29.850       387
29.860       506
29.870       400
29.880       353
29.890       387
29.900       333
29.910       367
29.920       446
29.930       360
29.940       353
29.950       407
29.960       380
29.970       393
29.980       380
29.990       466
30.000       313
30.010       340
30.020       313
30.030       466
30.040       367
30.050       480
30.060       360
30.070       393
30.080       393
30.090       380
30.100       360
30.110       440
30.120       387
30.130       446
30.140       407
30.150       387
30.160       373
30.170       413
30.180       420
30.190       360
30.200       413
30.210       373
30.220       420
30.230       400
30.240       327
30.250       347
30.260       407
30.270       367
30.280       360
30.290       293
30.300       340
30.310       333
30.320       307
30.330       367
30.340       367
30.350       340
30.360       353
30.370       393
30.380       393
30.390       360
30.400       340
30.410       340
30.420       387
30.430       393
30.440       367
30.450       413
30.460       340
30.470       307
30.480       340
30.490       320
30.500       273
30.510       380
30.520       387
30.530       400
30.540       387
30.550       360
30.560       347
30.570       353
30.580       380
30.590       347
30.600       373
30.610       413
30.620       420
30.630       240
30.640       340
30.650       313
30.660       273
30.670       307
30.680       367
30.690       300
30.700       426
30.710       407
30.720       367
30.730       340
30.740       373
30.750       320
30.760       373
30.770       407
30.780       240
30.790       380
30.800       387
30.810       353
30.820       320
30.830       320
30.840       300
30.850       300
30.860       313
30.870       280
30.880       320
30.890       307
30.900       313
30.910       387
30.920       393
30.930       287
30.940       353
30.950       293
30.960       360
30.970       340
30.980       353
30.990       313
31.000       280
31.010       407
31.020       333
31.030       333
31.040       320
31.050       273
31.060       307
31.070       313
31.080       347
31.090       340
31.100       373
31.110       293
31.120       307
31.130       313
31.140       387
31.150       240
31.160       267
31.170       293
31.180       320
31.190       340
31.200       247
31.210       267
31.220       340
31.230       293
31.240       373
31.250       280
31.260       313
31.270       380
31.280       347
31.290       387
31.300       300
31.310       373
31.320       440
31.330       360
31.340       287
31.350       367
31.360       413
31.370       367
31.380       320
31.390       347
31.400       287
31.410       307
31.420       313
31.430       313
31.440       307
31.450       320
31.460       333
31.470       233
31.480       373
31.490       307
31.500       333
31.510       333
31.520       240
31.530       287
31.540       260
31.550       260
31.560       387
31.570       273
31.580       340
31.590       333
31.600       333
31.610       333
31.620       273
31.630       320
31.640       273
31.650       300
31.660       273
31.670       260
31.680       233
31.690       240
31.700       333
31.710       253
31.720       227
31.730       320
31.740       287
31.750       267
31.760       327
31.770       280
31.780       233
31.790       280
31.800       300
31.810       240
31.820       333
31.830       307
31.840       240
31.850       220
31.860       253
31.870       340
31.880       273
31.890       327
31.900       327
31.910       233
31.920       247
31.930       240
31.940       233
31.950       227
31.960       253
31.970       260
31.980       267
31.990       253
32.000       273
32.010       193
32.020       247
32.030       260
32.040       240
32.050       273
32.060       207
32.070       213
32.080       267
32.090       267
32.100       247
32.110       233
32.120       240
32.130       273
32.140       173
32.150       347
32.160       207
32.170       253
32.180       213
32.190       247
32.200       220
32.210       173
32.220       340
32.230       280
32.240       287
32.250       280
32.260       347
32.270       253
32.280       347
32.290       207
32.300       293
32.310       293
32.320       300
32.330       273
32.340       213
32.350       253
32.360       340
32.370       260
32.380       267
32.390       207
32.400       233
32.410       247
32.420       233
32.430       193
32.440       293
32.450       240
32.460       313
32.470       200
32.480       267
32.490       247
32.500       160
32.510       333
32.520       200
32.530       287
32.540       240
32.550       260
32.560       187
32.570       267
32.580       233
32.590       293
32.600       233
32.610       247
32.620       293
32.630       200
32.640       227
32.650       240
32.660       233
32.670       287
32.680       260
32.690       213
32.700       267
32.710       260
32.720       287
32.730       273
32.740       240
32.750       320
32.760       200
32.770       233
32.780       240
32.790       273
32.800       293
32.810       173
32.820       280
32.830       267
32.840       227
32.850       207
32.860       200
32.870       213
32.880       227
32.890       240
32.900       193
32.910       273
32.920       240
32.930       220
32.940       187
32.950       180
32.960       187
32.970       240
32.980       180
32.990       227
33.000       273
33.010       173
33.020       207
33.030       207
33.040       220
33.050       147
33.060       307
33.070       187
33.080       227
33.090       240
33.100       287
33.110       240
33.120       220
33.130       200
33.140       247
33.150       273
33.160       227
33.170       187
33.180       187
33.190       160
33.200       180
33.210       220
33.220       153
33.230       153
33.240       153
33.250       253
33.260       180
33.270       160
33.280       160
33.290       207
33.300       173
33.310       207
33.320       240
33.330       167
33.340       167
33.350       160
33.360       193
33.370       233
33.380       287
33.390       147
33.400       187
33.410       160
33.420       247
33.430       213
33.440       227
33.450       187
33.460       180
33.470       193
33.480       133
33.490       173
33.500       133
33.510       193
33.520       173
33.530       167
33.540       167
33.550       127
33.560       260
33.570       273
33.580       193
33.590       300
33.600       200
33.610       167
33.620       253
33.630       193
33.640       180
33.650       193
33.660       167
33.670       147
33.680       147
33.690       233
33.700       167
33.710       180
33.720       227
33.730       167
33.740       173
33.750       193
33.760       133
33.770       147
33.780       213
33.790       233
33.800       220
33.810       167
33.820       167
33.830       213
33.840       180
33.850       253
33.860       127
33.870       140
33.880       173
33.890       160
33.900       167
33.910       220
33.920       147
33.930       193
33.940       127
33.950       213
33.960       213
33.970       180
33.980       153
33.990       127
34.000       133
34.010       107
34.020       153
34.030       200
34.040       153
34.050       193
34.060       253
34.070       147
34.080       160
34.090       173
34.100       160
34.110       180
34.120       173
34.130       180
34.140       153
34.150       153
34.160       187
34.170       180
34.180       180
34.190       167
34.200       193
34.210       173
34.220       147
34.230       140
34.240       173
34.250       153
34.260       153
34.270       127
34.280       173
34.290       120
34.300       153
34.310       120
34.320       147
34.330       153
34.340       120
34.350       180
34.360       200
34.370       147
34.380       167
34.390       180
34.400       213
34.410       140
34.420       173
34.430       127
34.440       147
34.450        87
34.460       173
34.470       133
34.480       133
34.490       113
34.500       107
34.510       147
34.520       127
34.530       167
34.540       193
34.550       227
34.560       160
34.570       160
34.580       173
34.590       160
34.600       180
34.610       127
34.620       187
34.630       207
34.640       107
34.650       220
34.660       167
34.670       180
34.680       160
34.690       147
34.700       187
34.710       147
34.720       213
34.730       287
34.740       167
34.750       153
34.760       167
34.770       167
34.780       187
34.790       187
34.800       107
34.810       180
34.820       147
34.830       213
34.840       153
34.850       187
34.860       133
34.870       153
34.880       127
34.890       120
34.900       120
34.910       193
34.920       113
34.930        93
34.940        93
34.950       253
34.960        80
34.970       113
34.980       180
34.990       113
35.000       193
35.010       173
35.020       173
35.030       140
35.040       193
35.050       127
35.060       160
35.070       113
35.080       127
35.090       133
35.100       147
35.110       133
35.120       100
35.130       173
35.140       173
35.150       120
35.160       193
35.170       113
35.180       153
35.190       133
35.200        80
35.210       113
35.220       167
35.230       113
35.240       127
35.250       160
35.260       153
35.270       120
35.280       107
35.290       100
35.300       107
35.310       127
35.320       167
35.330       140
35.340       180
35.350       113
35.360       120
35.370       180
35.380       147
35.390        93
35.400       140
35.410       120
35.420       160
35.430       173
35.440        80
35.450       180
35.460       127
35.470       153
35.480       100
35.490       133
35.500       140
35.510       173
35.520        87
35.530        93
35.540       133
35.550       120
35.560       113
35.570        73
35.580       133
35.590       153
35.600       127
35.610       187
35.620       147
35.630       120
35.640       160
35.650        80
35.660       107
35.670       167
35.680       133
35.690       133
35.700        73
35.710        87
35.720       127
35.730       113
35.740       100
35.750       133
35.760       107
35.770       107
35.780       107
35.790       173
35.800       100
35.810       120
35.820        93
35.830       127
35.840       127
35.850       133
35.860       113
35.870        73
35.880       127
35.890        60
35.900       133
35.910       127
35.920       127
35.930       107
35.940       140
35.950        87
35.960       113
35.970       100
35.980       120
35.990       120
36.000        80
36.010        93
36.020       153
36.030       167
36.040       127
36.050       120
36.060       127
36.070       147
36.080       200
36.090       147
36.100        87
36.110       140
36.120       120
36.130       113
36.140        80
36.150       127
36.160       133
36.170        80
36.180       100
36.190       153
36.200       113
36.210       113
36.220       133
36.230       153
36.240       180
36.250       113
36.260        87
36.270       113
36.280       127
36.290       107
36.300       100
36.310       127
36.320       107
36.330       133
36.340       127
36.350       167
36.360        80
36.370       113
36.380       153
36.390       120
36.400       127
36.410       107
36.420        93
36.430       100
36.440        87
36.450        87
36.460       140
36.470       127
36.480        87
36.490       100
36.500       160
36.510        87
36.520       107
36.530       107
36.540       127
36.550        53
36.560       160
36.570       133
36.580       187
36.590       133
36.600       133
36.610       100
36.620       120
36.630        60
36.640       113
36.650       127
36.660        87
36.670       140
36.680        80
36.690       107
36.700        60
36.710        67
36.720       113
36.730       100
36.740        67
36.750       113
36.760        80
36.770        53
36.780        87
36.790        93
36.800        93
36.810       147
36.820       127
36.830       120
36.840        87
36.850        73
36.860       127
36.870       100
36.880       133
36.890       127
36.900        93
36.910       113
36.920       133
36.930       120
36.940       100
36.950        67
36.960        93
36.970        47
36.980        87
36.990       127
37.000        93
37.010       113
37.020        87
37.030        93
37.040       133
37.050       107
37.060       113
37.070        60
37.080        93
37.090       107
37.100       167
37.110        67
37.120        73
37.130       100
37.140        80
37.150       127
37.160        67
37.170       107
37.180        80
37.190        73
37.200        87
37.210        93
37.220       113
37.230        80
37.240       127
37.250       120
37.260        87
37.270        87
37.280       100
37.290       113
37.300       100
37.310        60
37.320       127
37.330        93
37.340       113
37.350       113
37.360        67
37.370       147
37.380        87
37.390        67
37.400       107
37.410        93
37.420        60
37.430       100
37.440        73
37.450        47
37.460        80
37.470        80
37.480       133
37.490        73
37.500       127
37.510        87
37.520       113
37.530       113
37.540       140
37.550        93
37.560        53
37.570       107
37.580       100
37.590       100
37.600        67
37.610        60
37.620        80
37.630        87
37.640        80
37.650        73
37.660       100
37.670       140
37.680        87
37.690        93
37.700        60
37.710       113
37.720       127
37.730       107
37.740       140
37.750        93
37.760        60
37.770        87
37.780       120
37.790        73
37.800        73
37.810       113
37.820       113
37.830        93
37.840       120
37.850        93
37.860        87
37.870        67
37.880        53
37.890       100
37.900       100
37.910        87
37.920        73
37.930        47
37.940        67
37.950        87
37.960        87
37.970        87
37.980        67
37.990        73
38.000        40
38.010        93
38.020        93
38.030        53
38.040        73
38.050       120
38.060        53
38.070       100
38.080        40
38.090        93
38.100        73
38.110        33
38.120        67
38.130        73
38.140        67
38.150        93
38.160        60
38.170        73
38.180        47
38.190        60
38.200        47
38.210       113
38.220        60
38.230       100
38.240       133
38.250        60
38.260        60
38.270       100
38.280        33
38.290        87
38.300        47
38.310        93
38.320        33
38.330        60
38.340        53
38.350        67
38.360        80
38.370        67
38.380        40
38.390        87
38.400        60
38.410        67
38.420        67
38.430        67
38.440        80
38.450       120
38.460        93
38.470        60
38.480        73
38.490        67
38.500        73
38.510        73
38.520       107
38.530        67
38.540        80
38.550        87
38.560        60
38.570        67
38.580        67
38.590        73
38.600        67
38.610        73
38.620        87
38.630        60
38.640        93
38.650        40
38.660        33
38.670        73
38.680        53
38.690        47
38.700        67
38.710        67
38.720        80
38.730        73
38.740        80
38.750       100
38.760       107
38.770        47
38.780        67
38.790        80
38.800        93
38.810        73
38.820        67
38.830        67
38.840        80
38.850        47
38.860        33
38.870        60
38.880        93
38.890        40
38.900        67
38.910       100
38.920        87
38.930        20
38.940        67
38.950        20
38.960        67
38.970        53
38.980        40
38.990        60
39.000       120
39.010        80
39.020        73
39.030        60
39.040        47
39.050        67
39.060        60
39.070        93
39.080        53
39.090        40
39.100        33
39.110        47
39.120        80
39.130       107
39.140        53
39.150        60
39.160       133
39.170       127
39.180        80
39.190       100
39.200        67
39.210        40
39.220       107
39.230        47
39.240        47
39.250       100
39.260        73
39.270        27
39.280        80
39.290        93
39.300        67
39.310        47
39.320        73
39.330        67
39.340        67
39.350        93
39.360       107
39.370        87
39.380        47
39.390        13
39.400        67
39.410        73
39.420       113
39.430        53
39.440        13
39.450        53
39.460        80
39.470       113
39.480        40
39.490        87
39.500        40
39.510        53
39.520        80
39.530        73
39.540        40
39.550        73
39.560        67
39.570        60
39.580        73
39.590        60
39.600        73
39.610        93
39.620        60
39.630        67
39.640        73
39.650        33
39.660        67
39.670        47
39.680        40
39.690        47
39.700        87
39.710        60
39.720        80
39.730        33
39.740        27
39.750        33
39.760        73
39.770       127
39.780        87
39.790       113
39.800        40
39.810        60
39.820        93
39.830        87
39.840        33
39.850        73
39.860        47
39.870        33
39.880        53
39.890        53
39.900        67
39.910       107
39.920        67
39.930        27
39.940        33
39.950        73
39.960        80
39.970        20
39.980        73
39.990        60
40.000        47
40.010        60
40.020        47
40.030        67
40.040       113
40.050        67
40.060        47
40.070        33
40.080        53
40.090        80
40.100        40
40.110        33
40.120        73
40.130        33
40.140        73
40.150        67
40.160        80
40.170        40
40.180        93
40.190        27
40.200       100
40.210        53
40.220        47
40.230        53
40.240        53
40.250        93
40.260        47
40.270        47
40.280        53
40.290        80
40.300        53
40.310       113
40.320        80
40.330        67
40.340        33
40.350        73
40.360        93
40.370        53
40.380        67
40.390        60
40.400        33
40.410        53
40.420        33
40.430        53
40.440        40
40.450        60
40.460        73
40.470        67
40.480        60
40.490        60
40.500       107
40.510        67
40.520        33
40.530        60
40.540        40
40.550        67
40.560        67
40.570        60
40.580        33
40.590        80
40.600        60
40.610        53
40.620        53
40.630        67
40.640        53
40.650        80
40.660        53
40.670        87
40.680        60
40.690        67
40.700        67
40.710        33
40.720        47
40.730        67
40.740        53
40.750        33
40.760        53
40.770        40
40.780        27
40.790        33
40.800        33
40.810        40
40.820        67
40.830        73
40.840        60
40.850        53
40.860        73
40.870        20
40.880        47
40.890        60
40.900        47
40.910        20
40.920        47
40.930        40
40.940        27
40.950        67
40.960        60
40.970        33
40.980        60
40.990        60
41.000        67
41.010        33
41.020        67
41.030        53
41.040        80
41.050       100
41.060        40
41.070        27
41.080        87
41.090        27
41.100        60
41.110        40
41.120        33
41.130        47
41.140        53
41.150        27
41.160        47
41.170        40
41.180        20
41.190        80
41.200        27
41.210        47
41.220        53
41.230        87
41.240        27
41.250        47
41.260        53
41.270        47
41.280        33
41.290        53
41.300        40
41.310        53
41.320        47
41.330        40
41.340        27
41.350        40
41.360        13
41.370        47
41.380        47
41.390        40
41.400        40
41.410        67
41.420        73
41.430        87
41.440        40
41.450        27
41.460        47
41.470        60
41.480        53
41.490        27
41.500        20
41.510        20
41.520        53
41.530        53
41.540        53
41.550        33
41.560        60
41.570        67
41.580        40
41.590        33
41.600        60
41.610        27
41.620        47
41.630        33
41.640        87
41.650       100
41.660        67
41.670        60
41.680       133
41.690        67
41.700        47
41.710        53
41.720        80
41.730        67
41.740        87
41.750        13
41.760        80
41.770        53
41.780        67
41.790        40
41.800        60
41.810        53
41.820        53
41.830        80
41.840        80
41.850        73
41.860        53
41.870        60
41.880        47
41.890        47
41.900        53
41.910        60
41.920        53
41.930        33
41.940        73
41.950        67
41.960        73
41.970        93
41.980       100
41.990        60
42.000        33
42.010        67
42.020       107
42.030        80
42.040        33
42.050        67
42.060        33
42.070        87
42.080        73
42.090        80
42.100        47
42.110        67
42.120        40
42.130        53
42.140        47
42.150        60
42.160        40
42.170        53
42.180        20
42.190        73
42.200        47
42.210        47
42.220        47
42.230        93
42.240        80
42.250        53
42.260        67
42.270        53
42.280        40
42.290        67
42.300        67
42.310        33
42.320        47
42.330        73
42.340        60
42.350        47
42.360        47
42.370        60
42.380        47
42.390        33
42.400        47
42.410        93
42.420        40
42.430        53
42.440        73
42.450        27
42.460        33
42.470        40
42.480        67
42.490        47
42.500        53
42.510        33
42.520        67
42.530        47
42.540        47
42.550        40
42.560        20
42.570        73
42.580        53
42.590        33
42.600        47
42.610        27
42.620        33
42.630        60
42.640        33
42.650        40
42.660         7
42.670        33
42.680        20
42.690        67
42.700        40
42.710        73
42.720        40
42.730        40
42.740        40
42.750        33
42.760        93
42.770        60
42.780        27
42.790        20
42.800        47
42.810        33
42.820        20
42.830        67
42.840        40
42.850       107
42.860        40
42.870        33
42.880        80
42.890        33
42.900        33
42.910        60
42.920        33
42.930        67
42.940        13
42.950        33
42.960        40
42.970        40
42.980        47
42.990        13
43.000        27
43.010        33
43.020        27
43.030        40
43.040        47
43.050        47
43.060        40
43.070        33
43.080        20
43.090        33
43.100        40
43.110        60
43.120        47
43.130        33
43.140        40
43.150        20
43.160        40
43.170        20
43.180        40
43.190        27
43.200        40
43.210        60
43.220        47
43.230        33
43.240        33
43.250        40
43.260        40
43.270        47
43.280        27
43.290        13
43.300        40
43.310        60
43.320        27
43.330        60
43.340        33
43.350        47
43.360         0
43.370        20
43.380        13
43.390        47
43.400        47
43.410        13
43.420        47
43.430        33
43.440        53
43.450        13
43.460        53
43.470        53
43.480        40
43.490        53
43.500        20
43.510        33
43.520        13
43.530        60
43.540        47
43.550        33
43.560        27
43.570        40
43.580        40
43.590        73
43.600        40
43.610        13
43.620        60
43.630        20
43.640        20
43.650        60
43.660        40
43.670        20
43.680        13
43.690        20
43.700        20
43.710        33
43.720        13
43.730        53
43.740        40
43.750        47
43.760        27
43.770        40
43.780        33
43.790        67
43.800        20
43.810        47
43.820        27
43.830        33
43.840        27
43.850        53
43.860        33
43.870        20
43.880        33
43.890        27
43.900        20
43.910        40
43.920        53
43.930        13
43.940        13
43.950        20
43.960        73
43.970        40
43.980        20
43.990        27
44.000        33
44.010        60
44.020        33
44.030        40
44.040        13
44.050        47
44.060        40
44.070        20
44.080        67
44.090        53
44.100        33
44.110        47
44.120        33
44.130        47
44.140        27
44.150        67
44.160        40
44.170        53
44.180        53
44.190        27
44.200        40
44.210        47
44.220        20
44.230        33
44.240        13
44.250        27
44.260        40
44.270        27
44.280        40
44.290        27
44.300        33
44.310        20
44.320        33
44.330        40
44.340        20
44.350        47
44.360        33
44.370        60
44.380        60
44.390        33
44.400        33
44.410        53
44.420        40
44.430        13
44.440        20
44.450        27
44.460        60
44.470        47
44.480        27
44.490        33
44.500        53
44.510        20
44.520        47
44.530        53
44.540        13
44.550        60
44.560        53
44.570        33
44.580        40
44.590        53
44.600        40
44.610        47
44.620        33
44.630        80
44.640        40
44.650        33
44.660        33
44.670        27
44.680        40
44.690        80
44.700        13
44.710        47
44.720        33
44.730         7
44.740        20
44.750        40
44.760        33
44.770        33
44.780        47
44.790        40
44.800        33
44.810        40
44.820        13
44.830        27
44.840        33
44.850        40
44.860        53
44.870        33
44.880        47
44.890        27
44.900        47
44.910        27
44.920        27
44.930        20
44.940        60
44.950        27
44.960        20
44.970        13
44.980        47
44.990        27
45.000        60
45.010        40
45.020        33
45.030        27
45.040        47
45.050        33
45.060        13
45.070        33
45.080        47
45.090        47
45.100        20
45.110        20
45.120        27
45.130        27
45.140        33
45.150        20
45.160        33
45.170        40
45.180        47
45.190        20
45.200        60
45.210        33
45.220        20
45.230        40
45.240        27
45.250        53
45.260        40
45.270        20
45.280        33
45.290        27
45.300        40
45.310        27
45.320        40
45.330        33
45.340        40
45.350        47
45.360        27
45.370        33
45.380        40
45.390        60
45.400        27
45.410        13
45.420        60
45.430        33
45.440        33
45.450        40
45.460        27
45.470        40
45.480        53
45.490        33
45.500        73
45.510        20
45.520        20
45.530        33
45.540        20
45.550        53
45.560        33
45.570        20
45.580        27
45.590        47
45.600        40
45.610        60
45.620        53
45.630        80
45.640        27
45.650        33
45.660        67
45.670        33
45.680        40
45.690        67
45.700        40
45.710        53
45.720        20
45.730        47
45.740        53
45.750        53
45.760        60
45.770        47
45.780        60
45.790        67
45.800        60
45.810        33
45.820        47
45.830        47
45.840        60
45.850        33
45.860        73
45.870        47
45.880        40
45.890        47
45.900        47
45.910        47
45.920        47
45.930        53
45.940        53
45.950        40
45.960        27
45.970        67
45.980        67
45.990        47
46.000        33
46.010        20
46.020        67
46.030        27
46.040        40
46.050        40
46.060        33
46.070        33
46.080        40
46.090        40
46.100        33
46.110        53
46.120        53
46.130        33
46.140        47
46.150        33
46.160        60
46.170        33
46.180        73
46.190        27
46.200        47
46.210        33
46.220        60
46.230        13
46.240        13
46.250        40
46.260        60
46.270        27
46.280        27
46.290        67
46.300        27
46.310        40
46.320        27
46.330        40
46.340        27
46.350        20
46.360        20
46.370        40
46.380        33
46.390        47
46.400        20
46.410        33
46.420        67
46.430        20
46.440        33
46.450        40
46.460        67
46.470        20
46.480        40
46.490        33
46.500        40
46.510        13
46.520        53
46.530        53
46.540        27
46.550        47
46.560        67
46.570        47
46.580        67
46.590        67
46.600        60
46.610        73
46.620        40
46.630        53
46.640        27
46.650        33
46.660        67
46.670        27
46.680        40
46.690        47
46.700        60
46.710        60
46.720        60
46.730        53
46.740        53
46.750        53
46.760        67
46.770        93
46.780        87
46.790        93
46.800       133
46.810        87
46.820       120
46.830       127
46.840       133
46.850        93
46.860        60
46.870        73
46.880        87
46.890        73
46.900       127
46.910        73
46.920        80
46.930        40
46.940        87
46.950        67
46.960       100
46.970        87
46.980       113
46.990       100
47.000        93
47.010       107
47.020        53
47.030       140
47.040       133
47.050       100
47.060       100
47.070       133
47.080       153
47.090       153
47.100       200
47.110       253
47.120       320
47.130       253
47.140       373
47.150       466
47.160       806
47.170      1013
47.180      1439
47.190      1546
47.200      1973
47.210      1819
47.220      2039
47.230      1759
47.240      1579
47.250      1240
47.260       973
47.270       533
47.280       480
47.290       453
47.300       240
47.310       287
47.320       207
47.330       207
47.340       207
47.350       187
47.360       187
47.370       153
47.380       207
47.390       153
47.400        67
47.410        87
47.420       120
47.430       120
47.440       147
47.450        67
47.460        93
47.470        53
47.480        40
47.490        87
47.500        53
47.510        73
47.520       107
47.530        93
47.540       127
47.550       100
47.560        73
47.570        47
47.580        47
47.590        60
47.600        80
47.610        53
47.620        60
47.630       107
47.640        73
47.650        93
47.660        60
47.670        67
47.680        33
47.690        60
47.700        93
47.710        33
47.720        73
47.730        80
47.740        33
47.750        20
47.760        73
47.770        40
47.780        60
47.790        87
47.800        87
47.810        80
47.820        33
47.830        27
47.840        20
47.850        60
47.860        53
47.870        47
47.880        60
47.890        67
47.900        80
47.910        47
47.920        73
47.930        33
47.940        73
47.950        20
47.960        33
47.970        20
47.980        53
47.990        60
48.000        53
48.010        33
48.020        60
48.030        27
48.040        20
48.050        27
48.060        20
48.070        73
48.080        73
48.090        40
48.100        47
48.110        67
48.120        40
48.130        33
48.140        33
48.150        33
48.160        67
48.170        60
48.180        53
48.190        27
48.200        40
48.210        20
48.220        40
48.230        40
48.240        27
48.250        40
48.260        13
48.270        80
48.280        53
48.290        53
48.300        53
48.310        47
48.320        40
48.330        73
48.340        40
48.350        27
48.360        27
48.370        40
48.380        13
48.390        53
48.400        33
48.410        40
48.420        47
48.430        47
48.440        40
48.450        20
48.460        27
48.470        47
48.480        53
48.490        47
48.500        53
48.510        40
48.520        67
48.530        47
48.540        53
48.550        40
48.560        33
48.570        13
48.580        27
48.590        20
48.600        27
48.610        47
48.620        33
48.630        53
48.640        27
48.650        13
48.660        47
48.670        33
48.680        27
48.690        40
48.700        47
48.710        27
48.720        13
48.730        27
48.740        47
48.750        53
48.760        33
48.770        53
48.780        53
48.790        40
48.800        33
48.810        40
48.820        20
48.830        20
48.840        47
48.850        33
48.860        47
48.870        67
48.880        40
48.890        67
48.900        40
48.910        40
48.920        47
48.930        20
48.940        60
48.950        47
48.960        60
48.970        40
48.980        33
48.990        33
49.000        47
49.010        40
49.020        67
49.030        40
49.040        40
49.050        27
49.060        47
49.070         7
49.080        27
49.090        40
49.100        53
49.110        40
49.120        33
49.130        53
49.140        20
49.150        40
49.160        60
49.170        27
49.180        27
49.190        53
49.200        13
49.210        27
49.220        60
49.230        20
49.240        27
49.250        33
49.260        40
49.270        40
49.280        20
49.290        53
49.300        33
49.310        20
49.320        47
49.330        53
49.340        60
49.350        27
49.360        33
49.370        33
49.380        40
49.390        40
49.400        53
49.410        53
49.420        60
49.430        13
49.440        47
49.450        47
49.460        40
49.470        40
49.480        60
49.490        13
49.500        40
49.510        20
49.520        20
49.530        47
49.540        27
49.550        40
49.560        33
49.570        40
49.580        33
49.590        40
49.600        27
49.610        27
49.620        40
49.630        33
49.640        33
49.650        27
49.660        13
49.670        53
49.680        33
49.690        27
49.700        33
49.710        47
49.720        33
49.730        33
49.740        33
49.750        47
49.760        40
49.770        47
49.780        33
49.790        40
49.800        40
49.810        40
49.820        27
49.830        20
49.840        60
49.850        20
49.860        47
49.870        40
49.880        33
49.890        60
49.900        27
49.910        33
49.920        20
49.930        40
49.940        40
49.950        27
49.960        40
49.970        47
49.980        47
49.990        53
50.000        40
50.010        73
50.020        40
50.030        53
50.040        47
50.050        47
50.060        33
50.070        33
50.080        53
50.090        33
50.100        60
50.110        33
50.120        40
50.130        60
50.140        53
50.150        47
50.160        33
50.170        53
50.180        27
50.190       107
50.200        33
50.210        47
50.220        47
50.230        33
50.240        53
50.250        53
50.260        27
50.270        33
50.280        27
50.290        60
50.300        60
50.310        53
50.320        27
50.330        60
50.340        20
50.350        33
50.360        33
50.370        27
50.380        40
50.390        60
50.400        33
50.410        60
50.420        40
50.430        53
50.440        40
50.450        33
50.460         7
50.470        20
50.480        33
50.490        33
50.500        20
50.510        47
50.520        60
50.530        60
50.540        73
50.550        47
50.560        67
50.570        40
50.580        47
50.590       107
50.600        67
50.610        93
50.620        60
50.630       120
50.640        80
50.650       140
50.660       147
50.670       313
50.680       227
50.690       280
50.700       367
50.710       293
50.720       446
50.730       300
50.740       433
50.750       500
50.760       500
50.770       387
50.780       533
50.790       493
50.800       387
50.810       486
50.820       446
50.830       380
50.840       520
50.850       526
50.860       500
50.870       393
50.880       493
50.890       433
50.900       393
50.910       440
50.920       506
50.930       526
50.940       493
50.950       553
50.960       513
50.970       546
50.980       473
50.990       573
51.000       347
51.010       533
51.020       480
51.030       407
51.040       486
51.050       553
51.060       433
51.070       546
51.080       480
51.090       506
51.100       440
51.110       466
51.120       513
51.130       540
51.140       420
51.150       466
51.160       546
51.170       560
51.180       586
51.190       606
51.200       573
51.210       500
51.220       420
51.230       460
51.240       486
51.250       473
51.260       480
51.270       486
51.280       453
51.290       540
51.300       500
51.310       513
51.320       620
51.330       533
51.340       480
51.350       493
51.360       546
51.370       493
51.380       473
51.390       546
51.400       500
51.410       486
51.420       613
51.430       533
51.440       506
51.450       593
51.460       393
51.470       560
51.480       420
51.490       506
51.500       553
51.510       546
51.520       553
51.530       486
51.540       520
51.550       580
51.560       553
51.570       493
51.580       460
51.590       606
51.600       593
51.610       560
51.620       413
51.630       460
51.640       540
51.650       513
51.660       506
51.670       480
51.680       520
51.690       580
51.700       553
51.710       553
51.720       666
51.730       620
51.740       553
51.750       606
51.760       533
51.770       533
51.780       520
51.790       526
51.800       560
51.810       566
51.820       506
51.830       733
51.840       553
51.850       600
51.860       606
51.870       640
51.880       600
51.890       640
51.900       606
51.910       746
51.920       566
51.930       546
51.940       566
51.950       593
51.960       653
51.970       753
51.980       700
51.990       740
52.000       680
52.010       753
52.020       740
52.030       666
52.040       693
52.050       766
52.060       806
52.070       740
52.080       766
52.090       786
52.100       793
52.110       960
52.120       853
52.130       720
52.140       733
52.150       946
52.160       973
52.170       880
52.180       973
52.190       966
52.200      1120
52.210      1146
52.220      1133
52.230      1113
52.240      1553
52.250      1419
52.260      1313
52.270      1573
52.280      1879
52.290      2366
52.300      2152
52.310      2572
52.320      2692
52.330      3292
52.340      3205
52.350      3579
52.360      4165
52.370      4532
52.380      5105
52.390      5371
52.400      6131
52.410      7011
52.420      7524
52.430      8590
52.440      9796
52.450     10902
52.460     11449
52.470     12875
52.480     13801
52.490     15607
52.500     16867
52.510     19532
52.520     23257
52.530     30494
52.540     43076
52.550     67053
52.560    103132
52.570    140051
52.580    170778
52.590    188238
52.600    197188
52.610    198141
52.620    190437
52.630    171978
52.640    141350
52.650    103579
52.660     75610
52.670     57410
52.680     51266
52.690     55891
52.700     71251
52.710     89531
52.720    104518
52.730    115774
52.740    121638
52.750    120432
52.760    116507
52.770    102226
52.780     81941
52.790     59656
52.800     39877
52.810     27536
52.820     19386
52.830     15720
52.840     12602
52.850     11202
52.860      9969
52.870      9150
52.880      7963
52.890      7304
52.900      6451
52.910      5904
52.920      4911
52.930      4125
52.940      3365
52.950      2819
52.960      2559
52.970      2033
52.980      2192
52.990      2112
53.000      1886
53.010      1666
53.020      1686
53.030      1773
53.040      1699
53.050      1366
53.060      1166
53.070      1233
53.080      1113
53.090      1220
53.100      1326
53.110      1126
53.120      1226
53.130      1120
53.140      1120
53.150       946
53.160      1060
53.170      1000
53.180       966
53.190       986
53.200       920
53.210       906
53.220       813
53.230       873
53.240       940
53.250       753
53.260       926
53.270       766
53.280       853
53.290       920
53.300       720
53.310       780
53.320       780
53.330       833
53.340       666
53.350       720
53.360       713
53.370       813
53.380       673
53.390       860
53.400       640
53.410       846
53.420       633
53.430       580
53.440       746
53.450       620
53.460       620
53.470       660
53.480       666
53.490       626
53.500       580
53.510       660
53.520       593
53.530       593
53.540       646
53.550       600
53.560       540
53.570       613
53.580       526
53.590       586
53.600       493
53.610       546
53.620       466
53.630       566
53.640       500
53.650       513
53.660       540
53.670       500
53.680       506
53.690       446
53.700       413
53.710       466
53.720       380
53.730       426
53.740       506
53.750       500
53.760       486
53.770       460
53.780       426
53.790       393
53.800       566
53.810       460
53.820       433
53.830       433
53.840       446
53.850       526
53.860       393
53.870       466
53.880       353
53.890       433
53.900       433
53.910       520
53.920       387
53.930       486
53.940       420
53.950       420
53.960       473
53.970       400
53.980       400
53.990       440
54.000       420
54.010       393
54.020       446
54.030       360
54.040       400
54.050       453
54.060       387
54.070       373
54.080       380
54.090       407
54.100       413
54.110       393
54.120       393
54.130       367
54.140       473
54.150       413
54.160       407
54.170       400
54.180       373
54.190       347
54.200       360
54.210       340
54.220       347
54.230       333
54.240       340
54.250       440
54.260       333
54.270       453
54.280       420
54.290       373
54.300       440
54.310       300
54.320       373
54.330       260
54.340       387
54.350       313
54.360       333
54.370       333
54.380       340
54.390       340
54.400       287
54.410       320
54.420       393
54.430       353
54.440       347
54.450       333
54.460       300
54.470       373
54.480       327
54.490       387
54.500       407
54.510       347
54.520       380
54.530       373
54.540       387
54.550       380
54.560       393
54.570       380
54.580       360
54.590       387
54.600       320
54.610       340
54.620       400
54.630       293
54.640       280
54.650       313
54.660       327
54.670       333
54.680       300
54.690       380
54.700       353
54.710       460
54.720       360
54.730       287
54.740       353
54.750       273
54.760       247
54.770       333
54.780       333
54.790       347
54.800       320
54.810       360
54.820       320
54.830       380
54.840       327
54.850       420
54.860       387
54.870       287
54.880       267
54.890       313
54.900       387
54.910       260
54.920       313
54.930       287
54.940       287
54.950       307
54.960       260
54.970       313
54.980       307
54.990       287
55.000       313
55.010       313
55.020       293
55.030       293
55.040       300
55.050       367
55.060       400
55.070       333
55.080       307
55.090       380
55.100       367
55.110       280
55.120       233
55.130       293
55.140       260
55.150       253
55.160       287
55.170       247
55.180       313
55.190       300
55.200       253
55.210       200
55.220       327
55.230       220
55.240       240
55.250       307
55.260       320
55.270       233
55.280       287
55.290       327
55.300       273
55.310       260
55.320       353
55.330       260
55.340       333
55.350       313
55.360       267
55.370       280
55.380       253
55.390       240
55.400       247
55.410       240
55.420       300
55.430       313
55.440       360
55.450       280
55.460       273
55.470       233
55.480       253
55.490       260
55.500       227
55.510       220
55.520       320
55.530       280
55.540       227
55.550       227
55.560       293
55.570       240
55.580       287
55.590       320
55.600       293
55.610       313
55.620       267
55.630       320
55.640       280
55.650       233
55.660       200
55.670       207
55.680       240
55.690       240
55.700       333
55.710       287
55.720       327
55.730       213
55.740       307
55.750       267
55.760       287
55.770       426
55.780       247
55.790       227
55.800       253
55.810       233
55.820       233
55.830       240
55.840       293
55.850       193
55.860       313
55.870       247
55.880       233
55.890       227
55.900       267
55.910       307
55.920       167
55.930       253
55.940       227
55.950       293
55.960       247
55.970       267
55.980       187
55.990       200
56.000       213
56.010       247
56.020       220
56.030       280
56.040       240
56.050       220
56.060       280
56.070       240
56.080       227
56.090       180
56.100       240
56.110       227
56.120       207
56.130       213
56.140       187
56.150       220
56.160       253
56.170       240
56.180       280
56.190       180
56.200       260
56.210       240
56.220       213
56.230       300
56.240       253
56.250       187
56.260       213
56.270       233
56.280       320
56.290       260
56.300       240
56.310       213
56.320       260
56.330       233
56.340       260
56.350       173
56.360       233
56.370       227
56.380       220
56.390       193
56.400       240
56.410       280
56.420       240
56.430       187
56.440       247
56.450       233
56.460       227
56.470       193
56.480       207
56.490       193
56.500       233
56.510       220
56.520       253
56.530       227
56.540       267
56.550       220
56.560       247
56.570       253
56.580       220
56.590       300
56.600       173
56.610       160
56.620       240
56.630       260
56.640       253
56.650       200
56.660       267
56.670       240
56.680       213
56.690       247
56.700       253
56.710       253
56.720       213
56.730       207
56.740       187
56.750       247
56.760       227
56.770       220
56.780       267
56.790       300
56.800       200
56.810       287
56.820       253
56.830       280
56.840       180
56.850       300
56.860       180
56.870       313
56.880       220
56.890       147
56.900       193
56.910       300
56.920       233
56.930       193
56.940       193
56.950       193
56.960       187
56.970       240
56.980       220
56.990       327
57.000       220
57.010       193
57.020       247
57.030       180
57.040       160
57.050       207
57.060       240
57.070       187
57.080       153
57.090       160
57.100       193
57.110       253
57.120       280
57.130       260
57.140       187
57.150       247
57.160       267
57.170       220
57.180       307
57.190       180
57.200       187
57.210       187
57.220       233
57.230       213
57.240       207
57.250       207
57.260       207
57.270       220
57.280       160
57.290       180
57.300       107
57.310       153
57.320       240
57.330       180
57.340       200
57.350       307
57.360       253
57.370       147
57.380       200
57.390       233
57.400       313
57.410       260
57.420       193
57.430       247
57.440       227
57.450       200
57.460       167
57.470       233
57.480       253
57.490       167
57.500       153
57.510       147
57.520       260
57.530       227
57.540       240
57.550       260
57.560       180
57.570       153
57.580       160
57.590       207
57.600       273
57.610       233
57.620       233
57.630       127
57.640       227
57.650       253
57.660       200
57.670       173
57.680       147
57.690       187
57.700       213
57.710       133
57.720       160
57.730       153
57.740       140
57.750       213
57.760       173
57.770       213
57.780       213
57.790       207
57.800       140
57.810       173
57.820       180
57.830       220
57.840       167
57.850       207
57.860       187
57.870       213
57.880       193
57.890       167
57.900       220
57.910       153
57.920       200
57.930       233
57.940       213
57.950       193
57.960       220
57.970       213
57.980       153
57.990       147
58.000       280
58.010       233
58.020       213
58.030       253
58.040       113
58.050       153
58.060       227
58.070       113
58.080       160
58.090       253
58.100       147
58.110       160
58.120       240
58.130       180
58.140       193
58.150       213
58.160       200
58.170       173
58.180       220
58.190       133
58.200       207
58.210       187
58.220       187
58.230       180
58.240       213
58.250       113
58.260       173
58.270       180
58.280       160
58.290       233
58.300       167
58.310       253
58.320       200
58.330       153
58.340       180
58.350       160
58.360       133
58.370       213
58.380       113
58.390       160
58.400       160
58.410       200
58.420       133
58.430       187
58.440       233
58.450       227
58.460       140
58.470       133
58.480       113
58.490       167
58.500       153
58.510       233
58.520       220
58.530       180
58.540       247
58.550       153
58.560       120
58.570       173
58.580       160
58.590       167
58.600       127
58.610       180
58.620       180
58.630       140
58.640       207
58.650       213
58.660       200
58.670       187
58.680       147
58.690       133
58.700       207
58.710       200
58.720       227
58.730       140
58.740       140
58.750       167
58.760       140
58.770       120
58.780       173
58.790       160
58.800       187
58.810       160
58.820       200
58.830       167
58.840       240
58.850       180
58.860       233
58.870       153
58.880       207
58.890       187
58.900       247
58.910       200
58.920       120
58.930       113
58.940       133
58.950       207
58.960       147
58.970       207
58.980       173
58.990       233
59.000       173
59.010       160
59.020       133
59.030       187
59.040       167
59.050       133
59.060       180
59.070       160
59.080       207
59.090       167
59.100       160
59.110       180
59.120       167
59.130       147
59.140       140
59.150       147
59.160       207
59.170       193
59.180       100
59.190       167
59.200       147
59.210       113
59.220       173
59.230       160
59.240       133
59.250       180
59.260       160
59.270       160
59.280       160
59.290       187
59.300       113
59.310       200
59.320       173
59.330       200
59.340       207
59.350       187
59.360       100
59.370       173
59.380       180
59.390       180
59.400       180
59.410       167
59.420       173
59.430       193
59.440       173
59.450       247
59.460       167
59.470       193
59.480       167
59.490        73
59.500       100
59.510       160
59.520       160
59.530       140
59.540       120
59.550       193
59.560       120
59.570       153
59.580       133
59.590        93
59.600       160
59.610       173
59.620       140
59.630       153
59.640       133
59.650       147
59.660       167
59.670       153
59.680       133
59.690       220
59.700        67
59.710       220
59.720       127
59.730       187
59.740       153
59.750       113
59.760        93
59.770       153
59.780       127
59.790       200
59.800       160
59.810       133
59.820       133
59.830       113
59.840       200
59.850       180
59.860       167
59.870       167
59.880       153
59.890       127
59.900       127
59.910       180
59.920       140
59.930       140
59.940       127
59.950       173
59.960       127
59.970       153
59.980       107
59.990       120
60.000       147
