20.000        40
20.010        40
20.020        13
20.030        67
20.040        47
20.050        53
20.060        33
20.070        47
20.080        60
20.090        53
20.100        60
20.110        20
20.120        40
20.130        60
20.140        40
20.150        47
20.160        33
20.170        80
20.180        47
20.190        27
20.200        27
20.210        60
20.220        27
20.230        73
20.240        73
20.250        33
20.260        40
20.270        27
20.280        20
20.290        40
20.300        47
20.310        40
20.320        67
20.330        33
20.340        53
20.350        33
20.360        33
20.370        67
20.380        33
20.390        73
20.400        33
20.410        53
20.420        33
20.430        67
20.440        80
20.450        60
20.460        53
20.470        33
20.480        53
20.490        13
20.500        47
20.510        67
20.520        73
20.530        40
20.540        47
20.550        20
20.560        47
20.570        87
20.580        33
20.590        40
20.600        53
20.610        13
20.620        47
20.630         7
20.640        20
20.650        53
20.660        40
20.670        40
20.680        47
20.690        80
20.700        33
20.710        27
20.720        40
20.730        47
20.740        33
20.750        33
20.760        33
20.770        33
20.780        47
20.790        60
20.800        27
20.810        47
20.820        27
20.830        60
20.840        40
20.850        20
20.860        33
20.870        40
20.880        40
20.890        53
20.900        33
20.910        33
20.920        13
20.930        20
20.940        47
20.950        40
20.960        27
20.970        20
20.980        73
20.990        53
21.000        33
21.010        53
21.020        60
21.030        53
21.040        60
21.050        80
21.060        60
21.070        13
21.080        67
21.090        47
21.100        40
21.110        33
21.120        40
21.130        60
21.140        33
21.150        27
21.160        13
21.170        73
21.180        20
21.190        13
21.200        33
21.210        33
21.220        13
21.230        80
21.240        53
21.250        20
21.260        27
21.270        20
21.280        67
21.290        33
21.300        53
21.310        40
21.320        33
21.330        73
21.340        27
21.350        73
21.360        33
21.370        67
21.380        73
21.390        27
21.400        33
21.410        33
21.420        33
21.430        33
21.440        33
21.450        40
21.460        40
21.470        47
21.480        40
21.490        40
21.500        33
21.510        73
21.520        47
21.530        67
21.540        47
21.550        67
21.560        60
21.570        60
21.580        47
21.590        73
21.600        40
21.610        47
21.620        60
21.630        47
21.640        87
21.650        47
21.660        40
21.670        67
21.680        33
21.690        53
21.700        73
21.710        60
21.720        60
21.730        33
21.740        53
21.750        47
21.760        27
21.770        60
21.780        27
21.790        47
21.800        47
21.810        60
21.820        40
21.830        73
21.840        73
21.850        20
21.860        67
21.870        47
21.880        53
21.890       100
21.900        47
21.910        67
21.920        60
21.930        40
21.940        40
21.950        53
21.960        33
21.970        40
21.980        53
21.990        60
22.000        87
22.010        67
22.020        87
22.030        67
22.040        53
22.050        40
22.060        80
22.070        60
22.080        53
22.090        87
22.100       100
22.110        53
22.120       127
22.130        93
22.140       107
22.150       113
22.160        80
22.170        67
22.180       107
22.190       107
22.200        93
22.210       107
22.220        73
22.230        93
22.240       100
22.250        73
22.260       127
22.270       133
22.280       173
22.290        73
22.300       113
22.310       167
22.320       147
22.330       180
22.340       180
22.350       127
22.360       127
22.370       167
22.380       153
22.390       113
22.400       113
22.410       120
22.420       180
22.430       153
22.440       187
22.450        80
22.460       113
22.470       127
22.480        93
22.490       107
22.500        93
22.510       107
22.520       100
22.530        80
22.540       120
22.550       100
22.560        73
22.570        73
22.580        87
22.590        87
22.600       133
22.610        80
22.620        60
22.630        87
22.640        87
22.650        67
22.660        60
22.670        67
22.680        80
22.690       133
22.700        40
22.710        53
22.720        67
22.730        53
22.740        60
22.750        53
22.760        53
22.770        53
22.780        87
22.790        47
22.800        60
22.810        33
22.820        60
22.830        47
22.840        67
22.850        53
22.860        33
22.870        60
22.880        73
22.890        73
22.900        53
22.910        53
22.920        67
22.930        47
22.940        67
22.950        60
22.960        60
22.970        40
22.980        47
22.990        40
23.000        47
23.010        53
23.020        60
23.030        47
23.040        47
23.050        53
23.060        67
23.070        33
23.080       100
23.090        80
23.100        53
23.110        33
23.120        33
23.130        40
23.140        33
23.150        53
23.160        33
23.170        67
23.180        73
23.190        40
23.200        40
23.210        47
23.220        40
23.230        13
23.240        20
23.250        60
23.260        40
23.270        60
23.280        53
23.290        33
23.300        40
23.310        60
23.320        40
23.330        20
23.340        60
23.350        27
23.360        27
23.370        53
23.380        33
23.390        53
23.400        53
23.410        27
23.420        20
23.430        40
23.440        53
23.450        40
23.460        40
23.470        33
23.480        67
23.490        33
23.500        67
23.510        40
23.520        73
23.530        47
23.540        53
23.550        40
23.560        60
23.570        60
23.580        33
23.590        33
23.600        27
23.610        47
23.620        80
23.630        40
23.640        47
23.650        40
23.660        47
23.670        53
23.680        20
23.690        40
23.700        33
23.710        47
23.720        67
23.730        67
23.740        20
23.750        47
23.760        33
23.770        60
23.780        40
23.790        73
23.800        60
23.810        33
23.820        27
23.830        13
23.840        20
23.850        40
23.860        33
23.870         7
23.880        53
23.890        27
23.900        67
23.910        47
23.920        40
23.930        20
23.940        47
23.950        53
23.960        47
23.970        53
23.980        67
23.990        33
24.000        40
24.010        80
24.020        20
24.030        40
24.040        40
24.050        60
24.060        33
24.070        27
24.080        33
24.090        20
24.100        67
24.110        40
24.120        47
24.130        27
24.140        53
24.150        47
24.160        20
24.170        47
24.180        40
24.190        40
24.200        47
24.210        33
24.220        40
24.230        40
24.240        33
24.250        47
24.260        13
24.270        40
24.280        20
24.290        20
24.300        27
24.310        53
24.320        20
24.330        13
24.340        53
24.350        53
24.360         7
24.370        53
24.380        47
24.390        33
24.400        40
24.410        13
24.420        33
24.430        80
24.440        67
24.450        33
24.460        33
24.470        20
24.480        40
24.490        47
24.500        47
24.510        40
24.520        47
24.530        33
24.540        40
24.550        27
24.560        20
24.570        47
24.580        40
24.590        60
24.600        40
24.610        73
24.620        33
24.630        60
24.640        20
24.650        20
24.660        47
24.670        67
24.680        27
24.690        33
24.700        53
24.710        47
24.720        47
24.730        47
24.740        13
24.750        40
24.760        40
24.770        93
24.780        47
24.790        40
24.800        80
24.810        40
24.820        20
24.830        33
24.840        27
24.850        60
24.860        40
24.870        47
24.880        33
24.890        40
24.900        20
24.910        67
24.920        33
24.930        60
24.940        13
24.950        33
24.960        33
24.970        53
24.980        33
24.990        27
25.000        40
25.010        20
25.020        40
25.030        27
25.040        20
25.050        33
25.060        40
25.070        40
25.080        27
25.090        40
25.100        20
25.110        33
25.120        33
25.130        40
25.140        33
25.150        33
25.160        40
25.170        40
25.180        33
25.190        47
25.200        40
25.210        40
25.220        53
25.230        27
25.240        33
25.250        40
25.260        40
25.270        13
25.280        40
25.290        27
25.300        27
25.310        53
25.320        47
25.330        33
25.340        60
25.350        40
25.360        47
25.370        67
25.380        40
25.390        60
25.400        60
25.410        53
25.420        53
25.430        27
25.440        53
25.450        67
25.460        60
25.470        73
25.480        53
25.490        47
25.500        67
25.510        27
25.520        73
25.530        33
25.540        40
25.550        73
25.560        47
25.570        33
25.580        67
25.590        80
25.600        40
25.610        80
25.620        87
25.630        47
25.640        67
25.650        67
25.660        47
25.670        27
25.680        47
25.690        60
25.700         7
25.710        47
25.720        27
25.730        47
25.740        27
25.750        20
25.760        33
25.770        13
25.780        53
25.790        33
25.800        40
25.810        53
25.820        13
25.830        20
25.840        27
25.850        53
25.860        33
25.870        33
25.880        67
25.890        33
25.900        40
25.910        40
25.920        20
25.930        27
25.940        53
25.950        47
25.960        27
25.970        73
25.980        13
25.990        27
26.000        40
26.010        40
26.020        20
26.030        60
26.040        40
26.050        40
26.060        33
26.070        40
26.080        20
26.090        67
26.100        20
26.110        27
26.120        27
26.130        40
26.140        33
26.150        20
26.160        40
26.170        47
26.180        67
26.190        33
26.200        33
26.210        33
26.220        13
26.230        27
26.240        20
26.250        40
26.260        20
26.270        27
26.280        33
26.290        47
26.300        33
26.310        40
26.320        20
26.330        33
26.340        33
26.350        20
26.360        13
26.370        20
26.380        27
26.390        27
26.400        33
26.410        20
26.420        33
26.430        40
26.440        47
26.450        47
26.460        33
26.470        47
26.480        53
26.490        40
26.500        20
26.510        47
26.520        47
26.530        53
26.540        20
26.550        33
26.560        33
26.570        13
26.580        20
26.590        33
26.600        67
26.610        33
26.620        47
26.630        27
26.640        27
26.650        53
26.660        33
26.670        27
26.680         0
26.690        53
26.700        33
26.710        20
26.720        53
26.730        33
26.740        33
26.750        20
26.760        53
26.770        13
26.780        53
26.790        27
26.800        33
26.810        40
26.820        60
26.830        60
26.840        27
26.850        47
26.860        27
26.870        53
26.880        33
26.890         7
26.900        33
26.910        13
26.920        40
26.930        20
26.940        40
26.950        40
26.960        33
26.970        33
26.980        27
26.990        13
27.000        27
27.010        13
27.020        13
27.030        27
27.040        47
27.050        13
27.060        33
27.070        27
27.080        27
27.090        20
27.100        27
27.110        20
27.120        53
27.130        40
27.140        27
27.150        13
27.160        40
27.170        33
27.180        20
27.190        60
27.200        33
27.210        60
27.220        33
27.230        27
27.240         7
27.250        40
27.260        27
27.270        40
27.280        47
27.290        40
27.300        33
27.310        20
27.320        53
27.330        53
27.340        13
27.350        40
27.360        40
27.370        33
27.380        13
27.390        13
27.400        33
27.410        47
27.420        40
27.430        67
27.440        20
27.450        33
27.460         7
27.470        47
27.480         7
27.490        13
27.500        20
27.510        47
27.520        27
27.530        33
27.540        47
27.550        47
27.560        53
27.570        33
27.580        20
27.590        40
27.600        13
27.610        27
27.620        20
27.630        40
27.640        27
27.650        33
27.660        27
27.670        53
27.680        27
27.690        20
27.700        33
27.710        40
27.720        47
27.730        20
27.740        27
27.750        40
27.760        40
27.770         7
27.780        27
27.790        27
27.800        27
27.810        33
27.820        73
27.830        13
27.840        47
27.850        20
27.860        33
27.870        40
27.880        33
27.890        27
27.900        27
27.910        67
27.920        33
27.930        27
27.940        60
27.950        27
27.960        60
27.970         7
27.980        20
27.990        20
28.000        13
28.010        13
28.020        40
28.030        13
28.040        67
28.050        33
28.060        33
28.070        47
28.080        53
28.090        27
28.100        47
28.110         7
28.120        13
28.130        27
28.140        53
28.150        40
28.160        27
28.170        27
28.180        20
28.190        40
28.200        53
28.210        40
28.220        13
28.230        27
28.240        40
28.250        47
28.260        13
28.270        53
28.280        27
28.290        20
28.300        33
28.310        47
28.320        20
28.330        27
28.340        60
28.350        27
28.360        27
28.370        13
28.380        33
28.390        20
28.400        47
28.410        60
28.420        13
28.430        27
28.440        20
28.450        27
28.460        33
28.470        27
28.480        33
28.490         0
28.500        53
28.510        40
28.520        20
28.530        27
28.540        27
28.550        33
28.560        20
28.570        53
28.580        13
28.590        53
28.600        47
28.610        33
28.620        47
28.630        40
28.640        20
28.650        40
28.660        27
28.670        20
28.680         7
28.690        33
28.700        53
28.710        40
28.720        33
28.730         0
28.740        27
28.750        40
28.760        33
28.770        47
28.780        20
28.790        27
28.800        13
28.810        20
28.820        33
28.830         7
28.840        60
28.850        20
28.860        20
28.870        47
28.880         0
28.890        60
28.900        27
28.910        40
28.920        53
28.930        33
28.940        13
28.950        53
28.960        27
28.970        40
28.980        33
28.990        60
29.000        27
29.010        53
29.020        33
29.030        20
29.040        53
29.050        47
29.060        27
29.070        33
29.080        20
29.090        27
29.100        40
29.110        20
29.120         7
29.130        27
29.140        40
29.150        13
29.160        20
29.170        13
29.180        20
29.190        20
29.200        40
29.210        40
29.220        60
29.230        60
29.240        33
29.250        40
29.260        20
29.270        20
29.280        40
29.290        20
29.300        47
29.310        40
29.320        27
29.330        47
29.340        33
29.350         7
29.360        13
29.370        13
29.380        27
29.390        20
29.400        40
29.410        53
29.420        67
29.430        27
29.440        47
29.450        33
29.460        47
29.470        33
29.480        20
29.490        20
29.500        60
29.510        33
29.520        13
29.530        20
29.540        27
29.550        60
29.560        47
29.570        47
29.580        33
29.590        40
29.600        60
29.610        13
29.620        27
29.630        13
29.640        47
29.650        47
29.660        33
29.670        27
29.680        33
29.690        47
29.700        20
29.710        33
29.720        13
29.730        13
29.740        53
29.750        27
29.760        33
29.770        27
29.780        60
29.790        40
29.800        47
29.810        33
29.820        40
29.830        33
29.840        20
29.850        13
29.860        27
29.870        53
29.880        40
29.890        33
29.900        13
29.910        40
29.920        40
29.930        53
29.940        27
29.950        27
29.960        67
29.970        47
29.980        27
29.990        47
30.000        20
30.010        53
30.020        33
30.030        20
30.040        20
30.050        27
30.060        40
30.070        27
30.080        27
30.090        13
30.100        33
30.110        27
30.120        27
30.130        47
30.140        47
30.150        20
30.160        47
30.170        33
30.180        20
30.190        47
30.200        47
30.210        33
30.220        53
30.230         7
30.240        33
30.250        33
30.260         7
30.270        27
30.280        40
30.290        27
30.300        53
30.310        13
30.320        27
30.330        67
30.340        27
30.350        33
30.360        27
30.370        13
30.380        20
30.390        40
30.400        20
30.410        47
30.420        40
30.430        20
30.440        20
30.450        27
30.460         7
30.470        40
30.480        13
30.490        53
30.500        27
30.510        40
30.520        20
30.530        20
30.540        20
30.550        33
30.560        27
30.570        60
30.580        20
30.590        47
30.600        27
30.610        20
30.620        20
30.630        33
30.640        27
30.650        53
30.660         7
30.670        47
30.680        33
30.690        27
30.700        40
30.710        27
30.720        20
30.730        47
30.740        40
30.750        67
30.760        47
30.770        53
30.780        27
30.790        33
30.800        27
30.810        53
30.820        60
30.830        53
30.840        47
30.850        80
30.860        20
30.870        40
30.880        53
30.890        27
30.900        47
30.910        20
30.920        13
30.930        13
30.940        40
30.950        40
30.960        53
30.970        47
30.980        40
30.990        20
31.000        13
31.010        47
31.020        33
31.030        40
31.040        40
31.050        53
31.060        47
31.070        47
31.080        27
31.090        27
31.100        40
31.110        27
31.120        33
31.130        53
31.140        40
31.150        67
31.160        67
31.170        40
31.180        20
31.190        40
31.200        47
31.210        33
31.220        47
31.230        20
31.240        47
31.250        47
31.260        40
31.270        33
31.280        53
31.290        53
31.300        27
31.310        13
31.320        67
31.330        67
31.340        67
31.350        27
31.360        40
31.370        80
31.380        47
31.390        87
31.400        73
31.410        53
31.420        73
31.430        53
31.440        47
31.450        80
31.460        40
31.470        53
31.480        93
31.490        93
31.500       100
31.510       107
31.520        67
31.530       100
31.540        87
31.550       113
31.560        67
31.570        73
31.580        87
31.590       120
31.600        53
31.610       107
31.620       100
31.630       153
31.640        80
31.650       147
31.660       147
31.670       147
31.680       127
31.690       180
31.700       100
31.710       133
31.720       127
31.730       153
31.740       160
31.750       140
31.760       180
31.770       167
31.780       200
31.790       200
31.800       200
31.810       287
31.820       227
31.830       147
31.840       160
31.850       220
31.860       180
31.870       187
31.880       240
31.890       260
31.900       180
31.910       167
31.920       240
31.930       173
31.940       280
31.950       120
31.960       193
31.970       227
31.980       207
31.990       220
32.000       160
32.010       193
32.020       207
32.030       153
32.040       140
32.050       200
32.060       133
32.070       153
32.080       107
32.090       127
32.100       140
32.110       133
32.120       107
32.130        87
32.140        80
32.150        87
32.160        93
32.170        93
32.180        87
32.190       127
32.200        60
32.210        33
32.220       100
32.230        40
32.240        60
32.250        53
32.260        60
32.270        53
32.280        53
32.290        93
32.300        73
32.310        47
32.320        53
32.330        47
32.340        47
32.350        67
32.360        40
32.370        47
32.380        60
32.390        80
32.400        93
32.410        47
32.420        67
32.430        60
32.440        33
32.450        60
32.460        47
32.470        60
32.480        47
32.490        47
32.500        27
32.510         7
32.520        73
32.530        53
32.540        40
32.550        47
32.560        47
32.570        33
32.580        40
32.590        67
32.600        33
32.610        40
32.620        47
32.630        47
32.640        53
32.650        40
32.660        33
32.670        53
32.680        27
32.690        47
32.700        47
32.710        33
32.720        40
32.730        33
32.740        47
32.750        33
32.760        33
32.770        20
32.780        33
32.790        33
32.800        20
32.810        33
32.820        47
32.830        13
32.840        20
32.850        20
32.860        20
32.870        27
32.880        33
32.890        13
32.900        40
32.910        33
32.920        40
32.930        27
32.940        67
32.950         7
32.960        33
32.970        27
32.980        27
32.990        53
33.000        20
33.010        27
33.020        60
33.030        40
33.040        40
33.050        27
33.060        20
33.070        33
33.080         7
33.090        20
33.100        33
33.110        33
33.120        33
33.130        33
33.140        13
33.150        20
33.160        47
33.170        27
33.180        47
33.190        33
33.200        20
33.210        33
33.220         7
33.230        40
33.240        13
33.250        27
33.260        40
33.270        27
33.280        33
33.290        27
33.300         7
33.310        47
33.320        40
33.330        40
33.340        13
33.350        53
33.360        47
33.370        20
33.380         7
33.390        47
33.400        20
33.410        13
33.420         7
33.430        27
33.440        27
33.450        13
33.460        33
33.470        27
33.480        33
33.490        27
33.500        33
33.510        20
33.520        33
33.530        13
33.540        33
33.550         7
33.560        60
33.570        20
33.580         7
33.590        40
33.600        13
33.610        27
33.620        13
33.630        13
33.640        20
33.650        33
33.660        47
33.670        27
33.680        20
33.690        20
33.700        20
33.710        33
33.720        27
33.730        33
33.740        40
33.750        13
33.760        20
33.770        40
33.780        33
33.790        33
33.800        40
33.810        40
33.820        27
33.830        20
33.840         0
33.850        33
33.860        27
33.870        13
33.880        67
33.890        60
33.900        33
33.910        13
33.920        67
33.930        13
33.940        20
33.950        13
33.960        20
33.970        13
33.980        53
33.990        33
34.000        13
34.010         7
34.020        13
34.030        47
34.040        13
34.050        27
34.060        27
34.070        40
34.080        20
34.090        20
34.100        27
34.110        33
34.120        27
34.130        20
34.140        27
34.150        13
34.160        20
34.170        40
34.180        27
34.190        20
34.200         7
34.210        53
34.220        27
34.230        33
34.240        27
34.250         7
34.260        33
34.270        33
34.280        33
34.290        47
34.300        13
34.310        27
34.320        20
34.330         0
34.340        13
34.350        27
34.360        40
34.370        13
34.380        20
34.390        13
34.400        40
34.410        20
34.420        27
34.430         7
34.440        33
34.450        27
34.460        20
34.470        20
34.480        13
34.490        27
34.500        47
34.510        27
34.520        20
34.530        13
34.540        27
34.550        33
34.560        60
34.570        40
34.580         7
34.590        20
34.600        13
34.610        40
34.620        60
34.630         7
34.640         7
34.650        20
34.660        40
34.670        27
34.680        33
34.690        33
34.700        13
34.710        27
34.720        20
34.730         7
34.740        33
34.750        20
34.760        13
34.770        20
34.780        20
34.790        33
34.800        33
34.810        33
34.820        47
34.830        20
34.840        13
34.850        13
34.860        40
34.870        27
34.880        40
34.890        47
34.900        60
34.910        53
34.920        27
34.930        60
34.940        40
34.950        40
34.960        60
34.970        47
34.980        53
34.990        13
35.000        47
35.010        93
35.020        40
35.030        47
35.040        67
35.050        67
35.060       100
35.070        33
35.080        80
35.090       173
35.100       213
35.110       207
35.120       180
35.130       213
35.140       220
35.150       240
35.160       233
35.170       293
35.180       280
35.190       293
35.200       160
35.210       173
35.220       147
35.230       213
35.240       160
35.250       193
35.260       153
35.270       153
35.280        73
35.290       100
35.300        73
35.310        47
35.320        67
35.330        47
35.340        20
35.350        47
35.360        47
35.370        60
35.380        13
35.390        47
35.400        27
35.410        40
35.420        33
35.430        33
35.440        33
35.450        33
35.460        27
35.470        40
35.480        20
35.490         7
35.500        47
35.510        20
35.520        27
35.530        20
35.540        27
35.550        27
35.560        27
35.570        27
35.580        27
35.590        20
35.600        13
35.610        27
35.620        13
35.630        20
35.640        20
35.650        20
35.660        27
35.670        33
35.680        27
35.690        47
35.700        40
35.710        20
35.720         7
35.730        40
35.740        13
35.750        27
35.760        20
35.770        20
35.780        13
35.790        20
35.800         7
35.810         7
35.820        13
35.830        33
35.840        27
35.850        13
35.860        13
35.870        33
35.880        27
35.890         7
35.900        33
35.910         7
35.920        20
35.930        40
35.940        13
35.950        27
35.960        20
35.970        47
35.980        47
35.990        60
36.000        13
36.010        27
36.020        13
36.030        13
36.040         0
36.050        47
36.060        20
36.070        13
36.080        20
36.090        20
36.100        20
36.110        20
36.120        27
36.130        20
36.140        13
36.150        20
36.160        53
36.170        27
36.180        33
36.190        33
36.200        20
36.210        13
36.220        27
36.230        27
36.240        20
36.250        27
36.260         7
36.270        13
36.280        27
36.290        33
36.300        33
36.310         0
36.320        27
36.330        33
36.340        20
36.350        20
36.360        13
36.370        27
36.380         7
36.390        27
36.400         0
36.410        53
36.420        20
36.430        33
36.440        27
36.450        33
36.460        40
36.470        13
36.480        33
36.490        20
36.500        27
36.510        33
36.520        27
36.530        27
36.540        27
36.550         7
36.560         7
36.570        13
36.580        40
36.590        33
36.600         7
36.610        53
36.620        40
36.630        20
36.640        20
36.650        33
36.660        27
36.670        27
36.680        27
36.690        33
36.700        20
36.710        20
36.720        33
36.730        53
36.740         7
36.750        27
36.760        13
36.770        20
36.780        27
36.790        13
36.800        33
36.810        40
36.820        20
36.830        33
36.840        20
36.850        13
36.860        40
36.870        20
36.880        33
36.890        40
36.900        40
36.910        13
36.920        20
36.930        27
36.940        47
36.950        47
36.960        47
36.970        47
36.980        33
36.990        27
37.000        13
37.010        33
37.020        33
37.030         7
37.040        27
37.050        33
37.060        33
37.070        47
37.080        53
37.090        27
37.100        60
37.110        33
37.120         7
37.130        20
37.140        20
37.150         7
37.160         7
37.170        53
37.180        40
37.190        53
37.200        33
37.210        20
37.220        33
37.230        13
37.240        27
37.250        27
37.260        20
37.270         0
37.280        33
37.290        33
37.300        40
37.310        20
37.320        40
37.330        33
37.340        20
37.350        60
37.360        20
37.370        20
37.380        27
37.390        20
37.400        20
37.410        33
37.420        47
37.430        27
37.440        33
37.450        40
37.460        13
37.470        33
37.480        40
37.490        27
37.500         7
37.510        40
37.520        20
37.530        13
37.540         7
37.550        27
37.560        27
37.570        53
37.580        13
37.590        27
37.600        40
37.610        27
37.620        33
37.630        40
37.640        13
37.650        33
37.660        33
37.670        47
37.680        40
37.690        20
37.700        47
37.710        87
37.720        87
37.730       147
37.740       213
37.750       247
37.760       320
37.770       273
37.780       280
37.790       387
37.800       287
37.810       207
37.820       160
37.830       207
37.840       180
37.850       113
37.860       220
37.870       187
37.880       133
37.890       147
37.900       107
37.910       127
37.920        93
37.930        60
37.940        73
37.950        40
37.960        60
37.970        27
37.980        40
37.990        47
38.000        13
38.010        40
38.020        27
38.030        33
38.040        13
38.050        80
38.060        27
38.070        13
38.080        53
38.090        33
38.100        13
38.110        27
38.120        40
38.130        20
38.140        33
38.150        20
38.160        20
38.170        33
38.180        27
38.190        20
38.200        27
38.210        40
38.220        40
38.230        27
38.240        27
38.250         7
38.260        20
38.270         7
38.280        20
38.290        27
38.300        20
38.310        47
38.320        27
38.330        33
38.340        13
38.350        20
38.360        47
38.370        60
38.380        33
38.390        40
38.400        27
38.410        20
38.420        53
38.430        67
38.440        20
38.450        13
38.460        20
38.470        33
38.480        13
38.490        40
38.500        27
38.510        40
38.520        20
38.530        13
38.540         7
38.550        33
38.560        27
38.570        60
38.580        27
38.590        27
38.600        33
38.610        13
38.620         7
38.630        13
38.640        27
38.650        33
38.660        13
38.670        20
38.680        33
38.690        13
38.700        40
38.710         7
38.720        33
38.730        13
38.740        27
38.750        33
38.760        27
38.770        13
38.780        13
38.790        60
38.800         7
38.810        33
38.820        33
38.830        33
38.840        20
38.850        13
38.860        20
38.870        20
38.880        13
38.890        27
38.900        20
38.910        13
38.920        13
38.930        33
38.940        47
38.950        33
38.960        27
38.970        53
38.980        27
38.990        47
39.000        73
39.010        27
39.020        27
39.030        47
39.040        33
39.050        40
39.060        33
39.070        73
39.080        53
39.090        73
39.100        47
39.110        27
39.120        47
39.130        60
39.140        47
39.150        67
39.160        60
39.170        93
39.180        80
39.190        93
39.200        87
39.210        67
39.220        67
39.230        73
39.240        93
39.250        60
39.260        93
39.270       107
39.280       100
39.290       107
39.300       127
39.310        93
39.320       107
39.330       127
39.340       153
39.350       153
39.360       153
39.370       147
39.380       167
39.390       193
39.400       187
39.410       267
39.420       227
39.430       213
39.440       280
39.450       360
39.460       213
39.470       247
39.480       300
39.490       307
39.500       253
39.510       240
39.520       167
39.530       300
39.540       167
39.550       133
39.560       173
39.570       147
39.580       113
39.590       133
39.600       180
39.610       113
39.620       160
39.630        93
39.640        80
39.650        40
39.660        73
39.670        67
39.680        60
39.690        53
39.700        73
39.710        47
39.720        67
39.730        40
39.740        53
39.750        20
39.760        33
39.770        27
39.780        47
39.790        13
39.800        93
39.810        47
39.820        27
39.830        47
39.840        40
39.850        53
39.860        40
39.870        20
39.880        40
39.890        20
39.900        27
39.910        60
39.920        47
39.930        33
39.940        40
39.950        20
39.960        27
39.970        33
39.980        33
39.990        40
40.000         7
40.010        33
40.020        33
40.030        47
40.040        27
40.050        33
40.060        20
40.070        27
40.080        27
40.090         0
40.100        27
40.110        27
40.120        40
40.130         0
40.140         7
40.150        27
40.160        53
40.170        27
40.180        33
40.190        40
40.200        33
40.210        33
40.220        13
40.230        27
40.240        20
40.250        27
40.260        13
40.270        13
40.280        53
40.290        47
40.300        27
40.310        20
40.320        33
40.330        20
40.340        20
40.350        20
40.360        40
40.370        20
40.380        20
40.390        27
40.400        27
40.410        33
40.420        40
40.430        27
40.440        20
40.450        20
40.460        47
40.470        13
40.480        27
40.490        33
40.500         0
40.510        20
40.520        20
40.530        27
40.540        40
40.550        27
40.560        33
40.570        33
40.580        47
40.590        27
40.600        27
40.610        20
40.620        27
40.630        27
40.640        53
40.650         7
40.660        33
40.670        53
40.680        33
40.690        20
40.700        27
40.710        27
40.720        13
40.730        20
40.740        47
40.750        27
40.760        13
40.770        27
40.780         7
40.790        13
40.800        33
40.810        13
40.820        20
40.830        20
40.840        40
40.850        60
40.860        27
40.870        20
40.880        27
40.890        40
40.900         7
40.910        40
40.920        27
40.930        33
40.940        13
40.950        27
40.960        27
40.970        20
40.980        27
40.990        13
41.000        27
41.010        27
41.020        40
41.030        13
41.040        20
41.050        13
41.060        27
41.070        20
41.080        20
41.090        40
41.100        20
41.110        33
41.120        27
41.130        33
41.140        27
41.150        20
41.160        40
41.170        40
41.180         7
41.190        27
41.200        47
41.210        27
41.220        20
41.230         7
41.240        27
41.250        27
41.260        27
41.270        27
41.280         0
41.290        13
41.300        40
41.310        13
41.320        20
41.330        33
41.340        13
41.350        27
41.360        47
41.370        73
41.380         7
41.390        20
41.400        20
41.410        27
41.420        33
41.430        13
41.440        33
41.450        27
41.460        53
41.470        20
41.480        33
41.490        47
41.500        20
41.510        27
41.520        40
41.530        20
41.540        20
41.550        40
41.560        27
41.570        60
41.580        60
41.590        47
41.600        40
41.610        93
41.620       100
41.630       107
41.640       107
41.650       113
41.660       147
41.670       193
41.680       153
41.690       187
41.700       267
41.710       173
41.720       187
41.730       120
41.740       140
41.750       147
41.760        87
41.770       127
41.780       147
41.790       107
41.800       127
41.810       127
41.820        87
41.830        93
41.840        73
41.850        60
41.860        33
41.870        53
41.880        47
41.890        13
41.900        13
41.910        27
41.920        33
41.930        27
41.940        27
41.950        27
41.960        27
41.970        20
41.980         0
41.990        33
42.000        33
42.010        13
42.020        20
42.030         7
42.040         7
42.050        33
42.060        20
42.070        27
42.080        47
42.090        33
42.100        33
42.110        27
42.120        20
42.130        13
42.140        20
42.150         7
42.160        40
42.170        20
42.180        33
42.190        20
42.200        20
42.210        60
42.220        20
42.230         7
42.240        20
42.250        20
42.260        40
42.270        27
42.280         7
42.290        27
42.300        40
42.310         0
42.320        20
42.330        20
42.340        20
42.350        27
42.360        33
42.370        20
42.380        27
42.390        20
42.400        33
42.410        13
42.420        53
42.430        13
42.440        33
42.450        13
42.460        20
42.470        33
42.480        20
42.490         7
42.500        40
42.510         7
42.520        20
42.530        33
42.540        60
42.550        13
42.560        27
42.570        20
42.580         7
42.590        13
42.600        20
42.610        20
42.620        60
42.630        27
42.640        13
42.650        33
42.660        20
42.670        47
42.680        20
42.690        20
42.700        27
42.710        27
42.720        33
42.730        13
42.740        53
42.750        40
42.760        13
42.770        20
42.780        33
42.790        27
42.800        20
42.810         7
42.820         0
42.830         7
42.840        27
42.850        13
42.860        27
42.870        27
42.880        27
42.890        13
42.900        13
42.910        20
42.920        40
42.930         7
42.940        20
42.950        33
42.960         7
42.970         7
42.980        27
42.990         7
43.000        27
43.010        27
43.020        13
43.030        47
43.040        20
43.050        13
43.060        27
43.070        13
43.080        20
43.090        20
43.100        13
43.110        20
43.120        40
43.130        20
43.140        13
43.150        53
43.160        20
43.170        33
43.180        40
43.190        33
43.200        47
43.210        47
43.220        53
43.230        40
43.240        67
43.250        27
43.260        53
43.270        47
43.280        27
43.290        53
43.300        47
43.310        60
43.320       100
43.330       220
43.340       133
43.350       233
43.360       207
43.370       293
43.380       307
43.390       267
43.400       287
43.410       187
43.420       147
43.430       180
43.440        93
43.450       133
43.460       160
43.470       107
43.480       207
43.490        67
43.500       127
43.510       173
43.520       107
43.530        60
43.540        60
43.550        73
43.560        40
43.570        27
43.580        33
43.590        20
43.600        40
43.610         7
43.620        47
43.630        27
43.640        47
43.650        27
43.660        27
43.670        27
43.680        40
43.690         7
43.700        20
43.710        60
43.720        47
43.730        13
43.740        13
43.750        20
43.760        13
43.770        27
43.780        27
43.790        20
43.800        13
43.810        33
43.820        27
43.830        40
43.840        27
43.850        27
43.860        13
43.870        67
43.880        27
43.890        13
43.900        40
43.910        27
43.920        27
43.930        47
43.940        53
43.950        13
43.960        13
43.970        13
43.980        13
43.990        13
44.000        40
44.010        27
44.020        53
44.030        27
44.040        33
44.050        20
44.060        60
44.070        27
44.080        27
44.090        33
44.100        33
44.110        27
44.120        20
44.130        13
44.140        53
44.150        20
44.160        60
44.170         7
44.180        20
44.190        13
44.200        13
44.210        20
44.220        33
44.230        20
44.240        27
44.250        13
44.260        27
44.270        20
44.280        13
44.290        33
44.300        27
44.310        40
44.320        20
44.330        20
44.340        27
44.350        53
44.360        33
44.370        27
44.380        47
44.390        20
44.400        53
44.410        33
44.420        33
44.430        27
44.440        13
44.450        40
44.460        33
44.470        47
44.480        33
44.490        33
44.500        40
44.510        67
44.520        40
44.530        40
44.540        27
44.550        73
44.560        33
44.570        33
44.580        47
44.590        20
44.600        33
44.610        40
44.620        27
44.630        40
44.640        33
44.650        33
44.660        33
44.670        27
44.680        47
44.690        33
44.700        53
44.710        27
44.720        47
44.730        40
44.740        87
44.750        27
44.760        53
44.770        73
44.780        53
44.790        53
44.800        53
44.810        47
44.820        60
44.830        60
44.840        73
44.850        40
44.860        60
44.870        80
44.880        53
44.890        73
44.900        53
44.910        80
44.920        53
44.930       113
44.940        93
44.950        87
44.960        47
44.970        80
44.980        93
44.990        67
45.000        53
45.010        73
45.020        73
45.030        73
45.040       113
45.050        67
45.060       153
45.070        87
45.080        27
45.090        93
45.100       160
45.110        73
45.120        93
45.130        67
45.140        93
45.150       120
45.160       120
45.170       113
45.180       120
45.190       133
45.200        87
45.210       100
45.220       140
45.230        93
45.240       127
45.250       133
45.260       160
45.270       140
45.280       133
45.290       120
45.300       167
45.310       153
45.320       113
45.330       133
45.340       200
45.350       167
45.360       160
45.370       160
45.380       213
45.390       133
45.400       193
45.410       233
45.420       153
45.430       207
45.440       207
45.450       313
45.460       207
45.470       253
45.480       227
45.490       300
45.500       273
45.510       207
45.520       227
45.530       173
45.540       300
45.550       260
45.560       313
45.570       233
45.580       233
45.590       280
45.600       340
45.610       247
45.620       287
45.630       293
45.640       413
45.650       320
45.660       280
45.670       220
45.680       313
45.690       313
45.700       260
45.710       407
45.720       247
45.730       320
45.740       267
45.750       253
45.760       307
45.770       300
45.780       220
45.790       200
45.800       207
45.810       267
45.820       253
45.830       207
45.840       227
45.850       273
45.860       220
45.870       207
45.880       213
45.890       240
45.900       147
45.910       240
45.920       187
45.930       180
45.940       160
45.950       207
45.960       180
45.970       133
45.980       133
45.990        93
46.000       133
46.010       173
46.020       160
46.030       147
46.040       133
46.050        93
46.060       127
46.070       107
46.080        67
46.090        87
46.100        80
46.110       107
46.120        73
46.130       107
46.140       113
46.150        60
46.160        73
46.170       100
46.180        67
46.190        93
46.200        67
46.210        80
46.220        60
46.230        60
46.240        80
46.250        60
46.260        73
46.270        67
46.280        67
46.290        73
46.300        53
46.310        67
46.320        93
46.330        53
46.340        60
46.350        53
46.360        93
46.370        87
46.380        47
46.390         7
46.400        80
46.410        60
46.420        53
46.430        73
46.440        80
46.450        33
46.460        60
46.470        20
46.480        33
46.490        40
46.500        20
46.510        67
46.520        33
46.530        40
46.540        53
46.550        67
46.560        80
46.570        40
46.580        20
46.590        27
46.600        33
46.610        40
46.620        47
46.630        40
46.640        33
46.650        60
46.660        53
46.670        67
46.680        27
46.690        40
46.700        20
46.710        33
46.720        40
46.730        40
46.740        27
46.750        13
46.760        33
46.770        13
46.780        27
46.790        13
46.800        40
46.810        33
46.820        13
46.830        13
46.840        53
46.850        40
46.860        27
46.870        47
46.880        40
46.890        40
46.900        33
46.910        40
46.920        33
46.930        67
46.940        40
46.950        27
46.960        53
46.970        20
46.980        20
46.990        60
47.000        27
47.010        20
47.020        33
47.030        20
47.040        47
47.050        20
47.060        13
47.070        40
47.080        47
47.090        47
47.100        33
47.110        20
47.120        33
47.130        20
47.140        33
47.150        33
47.160        13
47.170        13
47.180        13
47.190        33
47.200        13
47.210        53
47.220        40
47.230        13
47.240        53
47.250        20
47.260        20
47.270        60
47.280        33
47.290        40
47.300        47
47.310        20
47.320        40
47.330        20
47.340        13
47.350        20
47.360        33
47.370        60
47.380        27
47.390        27
47.400        27
47.410        20
47.420        40
47.430        40
47.440        33
47.450        27
47.460         7
47.470        33
47.480        67
47.490        27
47.500        27
47.510        20
47.520        13
47.530         0
47.540        20
47.550         7
47.560        20
47.570        27
47.580        40
47.590        20
47.600         7
47.610        13
47.620        27
47.630         0
47.640        20
47.650         7
47.660        53
47.670         7
47.680        20
47.690        13
47.700        27
47.710        33
47.720         7
47.730        47
47.740        33
47.750        13
47.760        27
47.770         0
47.780        20
47.790        33
47.800         7
47.810        40
47.820        20
47.830        20
47.840        27
47.850        27
47.860        60
47.870        20
47.880        13
47.890         7
47.900         7
47.910        20
47.920        13
47.930        27
47.940        20
47.950        27
47.960        20
47.970        13
47.980         7
47.990        13
48.000        20
48.010        20
48.020        27
48.030        53
48.040        33
48.050        40
48.060         7
48.070        13
48.080        33
48.090        33
48.100         7
48.110        20
48.120         7
48.130        20
48.140        20
48.150        20
48.160        27
48.170        40
48.180        33
48.190        40
48.200        20
48.210        13
48.220         0
48.230        20
48.240        27
48.250        20
48.260        27
48.270        27
48.280        40
48.290        20
48.300        13
48.310        27
48.320        13
48.330        13
48.340         7
48.350        33
48.360        13
48.370        27
48.380         7
48.390         7
48.400        20
48.410         0
48.420         0
48.430        13
48.440        20
48.450        13
48.460         0
48.470        13
48.480        40
48.490         7
48.500        13
48.510        13
48.520        33
48.530        33
48.540        40
48.550        33
48.560        27
48.570        20
48.580        20
48.590        13
48.600        20
48.610         7
48.620        27
48.630        13
48.640        27
48.650        33
48.660        27
48.670        27
48.680        20
48.690        27
48.700        40
48.710        33
48.720         7
48.730        20
48.740        13
48.750        13
48.760        20
48.770        27
48.780        13
48.790        20
48.800         7
48.810         7
48.820        47
48.830        13
48.840        13
48.850        13
48.860        20
48.870         7
48.880        20
48.890        20
48.900        20
48.910        27
48.920        13
48.930        20
48.940        40
48.950         7
48.960        13
48.970        20
48.980        27
48.990        27
49.000        33
49.010        13
49.020        13
49.030        67
49.040        27
49.050        13
49.060         7
49.070        13
49.080        27
49.090        20
49.100        13
49.110        20
49.120        33
49.130        20
49.140        20
49.150        13
49.160        20
49.170        13
49.180        40
49.190        33
49.200        13
49.210        27
49.220        53
49.230        40
49.240        53
49.250        33
49.260        13
49.270         7
49.280         7
49.290        13
49.300        13
49.310        13
49.320         7
49.330         7
49.340        47
49.350         0
49.360        13
49.370        13
49.380        33
49.390        13
49.400        27
49.410        13
49.420        13
49.430        13
49.440        13
49.450         7
49.460        27
49.470        13
49.480         0
49.490         7
49.500        20
49.510        20
49.520        13
49.530         0
49.540        33
49.550         0
49.560        20
49.570        27
49.580         7
49.590        27
49.600         7
49.610         7
49.620        13
49.630         7
49.640        27
49.650         7
49.660        13
49.670        33
49.680        13
49.690        13
49.700         0
49.710        13
49.720        13
49.730        27
49.740        27
49.750        13
49.760        20
49.770         7
49.780        27
49.790        20
49.800         7
49.810        27
49.820        20
49.830         7
49.840         7
49.850        27
49.860         7
49.870        20
49.880        27
49.890         7
49.900         7
49.910        13
49.920         0
49.930        20
49.940        33
49.950         7
49.960        13
49.970        13
49.980         7
49.990        13
50.000        27
50.010        13
50.020        40
50.030        20
50.040         0
50.050        33
50.060         0
50.070        20
50.080        20
50.090        13
50.100         7
50.110        33
50.120        20
50.130        13
50.140        20
50.150        20
50.160        20
50.170        20
50.180         0
50.190        27
50.200         7
50.210         7
50.220        20
50.230        20
50.240        40
50.250        13
50.260        13
50.270        13
50.280        27
50.290        13
50.300        13
50.310        13
50.320        20
50.330        13
50.340        20
50.350        33
50.360        13
50.370        27
50.380        40
50.390         7
50.400        20
50.410        20
50.420         0
50.430        27
50.440         7
50.450        13
50.460        33
50.470        20
50.480        20
50.490        27
50.500        27
50.510        13
50.520        20
50.530        13
50.540        13
50.550        20
50.560         7
50.570        40
50.580        13
50.590        20
50.600        13
50.610        13
50.620        20
50.630        13
50.640        13
50.650         0
50.660         7
50.670         7
50.680        13
50.690         7
50.700        20
50.710        13
50.720        13
50.730         7
50.740         7
50.750        13
50.760        20
50.770        13
50.780        20
50.790        13
50.800        20
50.810        47
50.820         0
50.830        13
50.840        33
50.850        20
50.860        20
50.870        20
50.880         7
50.890         7
50.900        13
50.910        13
50.920        27
50.930        13
50.940         0
50.950         7
50.960        27
50.970        20
50.980        20
50.990         7
51.000        13
51.010        33
51.020        20
51.030        20
51.040        20
51.050        20
51.060        20
51.070         7
51.080        13
51.090         7
51.100         7
51.110        33
51.120        13
51.130        47
51.140        40
51.150        27
51.160        13
51.170         7
51.180        13
51.190         7
51.200         7
51.210        27
51.220        33
51.230        13
51.240         0
51.250         0
51.260         0
51.270        40
51.280        20
51.290        13
51.300        27
51.310         0
51.320        27
51.330        13
51.340        13
51.350         7
51.360        33
51.370        20
51.380        40
51.390        20
51.400        20
51.410        20
51.420        20
51.430        27
51.440        33
51.450        27
51.460        13
51.470        20
51.480        33
51.490        33
51.500        27
51.510        13
51.520        27
51.530        33
51.540         7
51.550         0
51.560        20
51.570        27
51.580         0
51.590        20
51.600        13
51.610        13
51.620         7
51.630        20
51.640        20
51.650        20
51.660        33
51.670        20
51.680        20
51.690        13
51.700        20
51.710         7
51.720        20
51.730        13
51.740         7
51.750        27
51.760         0
51.770        13
51.780        53
51.790         7
51.800         7
51.810         0
51.820        20
51.830        20
51.840        27
51.850        27
51.860         7
51.870         7
51.880        20
51.890        20
51.900        13
51.910        13
51.920        13
51.930         7
51.940        13
51.950        20
51.960        27
51.970         0
51.980        20
51.990        13
52.000        47
52.010         7
52.020        13
52.030         7
52.040         0
52.050        47
52.060        13
52.070         7
52.080        13
52.090        20
52.100        13
52.110        13
52.120        13
52.130         7
52.140        13
52.150        13
52.160        13
52.170        33
52.180        13
52.190        33
52.200        27
52.210        20
52.220        27
52.230        40
52.240        20
52.250        13
52.260        20
52.270        20
52.280         7
52.290        13
52.300        13
52.310        20
52.320        27
52.330        20
52.340        33
52.350        40
52.360        20
52.370        13
52.380        27
52.390        13
52.400        33
52.410        53
52.420        13
52.430        27
52.440        13
52.450        20
52.460        40
52.470        33
52.480        40
52.490        60
52.500       100
52.510       113
52.520       107
52.530       107
52.540        87
52.550        60
52.560       140
52.570        93
52.580        40
52.590        67
52.600        47
52.610        80
52.620        80
52.630        87
52.640        53
52.650        47
52.660        60
52.670        40
52.680        47
52.690        40
52.700        60
52.710        40
52.720        47
52.730        53
52.740        20
52.750        73
52.760        47
52.770         0
52.780        33
52.790        13
52.800        13
52.810        13
52.820        67
52.830        13
52.840        13
52.850        20
52.860        40
52.870        13
52.880        33
52.890        20
52.900         7
52.910        20
52.920        20
52.930         7
52.940        27
52.950        13
52.960        20
52.970         7
52.980        13
52.990        20
53.000         0
53.010        20
53.020         7
53.030        13
53.040        13
53.050        20
53.060        47
53.070        27
53.080        13
53.090        13
53.100        20
53.110         7
53.120        33
53.130         7
53.140        33
53.150         0
53.160        27
53.170        13
53.180        20
53.190         7
53.200         7
53.210        27
53.220        20
53.230        13
53.240         7
53.250         7
53.260        20
53.270         0
53.280        27
53.290        20
53.300        20
53.310        13
53.320        33
53.330         0
53.340         0
53.350        13
53.360        13
53.370        27
53.380        20
53.390        33
53.400        33
53.410         7
53.420         7
53.430        13
53.440         7
53.450         0
53.460        20
53.470        20
53.480         0
53.490         7
53.500        27
53.510        13
53.520        20
53.530        27
53.540         7
53.550         0
53.560        13
53.570        20
53.580        13
53.590        20
53.600        20
53.610         0
53.620        13
53.630         7
53.640         0
53.650        27
53.660         7
53.670         7
53.680        20
53.690         7
53.700        27
53.710         7
53.720        13
53.730         0
53.740        33
53.750        13
53.760         0
53.770        33
53.780        13
53.790        20
53.800        13
53.810         7
53.820         0
53.830        13
53.840         7
53.850        13
53.860         7
53.870        20
53.880        13
53.890         7
53.900         0
53.910         7
53.920        20
53.930        20
53.940        13
53.950         0
53.960        13
53.970        13
53.980        20
53.990        13
54.000        27
54.010        27
54.020        27
54.030         7
54.040        27
54.050        13
54.060        20
54.070        13
54.080        27
54.090         7
54.100         7
54.110        13
54.120         7
54.130         0
54.140         7
54.150        27
54.160        20
54.170        27
54.180         7
54.190        13
54.200         7
54.210        20
54.220        13
54.230         0
54.240        13
54.250        13
54.260        20
54.270        13
54.280        27
54.290         7
54.300        13
54.310         0
54.320         0
54.330        27
54.340        40
54.350         0
54.360        20
54.370        13
54.380        13
54.390         7
54.400         0
54.410        13
54.420        20
54.430         7
54.440        13
54.450         0
54.460         7
54.470         7
54.480        27
54.490        13
54.500        20
54.510        20
54.520         7
54.530         7
54.540        27
54.550        20
54.560        40
54.570         7
54.580         7
54.590        27
54.600        27
54.610         7
54.620        13
54.630        13
54.640        47
54.650        20
54.660        20
54.670         7
54.680        13
54.690        13
54.700        20
54.710        13
54.720        20
54.730        40
54.740        13
54.750         7
54.760        27
54.770         7
54.780        13
54.790         0
54.800        33
54.810        20
54.820        20
54.830        20
54.840        13
54.850        20
54.860        20
54.870         7
54.880        27
54.890         7
54.900        20
54.910        13
54.920        27
54.930         7
54.940         0
54.950        13
54.960        20
54.970        27
54.980        40
54.990        20
55.000         7
55.010         0
55.020        20
55.030        27
55.040         0
55.050        13
55.060        13
55.070         0
55.080         7
55.090         7
55.100         7
55.110        40
55.120         7
55.130        33
55.140        20
55.150        20
55.160        13
55.170        13
55.180         7
55.190         7
55.200         7
55.210        13
55.220         7
55.230        13
55.240        27
55.250        33
55.260        27
55.270        13
55.280         7
55.290        13
55.300        20
55.310         0
55.320         7
55.330        13
55.340         0
55.350        13
55.360        13
55.370        27
55.380        20
55.390        20
55.400        20
55.410        20
55.420        27
55.430        20
55.440         0
55.450        13
55.460        27
55.470        27
55.480        13
55.490         7
55.500        13
55.510        33
55.520         7
55.530        20
55.540         7
55.550        40
55.560        20
55.570        27
55.580        13
55.590         7
55.600         7
55.610        33
55.620        13
55.630        20
55.640         7
55.650        13
55.660         7
55.670         7
55.680        13
55.690        20
55.700        13
55.710        13
55.720         7
55.730        27
55.740        20
55.750        13
55.760         0
55.770         7
55.780         0
55.790        20
55.800        27
55.810         7
55.820        13
55.830        13
55.840        20
55.850         0
55.860        20
55.870        13
55.880        20
55.890         7
55.900        20
55.910        27
55.920        27
55.930        13
55.940        20
55.950        13
55.960         7
55.970         7
55.980         7
55.990        40
56.000        20
56.010        27
56.020        27
56.030        13
56.040        27
56.050        20
56.060        20
56.070         7
56.080         0
56.090        27
56.100        20
56.110        20
56.120        13
56.130        13
56.140        13
56.150         7
56.160         7
56.170        13
56.180        13
56.190        40
56.200        20
56.210        20
56.220        13
56.230        20
56.240         7
56.250         7
56.260        13
56.270         7
56.280        20
56.290         7
56.300        20
56.310        40
56.320         7
56.330         7
56.340        33
56.350        20
56.360        13
56.370        20
56.380         7
56.390        40
56.400        20
56.410        20
56.420        33
56.430        27
56.440        27
56.450        20
56.460        33
56.470        20
56.480         7
56.490        33
56.500        20
56.510        40
56.520        27
56.530        40
56.540        13
56.550        40
56.560        47
56.570        47
56.580        27
56.590        53
56.600        40
56.610        67
56.620        20
56.630        20
56.640        33
56.650        33
56.660        47
56.670        20
56.680        47
56.690        27
56.700        47
56.710        40
56.720        40
56.730        47
56.740        33
56.750        53
56.760        20
56.770        33
56.780        67
56.790        60
56.800        47
56.810        53
56.820        60
56.830        40
56.840       107
56.850        47
56.860        27
56.870        73
56.880        53
56.890        67
56.900        93
56.910        60
56.920        67
56.930        60
56.940        60
56.950        60
56.960        87
56.970        47
56.980        87
56.990        33
57.000        67
57.010        93
57.020        47
57.030        93
57.040        60
57.050        40
57.060        47
57.070       147
57.080        47
57.090        47
57.100        40
57.110        47
57.120        67
57.130        73
57.140        33
57.150        40
57.160        80
57.170        67
57.180        67
57.190        60
57.200        60
57.210        40
57.220        53
57.230        33
57.240        53
57.250        20
57.260        40
57.270        33
57.280        53
57.290        47
57.300         7
57.310        40
57.320        33
57.330        33
57.340        53
57.350        27
57.360        20
57.370        40
57.380        40
57.390        47
57.400        87
57.410        47
57.420        40
57.430        93
57.440        60
57.450        67
57.460        53
57.470       140
57.480       120
57.490       133
57.500       140
57.510       173
57.520       233
57.530       280
57.540       387
57.550       367
57.560       273
57.570       220
57.580       193
57.590       153
57.600       100
57.610       133
57.620        73
57.630        27
57.640        47
57.650       113
57.660       120
57.670       127
57.680        93
57.690       153
57.700       160
57.710       147
57.720       173
57.730       120
57.740       100
57.750        60
57.760        67
57.770        53
57.780        33
57.790        47
57.800        20
57.810        13
57.820        53
57.830        13
57.840        53
57.850        20
57.860        20
57.870        20
57.880         7
57.890        40
57.900        13
57.910        13
57.920        20
57.930        27
57.940        27
57.950        13
57.960        20
57.970        13
57.980         7
57.990        13
58.000        13
58.010        27
58.020         7
58.030        20
58.040         7
58.050         0
58.060        20
58.070        13
58.080        33
58.090         0
58.100         7
58.110         7
58.120        20
58.130         0
58.140        20
58.150        13
58.160        13
58.170         7
58.180        27
58.190        27
58.200         7
58.210        13
58.220         7
58.230        20
58.240        20
58.250         7
58.260        13
58.270         7
58.280        27
58.290        13
58.300         0
58.310        13
58.320        27
58.330        27
58.340         7
58.350         0
58.360        13
58.370         7
58.380        13
58.390         7
58.400         7
58.410         7
58.420        13
58.430        20
58.440        20
58.450        13
58.460        27
58.470        13
58.480         7
58.490         0
58.500        13
58.510        20
58.520         7
58.530        20
58.540        33
58.550        13
58.560        13
58.570        20
58.580        13
58.590         7
58.600        20
58.610         0
58.620        13
58.630         0
58.640         7
58.650         7
58.660         0
58.670        13
58.680        20
58.690         7
58.700        27
58.710         7
58.720         0
58.730        20
58.740        13
58.750        27
58.760         0
58.770         0
58.780         7
58.790        20
58.800         7
58.810        20
58.820        13
58.830         7
58.840        20
58.850         0
58.860        13
58.870         0
58.880         7
58.890         7
58.900        27
58.910         0
58.920         0
58.930        20
58.940         0
58.950        27
58.960         7
58.970        13
58.980        20
58.990        20
59.000        13
59.010        33
59.020         0
59.030        20
59.040        13
59.050         0
59.060        27
59.070         7
59.080         0
59.090        27
59.100        20
59.110        27
59.120         0
59.130        13
59.140        20
59.150        27
59.160         7
59.170         7
59.180        13
59.190         7
59.200        13
59.210        13
59.220         7
59.230         7
59.240         7
59.250        13
59.260        27
59.270        13
59.280        47
59.290         0
59.300        27
59.310        13
59.320        13
59.330        20
59.340        27
59.350         0
59.360        20
59.370        13
59.380        13
59.390        33
59.400        20
59.410         7
59.420        20
59.430        40
59.440         0
59.450        20
59.460        13
59.470         0
59.480         0
59.490         7
59.500         7
59.510        33
59.520        13
59.530        20
59.540        13
59.550        20
59.560         7
59.570        13
59.580         0
59.590         7
59.600        13
59.610        27
59.620        27
59.630        13
59.640        13
59.650        27
59.660        13
59.670         0
59.680         7
59.690         7
59.700        40
59.710         0
59.720         7
59.730         7
59.740         7
59.750        13
59.760        20
59.770         0
59.780         0
59.790        13
59.800         7
59.810        27
59.820        27
59.830         0
59.840         0
59.850        20
59.860        13
59.870         7
59.880        13
59.890        20
59.900        20
59.910         0
59.920         0
59.930         0
59.940         7
59.950         0
59.960        13
59.970        13
59.980        27
59.990        13
60.000        33
