20.000        60
20.010        47
20.020        80
20.030        40
20.040        60
20.050        27
20.060        67
20.070        47
20.080        47
20.090        53
20.100        33
20.110        53
20.120        20
20.130        67
20.140        53
20.150         7
20.160        40
20.170        40
20.180        47
20.190        40
20.200        33
20.210        67
20.220        67
20.230        47
20.240        80
20.250        40
20.260        53
20.270        33
20.280        60
20.290        27
20.300        53
20.310        40
20.320        53
20.330        47
20.340        60
20.350        47
20.360        53
20.370        53
20.380        47
20.390        33
20.400        27
20.410        20
20.420        67
20.430        33
20.440        60
20.450        47
20.460        53
20.470        53
20.480        33
20.490        60
20.500        33
20.510        60
20.520        33
20.530        67
20.540       107
20.550        33
20.560        60
20.570        53
20.580        27
20.590        67
20.600        53
20.610        33
20.620        20
20.630         7
20.640        20
20.650        33
20.660        73
20.670        33
20.680        67
20.690        27
20.700        53
20.710        60
20.720        40
20.730        40
20.740        47
20.750        33
20.760        40
20.770        60
20.780        60
20.790        47
20.800        20
20.810        53
20.820        27
20.830        53
20.840        40
20.850         7
20.860        53
20.870        27
20.880        73
20.890        73
20.900        47
20.910        67
20.920        40
20.930        27
20.940        53
20.950        33
20.960        60
20.970        60
20.980        13
20.990        33
21.000        33
21.010        73
21.020        27
21.030        87
21.040        47
21.050        33
21.060        20
21.070        27
21.080        13
21.090        13
21.100        60
21.110        27
21.120        40
21.130        27
21.140        27
21.150        33
21.160        47
21.170        33
21.180        53
21.190        27
21.200        40
21.210        47
21.220        73
21.230        60
21.240        33
21.250        47
21.260        27
21.270        47
21.280        47
21.290        93
21.300        27
21.310        47
21.320        53
21.330        73
21.340        40
21.350        20
21.360        40
21.370        33
21.380        80
21.390        27
21.400        27
21.410        33
21.420        40
21.430        33
21.440        33
21.450        60
21.460        27
21.470        13
21.480        60
21.490        27
21.500        53
21.510        40
21.520        60
21.530        60
21.540        60
21.550        27
21.560        33
21.570        47
21.580        80
21.590        67
21.600        47
21.610        40
21.620         7
21.630        27
21.640        80
21.650        53
21.660        53
21.670         7
21.680        40
21.690        27
21.700        33
21.710        13
21.720        40
21.730        27
21.740        53
21.750        40
21.760        33
21.770        53
21.780        47
21.790         0
21.800        33
21.810        27
21.820        60
21.830        80
21.840        33
21.850        60
21.860        73
21.870         7
21.880        53
21.890        53
21.900        33
21.910        47
21.920        53
21.930        40
21.940        60
21.950        33
21.960        40
21.970        47
21.980        33
21.990         7
22.000        47
22.010        60
22.020        40
22.030        40
22.040        40
22.050        47
22.060        33
22.070        80
22.080        47
22.090        33
22.100        20
22.110        20
22.120        47
22.130        40
22.140        53
22.150        33
22.160        73
22.170        27
22.180        60
22.190        67
22.200        40
22.210        53
22.220        33
22.230        53
22.240        27
22.250        53
22.260        27
22.270        53
22.280       113
22.290       100
22.300        67
22.310        67
22.320        67
22.330        80
22.340       120
22.350       120
22.360       147
22.370       107
22.380       167
22.390       167
22.400        60
22.410       127
22.420       153
22.430       133
22.440       153
22.450       213
22.460       187
22.470       260
22.480       153
22.490       180
22.500       200
22.510       247
22.520       127
22.530       140
22.540       167
22.550       153
22.560       133
22.570        60
22.580        80
22.590       100
22.600        67
22.610        93
22.620        33
22.630        73
22.640        33
22.650        47
22.660       100
22.670        40
22.680        60
22.690        47
22.700        53
22.710        20
22.720        40
22.730        53
22.740        27
22.750        53
22.760        53
22.770        13
22.780        67
22.790        47
22.800        27
22.810        60
22.820        60
22.830        27
22.840        20
22.850        53
22.860        27
22.870        53
22.880        27
22.890        40
22.900        40
22.910        40
22.920        47
22.930        40
22.940         0
22.950        40
22.960        40
22.970        33
22.980        20
22.990        40
23.000        27
23.010        47
23.020        47
23.030        40
23.040        13
23.050        40
23.060        20
23.070        47
23.080        53
23.090        13
23.100        27
23.110        73
23.120        73
23.130        13
23.140        33
23.150        27
23.160        47
23.170        67
23.180        33
23.190        47
23.200        53
23.210        27
23.220        33
23.230        27
23.240        20
23.250        40
23.260        73
23.270        13
23.280        47
23.290        60
23.300        33
23.310        33
23.320        47
23.330        33
23.340        33
23.350        40
23.360        33
23.370        33
23.380        40
23.390        40
23.400        13
23.410        27
23.420        33
23.430        53
23.440        13
23.450        27
23.460        53
23.470        40
23.480        47
23.490        40
23.500        27
23.510        20
23.520        40
23.530        40
23.540        67
23.550        47
23.560        27
23.570        53
23.580        40
23.590        27
23.600        33
23.610        67
23.620        53
23.630        27
23.640        53
23.650        60
23.660        33
23.670        20
23.680        47
23.690        40
23.700        53
23.710        60
23.720        20
23.730        53
23.740        53
23.750        27
23.760        67
23.770        27
23.780        20
23.790        40
23.800        60
23.810        53
23.820        93
23.830        33
23.840        40
23.850        47
23.860        40
23.870        27
23.880        33
23.890        47
23.900        53
23.910        53
23.920        47
23.930        53
23.940        27
23.950        53
23.960        47
23.970        40
23.980        20
23.990        73
24.000       160
24.010        40
24.020        47
24.030        33
24.040        20
24.050        33
24.060        27
24.070        47
24.080        33
24.090        33
24.100        53
24.110        13
24.120        33
24.130        40
24.140         7
24.150        40
24.160        73
24.170        40
24.180        13
24.190        33
24.200        73
24.210        33
24.220        27
24.230        20
24.240        47
24.250        33
24.260        27
24.270         7
24.280        67
24.290        27
24.300        27
24.310        47
24.320        27
24.330        67
24.340        27
24.350        40
24.360        40
24.370        13
24.380        13
24.390        40
24.400        53
24.410        60
24.420        47
24.430        27
24.440        20
24.450        33
24.460        47
24.470        53
24.480        47
24.490        47
24.500        53
24.510        53
24.520        53
24.530        27
24.540        40
24.550        53
24.560        40
24.570        33
24.580        40
24.590        40
24.600        27
24.610        33
24.620         7
24.630        27
24.640        33
24.650        33
24.660        13
24.670        20
24.680        20
24.690        40
24.700        40
24.710        40
24.720        47
24.730        27
24.740        27
24.750        27
24.760        40
24.770        20
24.780        47
24.790        27
24.800        13
24.810        53
24.820        27
24.830        33
24.840        27
24.850        40
24.860        33
24.870        40
24.880        33
24.890        40
24.900        20
24.910        33
24.920        33
24.930        27
24.940        20
24.950         0
24.960        60
24.970        27
24.980        27
24.990        40
25.000        20
25.010        53
25.020        47
25.030        33
25.040        53
25.050        47
25.060        27
25.070        27
25.080        53
25.090        47
25.100        13
25.110        33
25.120        47
25.130        67
25.140         7
25.150        40
25.160        40
25.170        20
25.180        13
25.190        40
25.200        47
25.210         7
25.220        47
25.230        47
25.240        40
25.250        20
25.260        40
25.270        33
25.280        33
25.290        47
25.300        67
25.310        60
25.320        13
25.330        27
25.340        33
25.350        60
25.360        33
25.370        40
25.380        47
25.390        40
25.400        33
25.410        13
25.420        67
25.430        20
25.440        47
25.450        47
25.460        40
25.470        40
25.480        33
25.490        13
25.500        67
25.510        47
25.520        33
25.530        33
25.540        53
25.550        27
25.560        87
25.570        47
25.580        87
25.590        93
25.600        93
25.610        73
25.620        47
25.630        87
25.640        47
25.650        93
25.660        20
25.670        27
25.680        33
25.690        33
25.700        27
25.710        60
25.720        47
25.730         7
25.740        40
25.750        53
25.760        20
25.770        20
25.780        40
25.790        27
25.800        33
25.810        20
25.820        40
25.830        33
25.840        47
25.850        27
25.860        33
25.870        27
25.880        33
25.890        33
25.900        33
25.910        33
25.920        60
25.930        67
25.940        33
25.950        67
25.960        27
25.970        33
25.980        13
25.990        27
26.000        27
26.010        60
26.020        67
26.030        47
26.040        33
26.050        53
26.060        40
26.070        27
26.080        27
26.090        27
26.100        67
26.110        20
26.120        40
26.130        13
26.140        20
26.150        27
26.160        13
26.170        27
26.180        33
26.190        13
26.200        20
26.210        47
26.220        33
26.230        13
26.240        20
26.250         7
26.260        27
26.270         7
26.280        47
26.290        27
26.300        47
26.310        40
26.320        13
26.330        53
26.340        13
26.350        47
26.360        47
26.370        40
26.380        20
26.390        13
26.400        33
26.410        47
26.420        27
26.430        47
26.440        53
26.450        20
26.460        40
26.470        33
26.480        40
26.490        40
26.500        27
26.510        33
26.520        27
26.530        40
26.540        40
26.550        33
26.560        20
26.570        27
26.580        53
26.590        27
26.600        27
26.610        20
26.620        40
26.630        27
26.640         7
26.650        13
26.660        33
26.670        53
26.680        13
26.690        27
26.700        47
26.710        40
26.720        33
26.730        27
26.740         0
26.750        47
26.760        40
26.770        40
26.780        33
26.790        20
26.800        13
26.810        33
26.820        40
26.830        20
26.840         7
26.850        20
26.860        33
26.870        40
26.880        20
26.890        20
26.900        27
26.910        13
26.920        27
26.930        33
26.940        40
26.950        13
26.960        13
26.970        20
26.980        27
26.990         0
27.000        33
27.010        27
27.020        47
27.030        47
27.040        20
27.050        13
27.060        27
27.070        13
27.080        40
27.090         7
27.100        40
27.110        13
27.120        13
27.130        13
27.140        20
27.150        20
27.160        40
27.170        33
27.180        40
27.190        20
27.200        13
27.210        13
27.220        40
27.230        40
27.240        13
27.250        33
27.260        40
27.270         0
27.280        20
27.290        40
27.300        33
27.310         0
27.320        20
27.330        33
27.340        20
27.350        33
27.360        33
27.370        33
27.380         7
27.390        47
27.400        40
27.410        47
27.420         7
27.430        20
27.440        13
27.450        40
27.460        13
27.470        40
27.480        27
27.490        13
27.500        13
27.510        20
27.520        13
27.530        20
27.540         0
27.550        40
27.560        53
27.570        40
27.580        67
27.590        27
27.600        20
27.610        20
27.620        33
27.630        27
27.640        13
27.650        47
27.660        20
27.670        27
27.680        33
27.690        33
27.700        33
27.710        47
27.720        47
27.730        27
27.740        33
27.750        47
27.760        20
27.770        33
27.780        33
27.790        33
27.800        13
27.810        53
27.820        40
27.830        33
27.840        33
27.850        13
27.860         7
27.870        40
27.880        27
27.890        13
27.900        20
27.910        13
27.920        53
27.930        33
27.940        47
27.950        27
27.960         0
27.970        53
27.980         7
27.990        40
28.000        27
28.010        20
28.020        20
28.030        20
28.040        60
28.050        47
28.060        13
28.070        40
28.080        53
28.090        40
28.100        27
28.110        40
28.120        27
28.130        13
28.140         7
28.150        27
28.160        40
28.170        40
28.180         7
28.190        33
28.200        53
28.210        33
28.220        40
28.230        33
28.240        27
28.250        53
28.260        13
28.270        27
28.280        20
28.290        27
28.300        27
28.310        13
28.320        60
28.330        20
28.340        33
28.350        60
28.360        27
28.370        40
28.380        27
28.390        20
28.400         7
28.410        40
28.420        20
28.430         7
28.440        27
28.450        33
28.460        40
28.470        27
28.480         7
28.490         7
28.500        20
28.510        13
28.520        13
28.530        33
28.540        40
28.550        40
28.560        40
28.570        33
28.580        27
28.590        20
28.600        20
28.610        13
28.620        47
28.630        13
28.640        40
28.650        40
28.660        13
28.670        20
28.680        27
28.690        40
28.700        20
28.710         7
28.720        13
28.730        13
28.740        27
28.750        53
28.760        20
28.770        20
28.780        27
28.790        47
28.800        33
28.810        40
28.820        33
28.830        27
28.840        13
28.850         0
28.860        33
28.870        27
28.880        13
28.890        47
28.900        67
28.910        27
28.920        27
28.930        27
28.940        33
28.950        13
28.960        40
28.970        27
28.980        40
28.990        20
29.000        20
29.010        53
29.020        27
29.030        13
29.040        13
29.050        13
29.060        13
29.070        20
29.080        40
29.090        13
29.100        33
29.110        27
29.120        33
29.130        33
29.140        13
29.150        20
29.160        20
29.170        33
29.180        13
29.190        27
29.200        33
29.210        40
29.220        27
29.230        33
29.240        20
29.250        20
29.260        13
29.270         0
29.280         7
29.290        13
29.300        20
29.310        13
29.320        20
29.330        40
29.340        27
29.350        27
29.360        13
29.370        27
29.380        20
29.390        27
29.400        20
29.410        20
29.420        20
29.430        13
29.440        20
29.450        47
29.460        40
29.470        40
29.480        47
29.490        20
29.500        13
29.510        20
29.520        13
29.530        27
29.540        13
29.550        13
29.560        27
29.570         7
29.580        33
29.590        47
29.600        47
29.610        27
29.620        13
29.630        20
29.640        13
29.650         7
29.660        40
29.670         7
29.680        20
29.690         7
29.700        13
29.710        20
29.720        20
29.730        20
29.740        33
29.750        20
29.760         7
29.770         7
29.780         7
29.790        33
29.800        27
29.810        33
29.820        27
29.830        33
29.840        27
29.850        60
29.860        27
29.870        20
29.880        67
29.890        27
29.900         7
29.910        13
29.920        13
29.930        20
29.940        20
29.950        20
29.960        20
29.970        33
29.980        27
29.990        33
30.000        13
30.010        13
30.020        33
30.030        13
30.040        13
30.050        27
30.060        27
30.070        20
30.080        40
30.090        47
30.100        20
30.110         7
30.120        33
30.130         7
30.140        20
30.150        47
30.160        27
30.170        40
30.180        60
30.190        13
30.200        20
30.210        27
30.220         0
30.230        13
30.240        27
30.250        20
30.260         7
30.270        13
30.280        47
30.290         7
30.300         7
30.310        27
30.320        27
30.330        27
30.340        20
30.350        40
30.360        13
30.370        20
30.380         7
30.390        33
30.400        53
30.410         7
30.420        27
30.430        27
30.440         7
30.450        33
30.460        20
30.470        13
30.480        33
30.490         7
30.500         7
30.510         0
30.520        33
30.530        47
30.540        27
30.550        20
30.560        20
30.570        27
30.580        20
30.590        20
30.600        20
30.610        13
30.620        13
30.630         7
30.640        47
30.650         7
30.660        33
30.670        27
30.680         7
30.690         7
30.700        27
30.710         0
30.720        60
30.730        27
30.740        13
30.750         7
30.760        47
30.770        20
30.780        27
30.790        20
30.800        40
30.810         0
30.820        40
30.830        27
30.840        20
30.850        27
30.860        27
30.870        20
30.880         7
30.890        27
30.900        13
30.910        27
30.920        40
30.930        27
30.940        20
30.950        47
30.960        40
30.970        20
30.980        33
30.990        27
31.000        33
31.010        27
31.020        33
31.030        33
31.040        47
31.050        13
31.060        33
31.070         7
31.080        47
31.090        27
31.100        33
31.110        40
31.120        33
31.130        47
31.140        27
31.150        33
31.160        27
31.170        40
31.180         7
31.190        33
31.200        13
31.210        27
31.220        27
31.230        20
31.240         7
31.250        27
31.260         7
31.270         7
31.280        33
31.290        20
31.300        40
31.310        53
31.320        20
31.330        47
31.340        27
31.350        33
31.360        27
31.370        33
31.380        47
31.390        33
31.400        47
31.410        47
31.420        27
31.430        33
31.440        60
31.450        13
31.460        73
31.470        33
31.480        40
31.490        53
31.500        33
31.510        53
31.520        27
31.530        33
31.540         7
31.550        40
31.560        27
31.570        27
31.580        27
31.590        13
31.600        60
31.610        47
31.620        33
31.630        40
31.640        33
31.650        53
31.660        33
31.670        73
31.680        13
31.690        33
31.700        80
31.710        73
31.720        67
31.730        60
31.740       100
31.750        53
31.760       107
31.770       100
31.780        87
31.790        93
31.800       133
31.810       167
31.820       153
31.830       127
31.840       127
31.850       153
31.860       207
31.870       133
31.880       113
31.890       260
31.900       213
31.910       227
31.920       247
31.930       260
31.940       200
31.950       333
31.960       273
31.970       240
31.980       247
31.990       313
32.000       193
32.010       227
32.020       227
32.030       247
32.040       240
32.050       240
32.060       173
32.070       173
32.080       173
32.090       167
32.100        93
32.110       100
32.120        93
32.130        67
32.140       133
32.150        53
32.160        93
32.170       113
32.180       107
32.190       100
32.200        73
32.210        87
32.220        47
32.230        67
32.240        13
32.250        33
32.260        53
32.270        73
32.280        67
32.290        40
32.300        60
32.310        20
32.320        40
32.330        20
32.340        40
32.350        40
32.360        33
32.370        40
32.380        27
32.390        33
32.400        47
32.410        47
32.420        33
32.430        53
32.440        33
32.450        33
32.460        53
32.470        33
32.480         7
32.490        40
32.500        13
32.510        27
32.520        27
32.530        40
32.540        47
32.550        27
32.560        20
32.570        27
32.580         7
32.590        27
32.600        47
32.610        20
32.620        47
32.630        40
32.640        20
32.650        40
32.660        27
32.670        80
32.680        20
32.690        13
32.700        27
32.710        27
32.720        40
32.730        47
32.740         7
32.750        33
32.760        20
32.770        20
32.780        13
32.790         7
32.800         7
32.810        13
32.820        33
32.830        20
32.840        33
32.850        33
32.860        20
32.870        27
32.880        13
32.890        20
32.900        20
32.910        40
32.920        13
32.930        13
32.940        40
32.950        27
32.960        27
32.970        27
32.980         7
32.990        27
33.000        27
33.010         0
33.020        20
33.030        20
33.040        13
33.050        33
33.060        20
33.070        20
33.080        53
33.090        13
33.100        13
33.110         7
33.120        47
33.130        27
33.140        53
33.150        40
33.160         7
33.170        33
33.180        20
33.190        40
33.200        73
33.210        13
33.220        47
33.230         7
33.240        13
33.250         7
33.260        13
33.270        27
33.280        27
33.290        47
33.300        40
33.310        27
33.320        33
33.330         7
33.340        40
33.350        47
33.360        40
33.370        27
33.380        13
33.390        20
33.400        20
33.410        13
33.420        60
33.430        13
33.440        13
33.450        20
33.460         7
33.470        27
33.480        27
33.490        53
33.500         7
33.510        40
33.520        13
33.530        20
33.540        27
33.550        33
33.560        33
33.570        13
33.580        13
33.590         7
33.600         7
33.610        47
33.620        67
33.630        13
33.640        13
33.650        20
33.660        33
33.670        13
33.680        33
33.690        13
33.700        33
33.710        20
33.720        20
33.730         7
33.740        13
33.750         0
33.760         7
33.770         0
33.780        20
33.790        40
33.800        27
33.810        60
33.820        27
33.830        27
33.840        20
33.850        53
33.860        33
33.870        40
33.880        27
33.890        20
33.900        20
33.910        20
33.920        33
33.930        20
33.940        20
33.950        13
33.960        13
33.970         7
33.980        20
33.990        13
34.000        53
34.010        13
34.020        40
34.030        20
34.040        27
34.050        13
34.060         7
34.070        20
34.080        47
34.090        13
34.100        67
34.110        13
34.120        27
34.130        27
34.140        27
34.150        20
34.160         7
34.170        33
34.180        20
34.190        13
34.200        33
34.210        13
34.220        33
34.230        27
34.240         7
34.250         7
34.260        20
34.270        27
34.280        40
34.290        27
34.300        13
34.310        40
34.320         7
34.330         7
34.340        33
34.350        33
34.360        53
34.370        27
34.380        20
34.390         0
34.400        40
34.410        40
34.420        20
34.430        40
34.440        20
34.450        27
34.460        33
34.470        40
34.480        20
34.490        47
34.500        27
34.510        20
34.520         7
34.530        20
34.540        13
34.550        13
34.560         7
34.570        33
34.580        40
34.590        27
34.600        33
34.610        27
34.620        27
34.630         0
34.640        33
34.650         7
34.660        33
34.670         7
34.680        13
34.690        13
34.700        53
34.710        13
34.720        20
34.730        27
34.740        27
34.750        13
34.760         7
34.770        33
34.780        27
34.790        13
34.800        27
34.810        33
34.820         7
34.830        27
34.840        40
34.850        33
34.860        33
34.870        20
34.880        40
34.890        33
34.900        40
34.910        27
34.920        53
34.930        47
34.940        47
34.950        20
34.960        33
34.970        33
34.980        40
34.990        27
35.000        40
35.010        47
35.020        60
35.030        80
35.040        80
35.050        40
35.060       127
35.070        80
35.080       120
35.090       153
35.100       153
35.110       153
35.120       247
35.130       207
35.140       360
35.150       426
35.160       360
35.170       400
35.180       393
35.190       393
35.200       320
35.210       253
35.220       280
35.230       233
35.240       160
35.250       193
35.260       280
35.270       180
35.280       213
35.290       193
35.300       140
35.310       113
35.320        80
35.330        47
35.340        47
35.350        53
35.360        40
35.370        47
35.380        27
35.390        20
35.400        13
35.410        47
35.420        20
35.430        27
35.440        20
35.450        33
35.460        33
35.470        27
35.480        13
35.490        47
35.500        60
35.510        27
35.520        13
35.530        20
35.540        20
35.550        13
35.560        40
35.570         7
35.580        33
35.590        33
35.600        13
35.610        13
35.620         7
35.630        27
35.640        27
35.650        47
35.660        13
35.670        40
35.680        40
35.690        27
35.700        20
35.710        13
35.720        33
35.730         7
35.740        33
35.750         7
35.760         7
35.770        20
35.780        27
35.790        13
35.800        13
35.810        20
35.820        27
35.830        33
35.840        13
35.850        33
35.860        27
35.870        20
35.880        27
35.890        33
35.900        47
35.910        13
35.920         7
35.930        13
35.940        20
35.950        13
35.960        13
35.970        20
35.980        20
35.990         7
36.000        60
36.010        27
36.020        27
36.030        13
36.040         7
36.050        20
36.060        60
36.070        33
36.080        40
36.090        47
36.100        47
36.110        13
36.120        33
36.130        13
36.140        27
36.150        33
36.160        20
36.170        40
36.180        20
36.190        27
36.200        27
36.210        27
36.220        40
36.230        13
36.240        40
36.250         7
36.260        53
36.270        20
36.280        13
36.290        13
36.300        53
36.310         0
36.320        27
36.330         7
36.340        13
36.350        27
36.360        20
36.370        13
36.380        40
36.390        27
36.400        13
36.410        27
36.420        20
36.430        40
36.440        27
36.450         0
36.460        20
36.470        33
36.480        27
36.490        33
36.500        27
36.510        27
36.520        13
36.530        20
36.540        13
36.550        20
36.560         7
36.570        33
36.580        27
36.590        20
36.600        27
36.610         7
36.620        20
36.630        33
36.640        33
36.650        13
36.660         7
36.670        13
36.680        27
36.690        47
36.700        20
36.710        13
36.720        20
36.730        27
36.740        13
36.750        33
36.760         7
36.770        13
36.780        20
36.790        20
36.800        33
36.810        27
36.820        27
36.830        13
36.840        13
36.850        47
36.860        47
36.870        27
36.880        27
36.890        13
36.900        13
36.910        27
36.920        27
36.930        20
36.940        47
36.950        20
36.960        53
36.970        40
36.980        33
36.990        13
37.000        20
37.010        13
37.020        33
37.030        20
37.040        20
37.050        13
37.060        40
37.070        33
37.080        33
37.090        13
37.100        27
37.110        13
37.120        13
37.130        27
37.140         7
37.150        20
37.160         7
37.170        33
37.180        13
37.190        27
37.200        47
37.210        40
37.220        33
37.230        27
37.240        27
37.250        27
37.260        33
37.270        20
37.280        27
37.290        13
37.300        27
37.310        27
37.320        20
37.330         7
37.340        27
37.350        13
37.360        33
37.370        13
37.380        13
37.390        27
37.400        33
37.410        13
37.420        13
37.430        20
37.440        13
37.450        20
37.460        33
37.470        13
37.480        33
37.490        33
37.500         7
37.510        33
37.520        27
37.530         7
37.540        27
37.550        27
37.560        27
37.570        33
37.580        27
37.590        20
37.600        33
37.610        47
37.620        53
37.630        20
37.640        27
37.650        13
37.660        33
37.670        13
37.680        13
37.690        20
37.700         7
37.710        33
37.720        20
37.730        40
37.740        40
37.750        33
37.760        33
37.770        73
37.780        47
37.790        20
37.800        53
37.810        27
37.820        47
37.830        27
37.840        13
37.850        53
37.860        20
37.870        27
37.880        20
37.890        47
37.900        40
37.910        13
37.920        47
37.930        33
37.940        27
37.950        47
37.960        13
37.970        20
37.980         7
37.990         7
38.000         7
38.010        33
38.020         7
38.030        13
38.040         7
38.050        20
38.060        27
38.070        20
38.080        27
38.090        27
38.100        13
38.110        20
38.120        20
38.130        20
38.140        47
38.150        27
38.160         7
38.170        27
38.180        20
38.190         7
38.200        20
38.210        27
38.220        47
38.230        13
38.240        27
38.250        20
38.260        20
38.270        27
38.280        27
38.290        47
38.300        47
38.310        33
38.320        33
38.330        27
38.340        27
38.350        27
38.360        33
38.370        13
38.380        20
38.390        33
38.400        13
38.410        33
38.420        13
38.430        27
38.440        27
38.450        13
38.460        13
38.470         7
38.480        13
38.490        47
38.500        13
38.510        20
38.520        13
38.530        33
38.540        27
38.550        33
38.560         7
38.570        13
38.580        33
38.590         0
38.600        20
38.610        33
38.620        20
38.630        20
38.640        33
38.650        20
38.660        53
38.670        20
38.680         7
38.690        20
38.700        27
38.710        13
38.720        27
38.730        27
38.740         7
38.750         0
38.760         7
38.770        20
38.780        20
38.790         0
38.800        20
38.810        27
38.820         0
38.830        47
38.840        20
38.850        27
38.860        53
38.870        40
38.880        27
38.890        20
38.900        33
38.910         7
38.920        27
38.930         7
38.940        27
38.950        13
38.960        20
38.970        47
38.980        27
38.990        20
39.000         7
39.010        47
39.020        47
39.030        13
39.040        33
39.050         7
39.060        13
39.070        27
39.080        27
39.090        27
39.100        20
39.110         7
39.120        53
39.130        40
39.140        20
39.150        20
39.160        20
39.170        33
39.180        53
39.190        47
39.200        20
39.210        60
39.220        33
39.230        13
39.240        47
39.250        27
39.260        13
39.270        33
39.280        27
39.290        20
39.300        27
39.310        60
39.320        40
39.330        33
39.340        27
39.350        27
39.360        27
39.370        47
39.380        53
39.390        67
39.400        60
39.410        53
39.420        67
39.430        53
39.440        47
39.450        67
39.460        40
39.470        73
39.480        87
39.490        67
39.500        67
39.510        60
39.520        93
39.530        60
39.540        73
39.550       120
39.560        67
39.570        53
39.580        80
39.590        73
39.600        93
39.610        67
39.620        80
39.630        53
39.640        60
39.650        73
39.660        33
39.670        47
39.680       107
39.690        27
39.700        20
39.710        27
39.720        47
39.730        27
39.740        27
39.750        73
39.760        40
39.770        27
39.780         7
39.790        27
39.800        13
39.810        53
39.820        13
39.830        13
39.840        27
39.850         0
39.860        20
39.870        27
39.880        53
39.890        13
39.900        27
39.910        27
39.920        27
39.930        13
39.940        33
39.950        20
39.960        20
39.970        13
39.980        27
39.990        33
40.000        20
40.010        27
40.020        13
40.030         7
40.040        33
40.050        20
40.060         0
40.070        13
40.080         7
40.090        20
40.100         0
40.110        20
40.120        20
40.130         0
40.140        53
40.150         0
40.160        27
40.170         7
40.180        27
40.190         7
40.200        40
40.210        27
40.220        13
40.230        20
40.240        60
40.250        53
40.260         7
40.270        20
40.280        20
40.290        27
40.300        47
40.310        13
40.320         7
40.330        20
40.340        33
40.350         0
40.360        20
40.370        20
40.380        27
40.390        33
40.400         7
40.410        40
40.420        33
40.430        27
40.440        20
40.450        47
40.460         7
40.470        40
40.480        27
40.490        13
40.500         0
40.510        20
40.520        20
40.530        33
40.540         7
40.550        13
40.560        13
40.570        33
40.580         0
40.590        40
40.600         7
40.610        27
40.620         7
40.630        20
40.640        27
40.650        40
40.660        27
40.670        20
40.680        20
40.690        13
40.700         7
40.710        33
40.720         7
40.730         7
40.740        13
40.750        20
40.760         7
40.770        27
40.780        33
40.790        13
40.800        20
40.810        20
40.820        20
40.830        20
40.840        27
40.850        13
40.860         7
40.870         7
40.880        33
40.890         7
40.900        20
40.910        13
40.920        20
40.930        13
40.940        20
40.950        13
40.960        27
40.970        20
40.980         7
40.990        33
41.000        13
41.010        13
41.020        60
41.030        20
41.040        27
41.050        27
41.060        13
41.070        20
41.080        33
41.090        47
41.100        20
41.110        13
41.120        47
41.130        13
41.140         7
41.150        20
41.160        20
41.170        13
41.180        33
41.190        13
41.200        20
41.210        13
41.220        20
41.230        27
41.240        27
41.250        13
41.260        40
41.270        20
41.280         0
41.290        20
41.300        13
41.310        13
41.320        27
41.330        40
41.340        13
41.350        20
41.360        27
41.370        27
41.380         7
41.390         7
41.400        20
41.410        40
41.420         7
41.430         0
41.440        20
41.450        20
41.460        47
41.470        13
41.480        27
41.490        47
41.500        47
41.510        13
41.520        20
41.530        53
41.540        27
41.550        33
41.560        27
41.570        20
41.580        27
41.590        40
41.600        53
41.610        13
41.620        67
41.630        67
41.640        47
41.650       120
41.660       100
41.670        87
41.680       107
41.690       147
41.700       140
41.710        93
41.720        87
41.730        87
41.740       100
41.750        40
41.760        93
41.770        67
41.780        60
41.790        73
41.800        93
41.810        73
41.820        93
41.830        93
41.840        80
41.850        33
41.860        40
41.870        40
41.880        20
41.890        40
41.900        27
41.910        47
41.920        20
41.930         7
41.940        20
41.950        20
41.960        40
41.970        20
41.980         7
41.990        33
42.000        13
42.010        20
42.020        20
42.030        20
42.040        20
42.050         7
42.060        20
42.070        20
42.080        27
42.090        13
42.100         7
42.110        33
42.120        40
42.130        27
42.140        33
42.150        40
42.160         0
42.170        13
42.180        40
42.190        20
42.200         7
42.210        27
42.220         7
42.230        20
42.240         7
42.250         7
42.260        20
42.270        27
42.280        13
42.290        47
42.300        40
42.310         0
42.320        27
42.330        27
42.340        20
42.350         0
42.360        20
42.370        13
42.380        20
42.390        20
42.400        33
42.410         7
42.420        13
42.430        20
42.440        53
42.450        27
42.460         0
42.470        33
42.480        13
42.490        53
42.500         7
42.510        47
42.520         7
42.530        13
42.540         7
42.550        27
42.560        13
42.570         7
42.580        20
42.590        13
42.600        13
42.610        33
42.620        53
42.630        33
42.640        27
42.650        40
42.660        33
42.670        40
42.680        53
42.690        13
42.700        20
42.710        33
42.720        13
42.730         7
42.740        33
42.750         0
42.760        13
42.770        53
42.780        20
42.790        27
42.800        20
42.810        20
42.820        13
42.830        20
42.840        40
42.850        27
42.860        20
42.870        20
42.880         7
42.890        53
42.900        13
42.910        13
42.920        33
42.930         7
42.940        20
42.950        13
42.960         7
42.970        20
42.980        20
42.990        33
43.000        20
43.010        13
43.020        20
43.030        53
43.040        20
43.050        33
43.060        27
43.070        27
43.080        27
43.090        20
43.100        27
43.110        40
43.120        47
43.130        33
43.140        20
43.150        33
43.160        47
43.170        20
43.180        53
43.190        40
43.200        40
43.210        13
43.220        13
43.230        60
43.240        20
43.250        33
43.260        47
43.270        87
43.280        47
43.290       100
43.300       120
43.310       147
43.320       220
43.330       253
43.340       293
43.350       293
43.360       327
43.370       400
43.380       400
43.390       293
43.400       273
43.410       253
43.420       233
43.430       227
43.440        93
43.450       213
43.460       233
43.470       187
43.480       140
43.490       127
43.500       160
43.510       133
43.520       133
43.530        87
43.540        80
43.550        87
43.560        33
43.570        27
43.580        27
43.590        27
43.600        27
43.610        40
43.620        40
43.630        40
43.640        13
43.650        27
43.660        13
43.670        13
43.680        27
43.690        27
43.700        33
43.710        13
43.720        27
43.730        33
43.740        20
43.750        40
43.760        33
43.770         0
43.780        27
43.790        53
43.800        20
43.810        27
43.820         7
43.830        40
43.840        27
43.850        20
43.860         7
43.870        13
43.880         7
43.890        13
43.900         7
43.910        20
43.920         7
43.930        33
43.940        20
43.950        13
43.960        13
43.970        47
43.980        40
43.990        13
44.000        27
44.010        33
44.020        40
44.030        33
44.040        27
44.050         7
44.060        13
44.070        33
44.080        20
44.090        27
44.100        20
44.110        27
44.120        20
44.130        13
44.140        13
44.150         7
44.160        27
44.170        13
44.180        27
44.190        13
44.200         7
44.210        40
44.220        33
44.230         7
44.240        27
44.250         7
44.260        27
44.270        20
44.280         7
44.290        33
44.300        27
44.310        53
44.320        27
44.330        60
44.340        33
44.350        27
44.360        13
44.370        33
44.380        40
44.390        33
44.400        47
44.410        47
44.420        27
44.430        20
44.440        33
44.450        27
44.460        47
44.470        27
44.480        20
44.490         0
44.500        33
44.510        27
44.520        33
44.530        13
44.540        67
44.550        20
44.560        13
44.570         7
44.580        47
44.590        53
44.600        33
44.610        20
44.620        33
44.630        33
44.640        13
44.650        13
44.660        27
44.670        27
44.680        27
44.690        47
44.700        20
44.710        20
44.720        13
44.730        20
44.740        33
44.750        40
44.760        20
44.770        40
44.780        13
44.790        20
44.800        40
44.810         7
44.820        53
44.830        27
44.840        27
44.850        27
44.860        27
44.870        60
44.880        33
44.890        20
44.900        27
44.910        33
44.920         7
44.930        47
44.940        60
44.950        27
44.960        33
44.970        40
44.980        53
44.990        47
45.000        27
45.010        20
45.020        20
45.030        33
45.040        33
45.050        53
45.060        27
45.070        40
45.080        27
45.090        33
45.100        53
45.110        53
45.120        40
45.130        80
45.140        27
45.150        27
45.160        40
45.170        27
45.180        47
45.190        40
45.200        33
45.210        60
45.220        33
45.230        27
45.240        13
45.250        20
45.260        73
45.270        20
45.280        47
45.290        40
45.300        67
45.310        40
45.320        40
45.330        47
45.340        87
45.350        27
45.360        60
45.370        33
45.380        60
45.390        33
45.400        53
45.410       120
45.420        67
45.430        60
45.440        47
45.450        60
45.460        53
45.470       100
45.480        87
45.490       160
45.500       133
45.510        67
45.520        87
45.530        80
45.540       140
45.550       153
45.560       140
45.570       153
45.580       127
45.590       140
45.600       107
45.610       167
45.620       180
45.630       227
45.640       213
45.650       267
45.660       260
45.670       200
45.680       220
45.690       340
45.700       313
45.710       327
45.720       293
45.730       360
45.740       360
45.750       367
45.760       367
45.770       353
45.780       387
45.790       400
45.800       413
45.810       407
45.820       453
45.830       400
45.840       513
45.850       453
45.860       560
45.870       553
45.880       560
45.890       486
45.900       433
45.910       533
45.920       520
45.930       433
45.940       486
45.950       426
45.960       387
45.970       433
45.980       420
45.990       420
46.000       380
46.010       313
46.020       340
46.030       287
46.040       233
46.050       280
46.060       287
46.070       267
46.080       180
46.090       187
46.100       193
46.110       107
46.120       133
46.130       160
46.140       113
46.150       113
46.160       147
46.170        47
46.180        73
46.190       153
46.200        67
46.210        87
46.220        73
46.230        87
46.240        73
46.250        73
46.260        53
46.270        73
46.280        60
46.290        53
46.300        27
46.310        47
46.320        67
46.330        47
46.340        53
46.350        33
46.360        40
46.370        53
46.380        67
46.390        60
46.400        73
46.410        13
46.420        53
46.430        20
46.440        27
46.450        53
46.460        27
46.470        47
46.480        27
46.490        33
46.500        33
46.510        27
46.520        27
46.530        53
46.540        47
46.550        33
46.560        47
46.570        33
46.580        33
46.590        33
46.600        20
46.610        27
46.620        27
46.630        27
46.640        20
46.650        27
46.660        27
46.670        27
46.680        40
46.690        27
46.700        20
46.710        27
46.720        20
46.730        33
46.740        20
46.750        47
46.760        33
46.770        13
46.780        27
46.790        27
46.800        27
46.810        40
46.820        27
46.830        27
46.840        27
46.850        27
46.860        27
46.870        27
46.880        33
46.890        40
46.900        33
46.910        20
46.920        20
46.930        40
46.940        20
46.950        20
46.960        20
46.970        47
46.980        13
46.990        13
47.000        27
47.010        27
47.020        40
47.030        20
47.040        20
47.050        20
47.060         7
47.070         7
47.080         7
47.090        20
47.100        13
47.110        27
47.120        33
47.130        33
47.140        33
47.150         7
47.160        20
47.170        33
47.180        13
47.190        13
47.200         7
47.210        20
47.220        40
47.230        27
47.240        33
47.250        13
47.260        20
47.270        13
47.280        20
47.290        20
47.300        13
47.310        27
47.320        20
47.330        20
47.340        20
47.350         7
47.360        33
47.370         0
47.380        20
47.390        27
47.400        13
47.410        20
47.420        13
47.430        47
47.440        40
47.450        20
47.460        20
47.470        20
47.480        60
47.490        13
47.500         7
47.510         7
47.520        20
47.530        27
47.540        27
47.550        13
47.560        20
47.570        13
47.580        13
47.590        20
47.600        33
47.610        20
47.620        33
47.630        13
47.640        27
47.650        13
47.660        40
47.670        20
47.680        27
47.690        27
47.700         0
47.710         7
47.720        13
47.730        13
47.740        20
47.750        33
47.760        27
47.770        47
47.780        27
47.790        13
47.800        27
47.810        20
47.820        20
47.830         7
47.840        13
47.850         7
47.860         0
47.870        13
47.880        20
47.890         7
47.900        20
47.910         0
47.920        13
47.930         7
47.940        33
47.950         0
47.960        33
47.970        40
47.980        20
47.990         0
48.000         7
48.010        13
48.020        20
48.030        27
48.040        47
48.050        27
48.060        40
48.070        13
48.080        20
48.090        13
48.100        20
48.110         7
48.120        33
48.130        13
48.140        33
48.150        20
48.160        20
48.170         7
48.180        13
48.190        27
48.200        20
48.210        13
48.220        13
48.230        13
48.240         0
48.250         0
48.260        40
48.270        33
48.280        20
48.290         7
48.300         7
48.310        40
48.320        13
48.330        47
48.340         7
48.350        20
48.360        13
48.370        20
48.380        13
48.390         0
48.400        20
48.410        13
48.420        27
48.430        13
48.440         7
48.450        20
48.460        27
48.470         7
48.480        13
48.490        27
48.500        27
48.510         0
48.520        13
48.530        13
48.540         7
48.550        40
48.560        13
48.570        27
48.580        20
48.590        13
48.600        13
48.610         0
48.620        13
48.630         7
48.640        20
48.650        20
48.660        27
48.670        13
48.680        13
48.690        13
48.700        20
48.710         7
48.720         7
48.730        20
48.740        27
48.750        20
48.760        27
48.770        13
48.780         0
48.790        40
48.800        20
48.810         0
48.820         7
48.830        20
48.840        13
48.850        13
48.860        40
48.870        13
48.880        27
48.890        33
48.900        13
48.910        20
48.920        40
48.930        33
48.940        27
48.950        20
48.960        27
48.970        13
48.980        20
48.990         7
49.000        20
49.010        20
49.020        33
49.030         7
49.040        27
49.050        20
49.060        20
49.070         7
49.080        33
49.090        20
49.100        20
49.110        20
49.120        13
49.130         7
49.140         7
49.150        20
49.160        20
49.170        13
49.180        27
49.190        47
49.200        13
49.210        13
49.220        33
49.230        13
49.240        40
49.250        27
49.260         7
49.270         0
49.280        40
49.290        13
49.300        13
49.310        13
49.320        33
49.330        20
49.340        20
49.350        27
49.360         7
49.370        27
49.380        13
49.390         0
49.400        27
49.410        27
49.420         0
49.430        20
49.440        20
49.450         7
49.460        13
49.470        27
49.480        20
49.490        13
49.500        27
49.510        13
49.520        13
49.530        20
49.540        13
49.550        13
49.560        20
49.570        20
49.580        27
49.590        20
49.600         7
49.610        13
49.620        20
49.630         0
49.640        13
49.650        20
49.660        13
49.670        13
49.680        13
49.690        27
49.700        27
49.710        13
49.720        20
49.730        13
49.740         7
49.750         0
49.760        13
49.770         7
49.780        27
49.790        20
49.800        40
49.810        33
49.820         7
49.830        33
49.840        13
49.850        13
49.860         7
49.870        13
49.880        20
49.890        13
49.900        13
49.910        27
49.920        13
49.930        40
49.940         7
49.950        13
49.960         0
49.970         7
49.980        27
49.990        13
50.000         7
50.010        40
50.020        13
50.030        20
50.040         7
50.050         0
50.060        13
50.070        33
50.080         7
50.090        13
50.100        20
50.110        13
50.120        13
50.130        13
50.140        20
50.150        20
50.160        13
50.170         7
50.180        20
50.190         7
50.200        27
50.210        20
50.220        20
50.230        13
50.240        13
50.250        13
50.260         7
50.270        27
50.280         7
50.290         7
50.300        13
50.310        27
50.320        20
50.330        20
50.340        33
50.350         7
50.360        27
50.370         7
50.380         7
50.390        13
50.400        33
50.410        13
50.420         0
50.430        27
50.440        20
50.450        27
50.460        13
50.470         7
50.480        20
50.490        27
50.500        13
50.510         7
50.520        13
50.530        27
50.540        13
50.550        13
50.560        13
50.570         7
50.580         7
50.590        20
50.600        40
50.610         0
50.620         0
50.630        27
50.640         7
50.650        27
50.660         0
50.670        27
50.680        33
50.690        13
50.700        13
50.710         0
50.720        33
50.730         7
50.740         7
50.750         0
50.760         7
50.770        20
50.780        13
50.790        27
50.800        20
50.810        27
50.820        27
50.830        20
50.840         7
50.850        13
50.860         7
50.870        27
50.880        40
50.890        33
50.900        13
50.910        13
50.920        20
50.930         7
50.940        33
50.950         7
50.960        20
50.970        13
50.980        20
50.990        40
51.000         0
51.010        20
51.020        33
51.030        27
51.040        33
51.050        40
51.060         7
51.070        27
51.080        20
51.090        40
51.100        13
51.110        20
51.120        13
51.130        13
51.140        13
51.150        40
51.160         7
51.170         7
51.180        13
51.190         0
51.200         0
51.210        13
51.220         7
51.230        27
51.240        33
51.250        20
51.260         0
51.270         7
51.280        27
51.290        13
51.300        20
51.310        13
51.320        13
51.330        20
51.340        20
51.350        13
51.360        13
51.370        13
51.380        20
51.390        20
51.400        13
51.410        27
51.420         7
51.430        13
51.440        20
51.450        13
51.460        27
51.470        13
51.480         7
51.490         7
51.500        13
51.510        33
51.520        40
51.530         7
51.540        13
51.550        40
51.560        13
51.570        27
51.580        27
51.590        20
51.600        27
51.610         7
51.620        13
51.630         7
51.640        13
51.650        33
51.660         0
51.670        27
51.680        20
51.690        20
51.700        20
51.710        47
51.720         0
51.730        20
51.740        27
51.750        27
51.760        13
51.770        40
51.780         7
51.790        20
51.800        13
51.810        27
51.820        13
51.830        13
51.840        27
51.850         7
51.860         7
51.870         0
51.880         7
51.890        27
51.900        13
51.910        27
51.920        13
51.930        13
51.940        20
51.950        27
51.960        13
51.970         0
51.980        40
51.990        13
52.000        40
52.010        20
52.020        27
52.030         0
52.040        33
52.050        27
52.060        27
52.070         7
52.080         7
52.090        20
52.100        13
52.110        13
52.120        27
52.130        33
52.140         7
52.150        20
52.160        20
52.170        20
52.180        27
52.190        20
52.200         0
52.210         7
52.220         7
52.230         7
52.240        20
52.250        13
52.260         7
52.270         0
52.280         7
52.290         0
52.300        13
52.310        13
52.320        33
52.330        33
52.340        27
52.350         7
52.360        20
52.370         7
52.380        13
52.390        20
52.400         7
52.410        13
52.420        33
52.430         7
52.440        27
52.450        27
52.460        20
52.470        27
52.480        67
52.490        60
52.500        27
52.510        53
52.520        67
52.530        33
52.540        67
52.550        87
52.560        93
52.570       160
52.580       147
52.590       133
52.600       160
52.610       100
52.620        87
52.630        67
52.640        73
52.650        33
52.660        87
52.670        20
52.680        60
52.690        87
52.700        47
52.710        60
52.720        27
52.730        80
52.740        33
52.750        60
52.760        33
52.770        27
52.780        20
52.790         0
52.800        13
52.810         7
52.820        27
52.830        20
52.840        40
52.850         7
52.860        27
52.870         7
52.880        40
52.890        20
52.900         7
52.910         0
52.920        33
52.930        13
52.940         0
52.950         7
52.960         7
52.970         7
52.980        20
52.990        20
53.000         0
53.010        20
53.020        13
53.030        33
53.040        13
53.050        20
53.060        13
53.070         7
53.080         7
53.090         0
53.100         7
53.110        20
53.120        20
53.130        20
53.140        27
53.150        27
53.160        13
53.170        27
53.180        27
53.190        20
53.200         7
53.210         7
53.220        20
53.230        20
53.240         7
53.250        33
53.260        13
53.270         7
53.280         7
53.290         0
53.300         7
53.310         0
53.320        13
53.330        27
53.340        13
53.350        27
53.360         7
53.370         7
53.380         7
53.390        13
53.400         7
53.410         0
53.420        40
53.430         7
53.440        20
53.450        20
53.460         0
53.470        27
53.480        13
53.490        20
53.500        13
53.510        20
53.520        13
53.530        27
53.540        20
53.550        27
53.560        13
53.570         7
53.580        13
53.590         7
53.600        27
53.610        27
53.620         7
53.630        20
53.640        20
53.650        13
53.660         7
53.670         7
53.680        33
53.690        13
53.700         0
53.710        13
53.720         7
53.730        27
53.740         7
53.750        20
53.760        13
53.770        20
53.780        33
53.790        20
53.800        20
53.810        20
53.820        20
53.830        13
53.840         7
53.850        13
53.860         7
53.870        13
53.880        20
53.890         7
53.900        13
53.910        20
53.920         0
53.930        13
53.940         0
53.950         7
53.960        13
53.970        13
53.980         7
53.990        27
54.000        27
54.010        13
54.020        27
54.030        13
54.040        13
54.050         0
54.060         7
54.070         0
54.080        27
54.090         0
54.100        20
54.110         7
54.120         7
54.130        20
54.140        13
54.150         7
54.160         7
54.170        33
54.180         0
54.190         0
54.200        27
54.210        13
54.220        13
54.230        13
54.240        20
54.250         7
54.260        27
54.270        13
54.280         0
54.290         7
54.300        13
54.310        13
54.320        13
54.330         0
54.340         7
54.350        20
54.360        13
54.370        20
54.380         7
54.390         0
54.400         0
54.410        13
54.420        53
54.430        33
54.440        13
54.450        40
54.460        20
54.470         7
54.480        13
54.490        40
54.500        27
54.510         0
54.520        20
54.530        13
54.540         7
54.550        13
54.560        13
54.570        20
54.580        20
54.590         0
54.600        20
54.610        13
54.620        13
54.630         0
54.640         0
54.650         7
54.660        13
54.670        13
54.680        13
54.690        40
54.700        20
54.710        27
54.720         7
54.730        20
54.740        20
54.750        13
54.760         0
54.770        33
54.780        40
54.790        20
54.800         7
54.810        27
54.820        27
54.830        27
54.840         7
54.850        13
54.860        20
54.870        20
54.880         7
54.890        20
54.900        40
54.910        13
54.920        27
54.930         7
54.940        13
54.950         0
54.960        33
54.970        20
54.980         7
54.990         7
55.000         0
55.010        13
55.020        13
55.030        27
55.040        27
55.050         0
55.060        13
55.070        20
55.080         7
55.090         7
55.100        20
55.110         7
55.120        33
55.130        33
55.140         7
55.150        20
55.160         0
55.170        27
55.180        13
55.190         7
55.200        13
55.210        13
55.220        27
55.230         7
55.240        20
55.250         0
55.260        47
55.270        27
55.280        13
55.290        20
55.300        20
55.310        20
55.320        20
55.330        27
55.340        13
55.350         0
55.360        13
55.370        40
55.380        13
55.390        20
55.400        13
55.410        20
55.420         0
55.430         7
55.440        20
55.450        13
55.460        13
55.470         7
55.480        13
55.490         0
55.500         0
55.510        27
55.520        13
55.530        13
55.540        20
55.550         0
55.560        40
55.570         7
55.580        20
55.590        33
55.600        33
55.610        27
55.620        13
55.630         7
55.640         0
55.650        13
55.660        13
55.670         0
55.680        27
55.690        13
55.700        20
55.710         7
55.720        20
55.730         7
55.740         7
55.750        27
55.760         0
55.770        13
55.780        20
55.790        27
55.800         7
55.810         7
55.820        13
55.830        20
55.840        20
55.850        13
55.860        33
55.870        13
55.880        20
55.890         7
55.900        27
55.910        13
55.920        20
55.930        20
55.940         0
55.950         7
55.960        27
55.970        13
55.980        13
55.990         7
56.000        13
56.010        27
56.020         7
56.030         7
56.040        20
56.050        20
56.060        20
56.070        13
56.080         7
56.090        20
56.100         0
56.110        20
56.120        20
56.130        20
56.140        13
56.150        13
56.160        13
56.170         0
56.180        13
56.190        13
56.200        27
56.210         7
56.220        20
56.230        33
56.240         7
56.250         7
56.260         0
56.270        13
56.280        20
56.290         7
56.300        33
56.310        20
56.320        33
56.330         7
56.340        13
56.350         0
56.360         0
56.370        13
56.380        13
56.390        20
56.400        13
56.410        20
56.420         0
56.430         7
56.440        13
56.450         7
56.460        13
56.470         7
56.480        13
56.490        13
56.500         0
56.510         7
56.520        27
56.530        33
56.540        20
56.550        33
56.560        40
56.570        20
56.580        27
56.590        33
56.600         7
56.610        20
56.620         7
56.630        13
56.640        13
56.650        33
56.660         7
56.670         7
56.680         0
56.690         0
56.700        13
56.710        13
56.720        20
56.730         0
56.740        13
56.750        13
56.760        13
56.770        27
56.780        47
56.790        20
56.800        27
56.810        27
56.820        27
56.830        27
56.840        20
56.850        13
56.860        40
56.870         7
56.880        13
56.890        13
56.900         7
56.910        27
56.920        40
56.930        33
56.940        27
56.950        33
56.960        53
56.970        67
56.980        60
56.990        33
57.000        47
57.010        40
57.020        40
57.030        93
57.040        27
57.050        40
57.060        53
57.070        47
57.080        73
57.090        27
57.100        27
57.110        60
57.120        60
57.130        73
57.140        33
57.150        80
57.160        27
57.170        20
57.180        47
57.190        40
57.200        47
57.210        33
57.220        40
57.230        33
57.240        60
57.250        27
57.260        27
57.270        53
57.280        47
57.290        73
57.300        47
57.310        47
57.320        87
57.330        67
57.340        60
57.350        87
57.360        67
57.370        47
57.380        47
57.390        60
57.400        87
57.410        73
57.420        87
57.430       107
57.440       113
57.450       160
57.460       153
57.470       273
57.480       293
57.490       320
57.500       460
57.510       600
57.520       493
57.530       446
57.540       553
57.550       493
57.560       333
57.570       407
57.580       293
57.590       200
57.600       173
57.610       140
57.620       153
57.630       200
57.640       153
57.650       193
57.660       253
57.670       380
57.680       287
57.690       193
57.700       240
57.710       213
57.720       193
57.730       160
57.740       127
57.750       107
57.760        33
57.770        47
57.780        60
57.790        27
57.800        27
57.810        20
57.820        33
57.830        13
57.840        13
57.850        27
57.860        40
57.870        27
57.880        13
57.890        27
57.900        20
57.910        20
57.920         7
57.930         7
57.940        13
57.950         0
57.960        33
57.970        13
57.980        13
57.990         7
58.000        20
58.010        20
58.020        20
58.030        33
58.040        33
58.050        13
58.060        13
58.070        13
58.080        13
58.090        13
58.100        33
58.110         0
58.120         7
58.130        20
58.140        40
58.150        27
58.160         0
58.170         7
58.180         7
58.190        20
58.200        13
58.210         0
58.220        13
58.230        27
58.240        13
58.250        27
58.260        13
58.270        27
58.280        33
58.290         7
58.300        20
58.310        13
58.320        13
58.330         7
58.340         7
58.350        33
58.360         7
58.370        20
58.380        27
58.390        20
58.400        40
58.410         0
58.420        13
58.430        20
58.440        20
58.450        20
58.460         7
58.470        13
58.480         7
58.490         7
58.500        40
58.510        27
58.520         7
58.530        20
58.540         7
58.550         0
58.560        13
58.570        27
58.580        13
58.590        27
58.600        40
58.610         7
58.620        13
58.630        20
58.640        13
58.650        20
58.660        40
58.670         0
58.680         7
58.690        13
58.700         7
58.710         7
58.720        20
58.730        40
58.740        20
58.750         7
58.760         7
58.770        13
58.780         7
58.790        40
58.800         0
58.810        13
58.820        20
58.830        20
58.840        13
58.850        20
58.860        13
58.870        13
58.880        20
58.890        27
58.900         7
58.910        20
58.920        20
58.930        27
58.940         7
58.950         7
58.960        13
58.970        20
58.980         7
58.990        20
59.000         7
59.010         0
59.020         0
59.030         7
59.040        13
59.050        27
59.060        20
59.070        20
59.080        13
59.090        13
59.100         7
59.110         0
59.120        20
59.130        13
59.140        27
59.150        13
59.160        13
59.170         7
59.180        13
59.190         7
59.200        13
59.210        13
59.220        13
59.230        13
59.240        13
59.250         7
59.260         7
59.270        33
59.280        13
59.290         7
59.300        20
59.310        13
59.320         7
59.330         7
59.340        40
59.350        27
59.360        27
59.370        27
59.380        47
59.390        20
59.400        27
59.410         0
59.420         7
59.430        40
59.440         7
59.450        27
59.460        13
59.470        53
59.480        13
59.490         7
59.500        27
59.510         7
59.520        40
59.530         7
59.540        27
59.550        13
59.560        13
59.570        20
59.580         7
59.590        27
59.600        20
59.610        13
59.620        20
59.630        13
59.640         0
59.650        20
59.660        13
59.670        20
59.680         0
59.690        27
59.700         7
59.710        13
59.720        40
59.730         7
59.740        27
59.750        13
59.760        27
59.770        13
59.780        27
59.790         7
59.800        27
59.810        27
59.820        20
59.830        20
59.840        13
59.850        20
59.860         7
59.870         7
59.880         7
59.890         7
59.900        13
59.910        20
59.920         7
59.930        13
59.940        33
59.950         7
59.960        27
59.970         0
59.980        20
59.990        20
60.000        20
