20.000        53
20.010        53
20.020        80
20.030        80
20.040        47
20.050        73
20.060        67
20.070        73
20.080        67
20.090        80
20.100        47
20.110        60
20.120        67
20.130        40
20.140        47
20.150       100
20.160        27
20.170        80
20.180        60
20.190        33
20.200        60
20.210        47
20.220        40
20.230        73
20.240        53
20.250        67
20.260        53
20.270        87
20.280        67
20.290        60
20.300        80
20.310        47
20.320        80
20.330        53
20.340        53
20.350       107
20.360        60
20.370        87
20.380        53
20.390        67
20.400        13
20.410        67
20.420        47
20.430        60
20.440        53
20.450        60
20.460        80
20.470        67
20.480        47
20.490       100
20.500        67
20.510        27
20.520        33
20.530        40
20.540       120
20.550        80
20.560        87
20.570        60
20.580        67
20.590        60
20.600        40
20.610        47
20.620        67
20.630        47
20.640        73
20.650        80
20.660       107
20.670       100
20.680        47
20.690        73
20.700        80
20.710        73
20.720        87
20.730       113
20.740        53
20.750        33
20.760        73
20.770        87
20.780        67
20.790        67
20.800        93
20.810        67
20.820       107
20.830        80
20.840        60
20.850        67
20.860        53
20.870        87
20.880        60
20.890        60
20.900       100
20.910        60
20.920       100
20.930        20
20.940        67
20.950        53
20.960        87
20.970        60
20.980       107
20.990        73
21.000        87
21.010        67
21.020        67
21.030        73
21.040        80
21.050        53
21.060        73
21.070        93
21.080        60
21.090       107
21.100       120
21.110        60
21.120        80
21.130        73
21.140        60
21.150        87
21.160       107
21.170       120
21.180        80
21.190        67
21.200        80
21.210        87
21.220        73
21.230        93
21.240        93
21.250        73
21.260        67
21.270       127
21.280       120
21.290        73
21.300        93
21.310        73
21.320        67
21.330        80
21.340        80
21.350        73
21.360       107
21.370        87
21.380       107
21.390       160
21.400       113
21.410        80
21.420       133
21.430        87
21.440       127
21.450       107
21.460       127
21.470        93
21.480        93
21.490       153
21.500       120
21.510       200
21.520       227
21.530       107
21.540       140
21.550       167
21.560       193
21.570       193
21.580       233
21.590       153
21.600       113
21.610       187
21.620       160
21.630       240
21.640       187
21.650       233
21.660       220
21.670       313
21.680       220
21.690       220
21.700       173
21.710       260
21.720       287
21.730       233
21.740       320
21.750       460
21.760       307
21.770       347
21.780       213
21.790       347
21.800       333
21.810       313
21.820       293
21.830       333
21.840       273
21.850       320
21.860       293
21.870       267
21.880       240
21.890       253
21.900       227
21.910       253
21.920       167
21.930       133
21.940       127
21.950       167
21.960       153
21.970       173
21.980       120
21.990       100
22.000       133
22.010       167
22.020        93
22.030       100
22.040        73
22.050        93
22.060        47
22.070        73
22.080       113
22.090       107
22.100        73
22.110       100
22.120        73
22.130        67
22.140        93
22.150        87
22.160        67
22.170       113
22.180        67
22.190        33
22.200        73
22.210        73
22.220        40
22.230        47
22.240        33
22.250        67
22.260        67
22.270        20
22.280        67
22.290        87
22.300        67
22.310        73
22.320        60
22.330        67
22.340        33
22.350        87
22.360        67
22.370        73
22.380        47
22.390        73
22.400        60
22.410       100
22.420        93
22.430        73
22.440        60
22.450        33
22.460        73
22.470        53
22.480        33
22.490       100
22.500        53
22.510        53
22.520        40
22.530       100
22.540        47
22.550        47
22.560        33
22.570        33
22.580        87
22.590        60
22.600        60
22.610        67
22.620        73
22.630       113
22.640       120
22.650        60
22.660        67
22.670        87
22.680        60
22.690        67
22.700        47
22.710        67
22.720        53
22.730        67
22.740        80
22.750        60
22.760        73
22.770        73
22.780        73
22.790        47
22.800        60
22.810        53
22.820        53
22.830        80
22.840        40
22.850        60
22.860        33
22.870        53
22.880        47
22.890        60
22.900       127
22.910        80
22.920        67
22.930        27
22.940        67
22.950        73
22.960       100
22.970        73
22.980        87
22.990        53
23.000        33
23.010        67
23.020        53
23.030        53
23.040        47
23.050        53
23.060        80
23.070        60
23.080        53
23.090       107
23.100        60
23.110        47
23.120        93
23.130        60
23.140        40
23.150        47
23.160        73
23.170        80
23.180        60
23.190        80
23.200        20
23.210        80
23.220        53
23.230        40
23.240        73
23.250        33
23.260        60
23.270        47
23.280        80
23.290        67
23.300        53
23.310        67
23.320        20
23.330        87
23.340        27
23.350        47
23.360        60
23.370        60
23.380       100
23.390        47
23.400        60
23.410        60
23.420        73
23.430       107
23.440        40
23.450        33
23.460        40
23.470        40
23.480        20
23.490        47
23.500        60
23.510        73
23.520        47
23.530        53
23.540        87
23.550        33
23.560        80
23.570        33
23.580        33
23.590        60
23.600        80
23.610        53
23.620        40
23.630        73
23.640        40
23.650        60
23.660        93
23.670        40
23.680        60
23.690        53
23.700        80
23.710        80
23.720        53
23.730        47
23.740        87
23.750        60
23.760        47
23.770        33
23.780        73
23.790        20
23.800        73
23.810        40
23.820        53
23.830        60
23.840        67
23.850        47
23.860        60
23.870        73
23.880        33
23.890        60
23.900        73
23.910       100
23.920        40
23.930        60
23.940        60
23.950        53
23.960        53
23.970        80
23.980        67
23.990        67
24.000        60
24.010        80
24.020        47
24.030        80
24.040        53
24.050        27
24.060        60
24.070        53
24.080        47
24.090        40
24.100        47
24.110        27
24.120        47
24.130        67
24.140        87
24.150        40
24.160        33
24.170        87
24.180        67
24.190        60
24.200        27
24.210        60
24.220       107
24.230        20
24.240        73
24.250        27
24.260        13
24.270        33
24.280        73
24.290        67
24.300        27
24.310        80
24.320        53
24.330        60
24.340        80
24.350        40
24.360        33
24.370        33
24.380        80
24.390        93
24.400        73
24.410        87
24.420        80
24.430        20
24.440        53
24.450        53
24.460        87
24.470        67
24.480        67
24.490        67
24.500        73
24.510        53
24.520        33
24.530        53
24.540        33
24.550        27
24.560        40
24.570        67
24.580        27
24.590        33
24.600        27
24.610       100
24.620        40
24.630        60
24.640        20
24.650        80
24.660        60
24.670        80
24.680        47
24.690        60
24.700        53
24.710        33
24.720        80
24.730        40
24.740        47
24.750        67
24.760        53
24.770        60
24.780        40
24.790        73
24.800        73
24.810        33
24.820        67
24.830        27
24.840        60
24.850        80
24.860        47
24.870       120
24.880        40
24.890        93
24.900        93
24.910        67
24.920        40
24.930        40
24.940        33
24.950        60
24.960        20
24.970        67
24.980        53
24.990        80
25.000        40
25.010        67
25.020        87
25.030        53
25.040        53
25.050        73
25.060        67
25.070        60
25.080        47
25.090        47
25.100        80
25.110        47
25.120        60
25.130        80
25.140        53
25.150        60
25.160        47
25.170        53
25.180       100
25.190        40
25.200        67
25.210        33
25.220        40
25.230        20
25.240        67
25.250        67
25.260        47
25.270        73
25.280        53
25.290        47
25.300        53
25.310        53
25.320        47
25.330        67
25.340        80
25.350        33
25.360        53
25.370        47
25.380        80
25.390        73
25.400        87
25.410        53
25.420        73
25.430        53
25.440        33
25.450        67
25.460        67
25.470        67
25.480        93
25.490        67
25.500        87
25.510        87
25.520        87
25.530       107
25.540        93
25.550        73
25.560        53
25.570        53
25.580        87
25.590        60
25.600        87
25.610        73
25.620        60
25.630        47
25.640        53
25.650        40
25.660        40
25.670        87
25.680        47
25.690        67
25.700        33
25.710        40
25.720        47
25.730        67
25.740        33
25.750        60
25.760        53
25.770        93
25.780        40
25.790        87
25.800        60
25.810         7
25.820        27
25.830        60
25.840        53
25.850        80
25.860        60
25.870        80
25.880        53
25.890        47
25.900        40
25.910        47
25.920        60
25.930        40
25.940        67
25.950        33
25.960        47
25.970        33
25.980        13
25.990        93
26.000        47
26.010        67
26.020        13
26.030        33
26.040        73
26.050        60
26.060        33
26.070        20
26.080        67
26.090        27
26.100        47
26.110        20
26.120        20
26.130        60
26.140        33
26.150        20
26.160        53
26.170        40
26.180        67
26.190        53
26.200        87
26.210        53
26.220        60
26.230        53
26.240        27
26.250        47
26.260        47
26.270        27
26.280         7
26.290        67
26.300        87
26.310        67
26.320        53
26.330        40
26.340        60
26.350        40
26.360        53
26.370        47
26.380        47
26.390        60
26.400        33
26.410        60
26.420        33
26.430        47
26.440        53
26.450        20
26.460        40
26.470        40
26.480        60
26.490        27
26.500        53
26.510        40
26.520        53
26.530        73
26.540        33
26.550        60
26.560        33
26.570        67
26.580        73
26.590        33
26.600        27
26.610        87
26.620        47
26.630        73
26.640        27
26.650        27
26.660        53
26.670        40
26.680        40
26.690        47
26.700        47
26.710        60
26.720        73
26.730        60
26.740        53
26.750        33
26.760        13
26.770        40
26.780        40
26.790        60
26.800        40
26.810        40
26.820        47
26.830        47
26.840        20
26.850        47
26.860        47
26.870        47
26.880        67
26.890        33
26.900        27
26.910        27
26.920        27
26.930        73
26.940        53
26.950        47
26.960        53
26.970        33
26.980         7
26.990        13
27.000        33
27.010        53
27.020        47
27.030        33
27.040        33
27.050        27
27.060        60
27.070        33
27.080        47
27.090        27
27.100        47
27.110        60
27.120        47
27.130        53
27.140       100
27.150       113
27.160        47
27.170        47
27.180        27
27.190        80
27.200        67
27.210        67
27.220        33
27.230        27
27.240        47
27.250        60
27.260        53
27.270        27
27.280        47
27.290        47
27.300        47
27.310        47
27.320        47
27.330        40
27.340        40
27.350        53
27.360        33
27.370         7
27.380        13
27.390        20
27.400        40
27.410        40
27.420        47
27.430        67
27.440        20
27.450        47
27.460        53
27.470        33
27.480        20
27.490        47
27.500        20
27.510        40
27.520        47
27.530        20
27.540        47
27.550        47
27.560        60
27.570        40
27.580        40
27.590        13
27.600        20
27.610        27
27.620        60
27.630        40
27.640        20
27.650        53
27.660        40
27.670        67
27.680        73
27.690        40
27.700        60
27.710         7
27.720        60
27.730        20
27.740        67
27.750        33
27.760        53
27.770        53
27.780        20
27.790        33
27.800        13
27.810        27
27.820        53
27.830        20
27.840        47
27.850        33
27.860        53
27.870        33
27.880        60
27.890        53
27.900        60
27.910        13
27.920        53
27.930        27
27.940        47
27.950        27
27.960        27
27.970        40
27.980        53
27.990        53
28.000        53
28.010        47
28.020        40
28.030         7
28.040        60
28.050        40
28.060        33
28.070        27
28.080        20
28.090        60
28.100        53
28.110        53
28.120        53
28.130        60
28.140        40
28.150        40
28.160        27
28.170        47
28.180        47
28.190        53
28.200        33
28.210        27
28.220        60
28.230        47
28.240        33
28.250        53
28.260        33
28.270        27
28.280        60
28.290        20
28.300        47
28.310         7
28.320        40
28.330        73
28.340        33
28.350        47
28.360        47
28.370        20
28.380        67
28.390        20
28.400        53
28.410        53
28.420        47
28.430        80
28.440        60
28.450        40
28.460        67
28.470        40
28.480        60
28.490        20
28.500        27
28.510        40
28.520        40
28.530        20
28.540        53
28.550        33
28.560        53
28.570        47
28.580        67
28.590        40
28.600        53
28.610        60
28.620        27
28.630        60
28.640        33
28.650        33
28.660        40
28.670        47
28.680        33
28.690        53
28.700        33
28.710        40
28.720        67
28.730        53
28.740        33
28.750        33
28.760        33
28.770        67
28.780        47
28.790        53
28.800        40
28.810        67
28.820        33
28.830        27
28.840        33
28.850        27
28.860        47
28.870        67
28.880        20
28.890        47
28.900        33
28.910        40
28.920        27
28.930        53
28.940        33
28.950        27
28.960        33
28.970        73
28.980        33
28.990        20
29.000        33
29.010        27
29.020        47
29.030        27
29.040        33
29.050        27
29.060        27
29.070        47
29.080         7
29.090        60
29.100        40
29.110        20
29.120        27
29.130        33
29.140        27
29.150        60
29.160        27
29.170        33
29.180       127
29.190        60
29.200        53
29.210        27
29.220        13
29.230        67
29.240        40
29.250        33
29.260        53
29.270        33
29.280        33
29.290        13
29.300        40
29.310        40
29.320        20
29.330        53
29.340        47
29.350        27
29.360        13
29.370        20
29.380        80
29.390        53
29.400        47
29.410        20
29.420        27
29.430        67
29.440        47
29.450        53
29.460        53
29.470        67
29.480        27
29.490        40
29.500        13
29.510        40
29.520        27
29.530        20
29.540        53
29.550        40
29.560        53
29.570         7
29.580        60
29.590        47
29.600        20
29.610        20
29.620        20
29.630        47
29.640        33
29.650        33
29.660        40
29.670        47
29.680        53
29.690        47
29.700        47
29.710        33
29.720        33
29.730        53
29.740        13
29.750        47
29.760         7
29.770        47
29.780        40
29.790        53
29.800        20
29.810        20
29.820        27
29.830        40
29.840        53
29.850        33
29.860        33
29.870        53
29.880        33
29.890        27
29.900        33
29.910        67
29.920        27
29.930        27
29.940        20
29.950        20
29.960        33
29.970        27
29.980         7
29.990        60
30.000        33
30.010        27
30.020        40
30.030        40
30.040        20
30.050        20
30.060        40
30.070        40
30.080        93
30.090        47
30.100        60
30.110        73
30.120        33
30.130        27
30.140        47
30.150        53
30.160        40
30.170        47
30.180        27
30.190        40
30.200        47
30.210        13
30.220        20
30.230        40
30.240        40
30.250        53
30.260        27
30.270        40
30.280        47
30.290        67
30.300        40
30.310        67
30.320        33
30.330        33
30.340        33
30.350        13
30.360        27
30.370        27
30.380        40
30.390        40
30.400        33
30.410        40
30.420        67
30.430        33
30.440        20
30.450        60
30.460        27
30.470        20
30.480        53
30.490        27
30.500        73
30.510        27
30.520        27
30.530        53
30.540        33
30.550        13
30.560        20
30.570        60
30.580        67
30.590        27
30.600        33
30.610        40
30.620        73
30.630        27
30.640        40
30.650        33
30.660        40
30.670        40
30.680        53
30.690        53
30.700        53
30.710        20
30.720        33
30.730        47
30.740        47
30.750        47
30.760        53
30.770        93
30.780        47
30.790        33
30.800        80
30.810        60
30.820        53
30.830        93
30.840        40
30.850        93
30.860        40
30.870        87
30.880        73
30.890        67
30.900        53
30.910        87
30.920        67
30.930        73
30.940        80
30.950       107
30.960        87
30.970       100
30.980        87
30.990        60
31.000       120
31.010       153
31.020       100
31.030       100
31.040       133
31.050        80
31.060       113
31.070       107
31.080        80
31.090        93
31.100       133
31.110       120
31.120       100
31.130       100
31.140        87
31.150        87
31.160        87
31.170       153
31.180       113
31.190       180
31.200        93
31.210       100
31.220       140
31.230        73
31.240       153
31.250        67
31.260       107
31.270       113
31.280       140
31.290       120
31.300       107
31.310        87
31.320        40
31.330        73
31.340        60
31.350       120
31.360        67
31.370        67
31.380        87
31.390        53
31.400        40
31.410        73
31.420        60
31.430        67
31.440        67
31.450        40
31.460        53
31.470        60
31.480        53
31.490        53
31.500        73
31.510        60
31.520        47
31.530         7
31.540        47
31.550        47
31.560        53
31.570        67
31.580        60
31.590         7
31.600        40
31.610        60
31.620        60
31.630         7
31.640        67
31.650        67
31.660        27
31.670        80
31.680        20
31.690        33
31.700        33
31.710        47
31.720        40
31.730        27
31.740        33
31.750        87
31.760        40
31.770        33
31.780        40
31.790        60
31.800        33
31.810        47
31.820        33
31.830        47
31.840        13
31.850        20
31.860        33
31.870        40
31.880        33
31.890        27
31.900        33
31.910        33
31.920        53
31.930        27
31.940        33
31.950        40
31.960        60
31.970        33
31.980        27
31.990        40
32.000        40
32.010        53
32.020        33
32.030        20
32.040        40
32.050        67
32.060         7
32.070        60
32.080        40
32.090        20
32.100        20
32.110        20
32.120        20
32.130        27
32.140        47
32.150        53
32.160        20
32.170        13
32.180        27
32.190        53
32.200        20
32.210        40
32.220        33
32.230        40
32.240        60
32.250        40
32.260        27
32.270        60
32.280        27
32.290        27
32.300        33
32.310        47
32.320        27
32.330        20
32.340         7
32.350        40
32.360        33
32.370        27
32.380        33
32.390        27
32.400        13
32.410        47
32.420        47
32.430        20
32.440        47
32.450        47
32.460        33
32.470        33
32.480        33
32.490        60
32.500        20
32.510         7
32.520        27
32.530        27
32.540        13
32.550        33
32.560         7
32.570        53
32.580        27
32.590        33
32.600        40
32.610        27
32.620        33
32.630        67
32.640        40
32.650        40
32.660        27
32.670        27
32.680        33
32.690        33
32.700        13
32.710        33
32.720        53
32.730        33
32.740        53
32.750        20
32.760        53
32.770        13
32.780        47
32.790        47
32.800        27
32.810        33
32.820        40
32.830        40
32.840        33
32.850        40
32.860        33
32.870        27
32.880         0
32.890        40
32.900        47
32.910        33
32.920        13
32.930        13
32.940        47
32.950        27
32.960        27
32.970        20
32.980        20
32.990        13
33.000        33
33.010        33
33.020        27
33.030        53
33.040        47
33.050        33
33.060        33
33.070        67
33.080        40
33.090        33
33.100        47
33.110        27
33.120        20
33.130        60
33.140        33
33.150        27
33.160        47
33.170        13
33.180        47
33.190        33
33.200        47
33.210        27
33.220        20
33.230        20
33.240        13
33.250        20
33.260        13
33.270        20
33.280        33
33.290        20
33.300        33
33.310        20
33.320        47
33.330        40
33.340        33
33.350        27
33.360        13
33.370         7
33.380        47
33.390        33
33.400         0
33.410        33
33.420        27
33.430        33
33.440        13
33.450        20
33.460        53
33.470        47
33.480        40
33.490        27
33.500        47
33.510        53
33.520        20
33.530        53
33.540        20
33.550        27
33.560        47
33.570        47
33.580        20
33.590        20
33.600        47
33.610        20
33.620        20
33.630         7
33.640         0
33.650         0
33.660        13
33.670        33
33.680        27
33.690        47
33.700        27
33.710        40
33.720        13
33.730        20
33.740        47
33.750        20
33.760        40
33.770        40
33.780        33
33.790        40
33.800        27
33.810        40
33.820        33
33.830        53
33.840        47
33.850        27
33.860        20
33.870        47
33.880        67
33.890        27
33.900        27
33.910        40
33.920        33
33.930         7
33.940        60
33.950        20
33.960        27
33.970        20
33.980        20
33.990        40
34.000        27
34.010        27
34.020        20
34.030        20
34.040        33
34.050         7
34.060        47
34.070        33
34.080        27
34.090         7
34.100        33
34.110        33
34.120        47
34.130        53
34.140        20
34.150        13
34.160        27
34.170        33
34.180        27
34.190        47
34.200        20
34.210        33
34.220        33
34.230        47
34.240        27
34.250        27
34.260        33
34.270        67
34.280        60
34.290        20
34.300        27
34.310        40
34.320        13
34.330        40
34.340        47
34.350        40
34.360        27
34.370        33
34.380        20
34.390        27
34.400        40
34.410        40
34.420        53
34.430        53
34.440        33
34.450        13
34.460        47
34.470        47
34.480        13
34.490        27
34.500        27
34.510        47
34.520        13
34.530        27
34.540        27
34.550        20
34.560        20
34.570        33
34.580        80
34.590        33
34.600        47
34.610        13
34.620        33
34.630        47
34.640        47
34.650        20
34.660        40
34.670        33
34.680        40
34.690        40
34.700        40
34.710        53
34.720        40
34.730        33
34.740        40
34.750        13
34.760        20
34.770        40
34.780        27
34.790        53
34.800        27
34.810        27
34.820        53
34.830         7
34.840        27
34.850        20
34.860        27
34.870        20
34.880        13
34.890        60
34.900        13
34.910        33
34.920        20
34.930        33
34.940        27
34.950        33
34.960        40
34.970        60
34.980        47
34.990        40
35.000        33
35.010        47
35.020        60
35.030        27
35.040        27
35.050        53
35.060        40
35.070        47
35.080        53
35.090        27
35.100       100
35.110        53
35.120        60
35.130        67
35.140        93
35.150       113
35.160       100
35.170       100
35.180       107
35.190        93
35.200       107
35.210        87
35.220        87
35.230        60
35.240        60
35.250        80
35.260        53
35.270        47
35.280        53
35.290        73
35.300        33
35.310        67
35.320        60
35.330        47
35.340        47
35.350        53
35.360        47
35.370        33
35.380        27
35.390        40
35.400        67
35.410        33
35.420        40
35.430        20
35.440        33
35.450        33
35.460        33
35.470        40
35.480        27
35.490        20
35.500        60
35.510        33
35.520        40
35.530        27
35.540        20
35.550        53
35.560        33
35.570        33
35.580        27
35.590        40
35.600        27
35.610        47
35.620        47
35.630        53
35.640        80
35.650        53
35.660        60
35.670        80
35.680        80
35.690        47
35.700        60
35.710        80
35.720        47
35.730        67
35.740        53
35.750        87
35.760        67
35.770        73
35.780        80
35.790        73
35.800       120
35.810        93
35.820        67
35.830       147
35.840        87
35.850       133
35.860       107
35.870       100
35.880       107
35.890        67
35.900       113
35.910        87
35.920       120
35.930        80
35.940       113
35.950        53
35.960       100
35.970        53
35.980        67
35.990        40
36.000        73
36.010        27
36.020        80
36.030        80
36.040        73
36.050        47
36.060        33
36.070        33
36.080        27
36.090        67
36.100        47
36.110        47
36.120        40
36.130        47
36.140        33
36.150        80
36.160        40
36.170        33
36.180        13
36.190        20
36.200        53
36.210        27
36.220        27
36.230        40
36.240        13
36.250        33
36.260        27
36.270        40
36.280        27
36.290        13
36.300        27
36.310        13
36.320        33
36.330         7
36.340        40
36.350        47
36.360        33
36.370        47
36.380        40
36.390        40
36.400        33
36.410         7
36.420        60
36.430        47
36.440        33
36.450        33
36.460        53
36.470        47
36.480        33
36.490        33
36.500        53
36.510        27
36.520        73
36.530        53
36.540        60
36.550        27
36.560        20
36.570        80
36.580        47
36.590        20
36.600        20
36.610        20
36.620        40
36.630        33
36.640        53
36.650        27
36.660        20
36.670        20
36.680        27
36.690        40
36.700        40
36.710        27
36.720        33
36.730        13
36.740        73
36.750        53
36.760        20
36.770        53
36.780        40
36.790        13
36.800        33
36.810        60
36.820        40
36.830        27
36.840        27
36.850        40
36.860        40
36.870        47
36.880        33
36.890        40
36.900        40
36.910         0
36.920        40
36.930        33
36.940        33
36.950        33
36.960        27
36.970        20
36.980        27
36.990        27
37.000        20
37.010        27
37.020        47
37.030        27
37.040        53
37.050        33
37.060        53
37.070        40
37.080        20
37.090        33
37.100        27
37.110        67
37.120        13
37.130        33
37.140        53
37.150        27
37.160        33
37.170        60
37.180        47
37.190        47
37.200        67
37.210        53
37.220        53
37.230        40
37.240        27
37.250        27
37.260        20
37.270        27
37.280        40
37.290        40
37.300        47
37.310        47
37.320        67
37.330        20
37.340        80
37.350        60
37.360        27
37.370        73
37.380        47
37.390        60
37.400        20
37.410        40
37.420        60
37.430        47
37.440        53
37.450        47
37.460        40
37.470        20
37.480        73
37.490        27
37.500        47
37.510        47
37.520        47
37.530        20
37.540        20
37.550        27
37.560        27
37.570        47
37.580        53
37.590        53
37.600        13
37.610        33
37.620        47
37.630        53
37.640        53
37.650        47
37.660        47
37.670        27
37.680        67
37.690        53
37.700        40
37.710        53
37.720        33
37.730        80
37.740        47
37.750        60
37.760        60
37.770        67
37.780        73
37.790       120
37.800       120
37.810       140
37.820       153
37.830       253
37.840       227
37.850       173
37.860       107
37.870       113
37.880       113
37.890       107
37.900        93
37.910       160
37.920        93
37.930        87
37.940        60
37.950        80
37.960        80
37.970       120
37.980       127
37.990        53
38.000        27
38.010        53
38.020        67
38.030        87
38.040        20
38.050        67
38.060        53
38.070        27
38.080        60
38.090        80
38.100        27
38.110        60
38.120        40
38.130        93
38.140        47
38.150       107
38.160        93
38.170        73
38.180        53
38.190        80
38.200        67
38.210       107
38.220        60
38.230       107
38.240        87
38.250       120
38.260       100
38.270       167
38.280        80
38.290       147
38.300       113
38.310       100
38.320       107
38.330       140
38.340       160
38.350       213
38.360       147
38.370       167
38.380       127
38.390       187
38.400       200
38.410       260
38.420       267
38.430       273
38.440       313
38.450       313
38.460       240
38.470       307
38.480       446
38.490       400
38.500       500
38.510       440
38.520       460
38.530       440
38.540       426
38.550       520
38.560       606
38.570       453
38.580       353
38.590       446
38.600       426
38.610       413
38.620       446
38.630       387
38.640       327
38.650       340
38.660       340
38.670       307
38.680       373
38.690       220
38.700       287
38.710       193
38.720       207
38.730       220
38.740       153
38.750       167
38.760       200
38.770       173
38.780       133
38.790       173
38.800       140
38.810       100
38.820       247
38.830       173
38.840       133
38.850       173
38.860       160
38.870       140
38.880       187
38.890       133
38.900       207
38.910       160
38.920       207
38.930       100
38.940       147
38.950       100
38.960       153
38.970       133
38.980       147
38.990       100
39.000       167
39.010       127
39.020       173
39.030       167
39.040       167
39.050       147
39.060       173
39.070       127
39.080       133
39.090       107
39.100       173
39.110       180
39.120       200
39.130       187
39.140       180
39.150       207
39.160       187
39.170       200
39.180       193
39.190       160
39.200       187
39.210       200
39.220       193
39.230       240
39.240       153
39.250       220
39.260       213
39.270       220
39.280       253
39.290       227
39.300       333
39.310       220
39.320       320
39.330       320
39.340       407
39.350       220
39.360       420
39.370       267
39.380       426
39.390       380
39.400       553
39.410       407
39.420       440
39.430       506
39.440       546
39.450       526
39.460       773
39.470       746
39.480       926
39.490       793
39.500       893
39.510       900
39.520      1040
39.530      1013
39.540      1266
39.550      1439
39.560      1439
39.570      1653
39.580      1699
39.590      2026
39.600      2053
39.610      2479
39.620      2506
39.630      2739
39.640      2959
39.650      3412
39.660      3579
39.670      3818
39.680      4212
39.690      4918
39.700      5191
39.710      5691
39.720      6344
39.730      6557
39.740      7217
39.750      7737
39.760      7757
39.770      8650
39.780      8776
39.790      8776
39.800      9716
39.810     10049
39.820     10169
39.830     10842
39.840     10582
39.850     10536
39.860     10762
39.870     10562
39.880     10856
39.890      9929
39.900      9669
39.910      9123
39.920      8803
39.930      9143
39.940      7970
39.950      7837
39.960      7430
39.970      6617
39.980      6038
39.990      6251
40.000      5318
40.010      4711
40.020      4565
40.030      3998
40.040      3725
40.050      3532
40.060      3012
40.070      2639
40.080      2519
40.090      2252
40.100      2026
40.110      1626
40.120      1599
40.130      1446
40.140      1339
40.150      1213
40.160       926
40.170       986
40.180       793
40.190       833
40.200       726
40.210       780
40.220       506
40.230       773
40.240       560
40.250       640
40.260       486
40.270       327
40.280       433
40.290       393
40.300       313
40.310       400
40.320       280
40.330       433
40.340       320
40.350       333
40.360       273
40.370       327
40.380       233
40.390       253
40.400       227
40.410       240
40.420       313
40.430       267
40.440       280
40.450       227
40.460       220
40.470       320
40.480       127
40.490       120
40.500       180
40.510       140
40.520       227
40.530       127
40.540       193
40.550       167
40.560       133
40.570       160
40.580       107
40.590       180
40.600       160
40.610       127
40.620       140
40.630       100
40.640        80
40.650       133
40.660       160
40.670       160
40.680       153
40.690       120
40.700        87
40.710       127
40.720       120
40.730       113
40.740       160
40.750       133
40.760       140
40.770       120
40.780        93
40.790        67
40.800       147
40.810        60
40.820        60
40.830        80
40.840        93
40.850        80
40.860       100
40.870        87
40.880        47
40.890       127
40.900        60
40.910       107
40.920       100
40.930       107
40.940        87
40.950       107
40.960       127
40.970       153
40.980        87
40.990        93
41.000       107
41.010       153
41.020       113
41.030        87
41.040       120
41.050        80
41.060        73
41.070       100
41.080       133
41.090        60
41.100        73
41.110        80
41.120        93
41.130        40
41.140        67
41.150       107
41.160        87
41.170       120
41.180        67
41.190        47
41.200        67
41.210        73
41.220       113
41.230        87
41.240       120
41.250        67
41.260        80
41.270        93
41.280        93
41.290        73
41.300        33
41.310       100
41.320       120
41.330        60
41.340        80
41.350        80
41.360        80
41.370        60
41.380       120
41.390        87
41.400        87
41.410        67
41.420       107
41.430       120
41.440        80
41.450        73
41.460        93
41.470        60
41.480        67
41.490        87
41.500        73
41.510       100
41.520        73
41.530        47
41.540        80
41.550       113
41.560        53
41.570        40
41.580        73
41.590        53
41.600        80
41.610        60
41.620        87
41.630        93
41.640       100
41.650       120
41.660        80
41.670       100
41.680       107
41.690       180
41.700       107
41.710       100
41.720       167
41.730       107
41.740       100
41.750       133
41.760        87
41.770       113
41.780        60
41.790       133
41.800       133
41.810        87
41.820       113
41.830        87
41.840       100
41.850       127
41.860        60
41.870        67
41.880        53
41.890        73
41.900        80
41.910        67
41.920        60
41.930        53
41.940        60
41.950        87
41.960        47
41.970        47
41.980        53
41.990        60
42.000        47
42.010        73
42.020        73
42.030        93
42.040        53
42.050        47
42.060        33
42.070        73
42.080        60
42.090        73
42.100        67
42.110       100
42.120        80
42.130        53
42.140        27
42.150        67
42.160        60
42.170        80
42.180        80
42.190        73
42.200       107
42.210        47
42.220        67
42.230        33
42.240        33
42.250        53
42.260        67
42.270        47
42.280       113
42.290        53
42.300        20
42.310        20
42.320        47
42.330        87
42.340        40
42.350        53
42.360        87
42.370        67
42.380        73
42.390        33
42.400        67
42.410        40
42.420        87
42.430       100
42.440        47
42.450        33
42.460        40
42.470        27
42.480        47
42.490       107
42.500        60
42.510        40
42.520        47
42.530        67
42.540        47
42.550        93
42.560        47
42.570        60
42.580        67
42.590        53
42.600        53
42.610        60
42.620        53
42.630        53
42.640       147
42.650        67
42.660        47
42.670        40
42.680        53
42.690        60
42.700        73
42.710        53
42.720        80
42.730        27
42.740        67
42.750        40
42.760        33
42.770        40
42.780        67
42.790        47
42.800        67
42.810        20
42.820        47
42.830        47
42.840        33
42.850        33
42.860        27
42.870        53
42.880        60
42.890        47
42.900        53
42.910       113
42.920       100
42.930        73
42.940       107
42.950        87
42.960        93
42.970        53
42.980        67
42.990        53
43.000        60
43.010        67
43.020        53
43.030        33
43.040        47
43.050        73
43.060        20
43.070       120
43.080        73
43.090        53
43.100        67
43.110        80
43.120        87
43.130        47
43.140        47
43.150        53
43.160        47
43.170        33
43.180        47
43.190        60
43.200        93
43.210        80
43.220       107
43.230        53
43.240        73
43.250        67
43.260        47
43.270        53
43.280        60
43.290        53
43.300        73
43.310        40
43.320        87
43.330        60
43.340        67
43.350       133
43.360       187
43.370       167
43.380       160
43.390       113
43.400       200
43.410       147
43.420       147
43.430       173
43.440       233
43.450        93
43.460       147
43.470        93
43.480       120
43.490       193
43.500       153
43.510        87
43.520       153
43.530        87
43.540       100
43.550       140
43.560        73
43.570       107
43.580        73
43.590       113
43.600        67
43.610        67
43.620        87
43.630        80
43.640        67
43.650        87
43.660        87
43.670       127
43.680       147
43.690        93
43.700        80
43.710       133
43.720       100
43.730       107
43.740       113
43.750        60
43.760        53
43.770        80
43.780       173
43.790        67
43.800       100
43.810       113
43.820        87
43.830        80
43.840       140
43.850       120
43.860        73
43.870       147
43.880       140
43.890       147
43.900       140
43.910       180
43.920       160
43.930       107
43.940       207
43.950       167
43.960       207
43.970       180
43.980        73
43.990       200
44.000       193
44.010       120
44.020       253
44.030       160
44.040       213
44.050       147
44.060       227
44.070       160
44.080       180
44.090       220
44.100       287
44.110       240
44.120       240
44.130       287
44.140       240
44.150       267
44.160       307
44.170       287
44.180       353
44.190       353
44.200       387
44.210       313
44.220       307
44.230       247
44.240       360
44.250       320
44.260       440
44.270       420
44.280       333
44.290       413
44.300       446
44.310       400
44.320       513
44.330       453
44.340       573
44.350       473
44.360       466
44.370       486
44.380       593
44.390       493
44.400       493
44.410       480
44.420       560
44.430       506
44.440       560
44.450       533
44.460       566
44.470       620
44.480       566
44.490       413
44.500       486
44.510       526
44.520       520
44.530       480
44.540       593
44.550       593
44.560       553
44.570       426
44.580       446
44.590       407
44.600       486
44.610       407
44.620       353
44.630       387
44.640       400
44.650       280
44.660       426
44.670       293
44.680       213
44.690       293
44.700       320
44.710       193
44.720       147
44.730       233
44.740       180
44.750       180
44.760       153
44.770       300
44.780       153
44.790       187
44.800       120
44.810       133
44.820       120
44.830       147
44.840       133
44.850        87
44.860        93
44.870       107
44.880       107
44.890        87
44.900       167
44.910        73
44.920       100
44.930       113
44.940        67
44.950        73
44.960        67
44.970        67
44.980        60
44.990        73
45.000        87
45.010        87
45.020        67
45.030        67
45.040        67
45.050        67
45.060        40
45.070       107
45.080        53
45.090        67
45.100        60
45.110        33
45.120        40
45.130        60
45.140        60
45.150        60
45.160        80
45.170        80
45.180        53
45.190        53
45.200        80
45.210        40
45.220        40
45.230        80
45.240        47
45.250        60
45.260        60
45.270        73
45.280        67
45.290        60
45.300        73
45.310        47
45.320        33
45.330        47
45.340        67
45.350        20
45.360        40
45.370        47
45.380        40
45.390        47
45.400        80
45.410        53
45.420        73
45.430        67
45.440        60
45.450        33
45.460        80
45.470        53
45.480        47
45.490        73
45.500        33
45.510        60
45.520        67
45.530        60
45.540        47
45.550        33
45.560        60
45.570        33
45.580        40
45.590        53
45.600        40
45.610        27
45.620        47
45.630        40
45.640        20
45.650        67
45.660        47
45.670        47
45.680        53
45.690        60
45.700        67
45.710        47
45.720        60
45.730        40
45.740        87
45.750        67
45.760        33
45.770        60
45.780        47
45.790        60
45.800        53
45.810        53
45.820        40
45.830        93
45.840        67
45.850        33
45.860        27
45.870        60
45.880        40
45.890        53
45.900        67
45.910        87
45.920        20
45.930        40
45.940        87
45.950        27
45.960        40
45.970        80
45.980        53
45.990        53
46.000        47
46.010        67
46.020        67
46.030        67
46.040        33
46.050        67
46.060        40
46.070        53
46.080        27
46.090        53
46.100        67
46.110        47
46.120        47
46.130        73
46.140        53
46.150        20
46.160        67
46.170        33
46.180        40
46.190       113
46.200        40
46.210        80
46.220        13
46.230        53
46.240        53
46.250        73
46.260        60
46.270        33
46.280        60
46.290        40
46.300        47
46.310        53
46.320        47
46.330        27
46.340        40
46.350        53
46.360        47
46.370        53
46.380        47
46.390        67
46.400        40
46.410        20
46.420        47
46.430        60
46.440        40
46.450        53
46.460        40
46.470        60
46.480        27
46.490        60
46.500        73
46.510        27
46.520        40
46.530        40
46.540        73
46.550        53
46.560        60
46.570        53
46.580        33
46.590        47
46.600        47
46.610        20
46.620        20
46.630        27
46.640        33
46.650        20
46.660        27
46.670        27
46.680        27
46.690        40
46.700        40
46.710        53
46.720        40
46.730        40
46.740        60
46.750        33
46.760        47
46.770        67
46.780        33
46.790        33
46.800        47
46.810        47
46.820        33
46.830        47
46.840        13
46.850        27
46.860        33
46.870        33
46.880        53
46.890        47
46.900        33
46.910        67
46.920        27
46.930        47
46.940        47
46.950        53
46.960        40
46.970        60
46.980        27
46.990        73
47.000        73
47.010        67
47.020        60
47.030        40
47.040        20
47.050        60
47.060        40
47.070        40
47.080        40
47.090        60
47.100        73
47.110        13
47.120        40
47.130        27
47.140        47
47.150        20
47.160        33
47.170        47
47.180        60
47.190        67
47.200        20
47.210        53
47.220        33
47.230        47
47.240        33
47.250        47
47.260         7
47.270        40
47.280        33
47.290        40
47.300        27
47.310        40
47.320        20
47.330        33
47.340        20
47.350        27
47.360        47
47.370        13
47.380        60
47.390        40
47.400        20
47.410         7
47.420        73
47.430        53
47.440        40
47.450        47
47.460        27
47.470        20
47.480        33
47.490        47
47.500        33
47.510        60
47.520        20
47.530        47
47.540        20
47.550        40
47.560        20
47.570        40
47.580        13
47.590        47
47.600         7
47.610        33
47.620        27
47.630        20
47.640        13
47.650        40
47.660        20
47.670        20
47.680        53
47.690         7
47.700        33
47.710        73
47.720        27
47.730        47
47.740        53
47.750        80
47.760        53
47.770        53
47.780        20
47.790        13
47.800         7
47.810        20
47.820        33
47.830        47
47.840        47
47.850        60
47.860        33
47.870        33
47.880        13
47.890        27
47.900        40
47.910        40
47.920        27
47.930        27
47.940        33
47.950        33
47.960        27
47.970        27
47.980         7
47.990        33
48.000        53
48.010        27
48.020         7
48.030        60
48.040        20
48.050        53
48.060        27
48.070        20
48.080        20
48.090        13
48.100        20
48.110        27
48.120        33
48.130        47
48.140        33
48.150        33
48.160        47
48.170        53
48.180        20
48.190        27
48.200        13
48.210        40
48.220        13
48.230        40
48.240        20
48.250        40
48.260        40
48.270        33
48.280        27
48.290        33
48.300         7
48.310        33
48.320        40
48.330        27
48.340        33
48.350        47
48.360        20
48.370        73
48.380        13
48.390        40
48.400        33
48.410        20
48.420        53
48.430        53
48.440        27
48.450        20
48.460        27
48.470        27
48.480        20
48.490        27
48.500        13
48.510        27
48.520        13
48.530        20
48.540        20
48.550        20
48.560        53
48.570        40
48.580        20
48.590        53
48.600        20
48.610        60
48.620        27
48.630        13
48.640        27
48.650        33
48.660        13
48.670        27
48.680         7
48.690        20
48.700        33
48.710        20
48.720         7
48.730        20
48.740        33
48.750        53
48.760        27
48.770        27
48.780        27
48.790        53
48.800        20
48.810        53
48.820        40
48.830        40
48.840        40
48.850        27
48.860        13
48.870        27
48.880        20
48.890        47
48.900        53
48.910        13
48.920        47
48.930        47
48.940        53
48.950        13
48.960        40
48.970        27
48.980        40
48.990        27
49.000        40
49.010        33
49.020        33
49.030        47
49.040        13
49.050        33
49.060        13
49.070        40
49.080        60
49.090        27
49.100        33
49.110        20
49.120        20
49.130        20
49.140        27
49.150        13
49.160        20
49.170        27
49.180         7
49.190        20
49.200         0
49.210        27
49.220        20
49.230        20
49.240        47
49.250        20
49.260        20
49.270        20
49.280        27
49.290        40
49.300        20
49.310        20
49.320        40
49.330        27
49.340        20
49.350        13
49.360        40
49.370        40
49.380        13
49.390         0
49.400        40
49.410        20
49.420        40
49.430        13
49.440        47
49.450        60
49.460        13
49.470        47
49.480        40
49.490        40
49.500        20
49.510         0
49.520         7
49.530        20
49.540        33
49.550         7
49.560        27
49.570        33
49.580         7
49.590        27
49.600         7
49.610        20
49.620        40
49.630        13
49.640        47
49.650        27
49.660        20
49.670        20
49.680        40
49.690        20
49.700        20
49.710        53
49.720        33
49.730        27
49.740         7
49.750        20
49.760         7
49.770        20
49.780        33
49.790        20
49.800        33
49.810        13
49.820        20
49.830        40
49.840        40
49.850        60
49.860        27
49.870        27
49.880        47
49.890        20
49.900        20
49.910        53
49.920        27
49.930        20
49.940        40
49.950        13
49.960        27
49.970        20
49.980        33
49.990        20
50.000        33
50.010        13
50.020        13
50.030        40
50.040        13
50.050        40
50.060        40
50.070        27
50.080        20
50.090        20
50.100        20
50.110        13
50.120        40
50.130        13
50.140        20
50.150        33
50.160        53
50.170        27
50.180         7
50.190        13
50.200        20
50.210        40
50.220        13
50.230        13
50.240        47
50.250        20
50.260        20
50.270        40
50.280        13
50.290        13
50.300        40
50.310        20
50.320        20
50.330        13
50.340        27
50.350        13
50.360        20
50.370        33
50.380        27
50.390        27
50.400        13
50.410        27
50.420        27
50.430        33
50.440        20
50.450        20
50.460        27
50.470        27
50.480        47
50.490        20
50.500        20
50.510        20
50.520         0
50.530        47
50.540        40
50.550        20
50.560        13
50.570        27
50.580        20
50.590        27
50.600         7
50.610        33
50.620        33
50.630        40
50.640         7
50.650        27
50.660        27
50.670        20
50.680        40
50.690         7
50.700        40
50.710        13
50.720         7
50.730        20
50.740        33
50.750        33
50.760        20
50.770        13
50.780        20
50.790        13
50.800        27
50.810        27
50.820         7
50.830        27
50.840        20
50.850        13
50.860        13
50.870         7
50.880        33
50.890        20
50.900        33
50.910        20
50.920         7
50.930        33
50.940        27
50.950        20
50.960        27
50.970        33
50.980        27
50.990        20
51.000        27
51.010        20
51.020        33
51.030        13
51.040        20
51.050         7
51.060        13
51.070         7
51.080        27
51.090        47
51.100         7
51.110        27
51.120        27
51.130        33
51.140         0
51.150        27
51.160        13
51.170         7
51.180        13
51.190        40
51.200        40
51.210        13
51.220        13
51.230        27
51.240        13
51.250        27
51.260        40
51.270        20
51.280        13
51.290        33
51.300        40
51.310        40
51.320         0
51.330         7
51.340        13
51.350        13
51.360        27
51.370        20
51.380        13
51.390         7
51.400        20
51.410        27
51.420        27
51.430         7
51.440         7
51.450        20
51.460        20
51.470        40
51.480         7
51.490        13
51.500        47
51.510        27
51.520        27
51.530        20
51.540        20
51.550        33
51.560        20
51.570        13
51.580        33
51.590        13
51.600         7
51.610        33
51.620        20
51.630        27
51.640        40
51.650         7
51.660         7
51.670        40
51.680        27
51.690        13
51.700        33
51.710        53
51.720        33
51.730        27
51.740        20
51.750        27
51.760        33
51.770        33
51.780        27
51.790        53
51.800        13
51.810        27
51.820        27
51.830        13
51.840        13
51.850        13
51.860        27
51.870        20
51.880        60
51.890        20
51.900         7
51.910        40
51.920        13
51.930        27
51.940        40
51.950        47
51.960        27
51.970         0
51.980         7
51.990        13
52.000        27
52.010        27
52.020        40
52.030        27
52.040         0
52.050        20
52.060         0
52.070         7
52.080        20
52.090         7
52.100        13
52.110         0
52.120        27
52.130        33
52.140        20
52.150         0
52.160        13
52.170        67
52.180        13
52.190        33
52.200        13
52.210         7
52.220        33
52.230        20
52.240        13
52.250        13
52.260         7
52.270        27
52.280        13
52.290         0
52.300        40
52.310        20
52.320        13
52.330         7
52.340        13
52.350        27
52.360        13
52.370        27
52.380         7
52.390         7
52.400        13
52.410        33
52.420        13
52.430        20
52.440        33
52.450        13
52.460        33
52.470         7
52.480        20
52.490        20
52.500        13
52.510        53
52.520        27
52.530         7
52.540        27
52.550        53
52.560        20
52.570        33
52.580        27
52.590        40
52.600        47
52.610        67
52.620         7
52.630        27
52.640        13
52.650        27
52.660        47
52.670        27
52.680        33
52.690         7
52.700        27
52.710        33
52.720        27
52.730        27
52.740        40
52.750        40
52.760        27
52.770        40
52.780        20
52.790        13
52.800         7
52.810        13
52.820        27
52.830        27
52.840        13
52.850         7
52.860         7
52.870         7
52.880        13
52.890        20
52.900        33
52.910        13
52.920        20
52.930        20
52.940        27
52.950        40
52.960        27
52.970        13
52.980        13
52.990        13
53.000        33
53.010         7
53.020        27
53.030        33
53.040        13
53.050        27
53.060        13
53.070        20
53.080        27
53.090        47
53.100        33
53.110         7
53.120        20
53.130        13
53.140        13
53.150         7
53.160        27
53.170         7
53.180        20
53.190        67
53.200        27
53.210        13
53.220        20
53.230        27
53.240        20
53.250        20
53.260        27
53.270        47
53.280        20
53.290        20
53.300        13
53.310        33
53.320        20
53.330         7
53.340        27
53.350        33
53.360         7
53.370        27
53.380        33
53.390        33
53.400        20
53.410        20
53.420        33
53.430        13
53.440        47
53.450        27
53.460        27
53.470        20
53.480        47
53.490         0
53.500        27
53.510        20
53.520        20
53.530        47
53.540        13
53.550        27
53.560         7
53.570        13
53.580        40
53.590        47
53.600        27
53.610        13
53.620        20
53.630        13
53.640        13
53.650        13
53.660        13
53.670        27
53.680        33
53.690         7
53.700         7
53.710        20
53.720        20
53.730        13
53.740         0
53.750        40
53.760        33
53.770        27
53.780        13
53.790        20
53.800        13
53.810         7
53.820        40
53.830         7
53.840         0
53.850         7
53.860        20
53.870        27
53.880         7
53.890        27
53.900        20
53.910         0
53.920        13
53.930         7
53.940        47
53.950        40
53.960        13
53.970         7
53.980         0
53.990        27
54.000         7
54.010        27
54.020        40
54.030        33
54.040         7
54.050        27
54.060         7
54.070        20
54.080        27
54.090        20
54.100         7
54.110        33
54.120        13
54.130        20
54.140        20
54.150        53
54.160         7
54.170        33
54.180         7
54.190        27
54.200        20
54.210        20
54.220        13
54.230        20
54.240        27
54.250         0
54.260        27
54.270         0
54.280        20
54.290        20
54.300        47
54.310        13
54.320         7
54.330        27
54.340        13
54.350        20
54.360         7
54.370        33
54.380        13
54.390        20
54.400         7
54.410        13
54.420        33
54.430        33
54.440        13
54.450         7
54.460        13
54.470        13
54.480        13
54.490        27
54.500        13
54.510        33
54.520        13
54.530        33
54.540        33
54.550         7
54.560        20
54.570        27
54.580        13
54.590        33
54.600        20
54.610        40
54.620        20
54.630        33
54.640        13
54.650        27
54.660        27
54.670         0
54.680        20
54.690        40
54.700        13
54.710        40
54.720        20
54.730        13
54.740        13
54.750         7
54.760        20
54.770        27
54.780        33
54.790        47
54.800        27
54.810        33
54.820        40
54.830        20
54.840        40
54.850        33
54.860         0
54.870        27
54.880        27
54.890         0
54.900        20
54.910        13
54.920         7
54.930         7
54.940        33
54.950         7
54.960        27
54.970        20
54.980        33
54.990        27
55.000        13
55.010        13
55.020        27
55.030        33
55.040        20
55.050        53
55.060        47
55.070        33
55.080        47
55.090        33
55.100        27
55.110        13
55.120        27
55.130        20
55.140        27
55.150        27
55.160        53
55.170        27
55.180        40
55.190        47
55.200        33
55.210        13
55.220        13
55.230        53
55.240        67
55.250        47
55.260        27
55.270        40
55.280        67
55.290        53
55.300        67
55.310        67
55.320        40
55.330        53
55.340        40
55.350        53
55.360        33
55.370        60
55.380        33
55.390        73
55.400        80
55.410        33
55.420        80
55.430        67
55.440       107
55.450        67
55.460        73
55.470        67
55.480        53
55.490        93
55.500        73
55.510        80
55.520        60
55.530       113
55.540        87
55.550       100
55.560        60
55.570        40
55.580        73
55.590        73
55.600        47
55.610        47
55.620        73
55.630        67
55.640        80
55.650        73
55.660        40
55.670        60
55.680        53
55.690        60
55.700        67
55.710        80
55.720        47
55.730        40
55.740        60
55.750        60
55.760        40
55.770        47
55.780        40
55.790        53
55.800        40
55.810        60
55.820        47
55.830        13
55.840        53
55.850        73
55.860        40
55.870        60
55.880        27
55.890        40
55.900        20
55.910        47
55.920        27
55.930        27
55.940        27
55.950        40
55.960        33
55.970         7
55.980        20
55.990        13
56.000        27
56.010        40
56.020        47
56.030        47
56.040        40
56.050         7
56.060        13
56.070        20
56.080        13
56.090         7
56.100        27
56.110         7
56.120        20
56.130        33
56.140         7
56.150        33
56.160        20
56.170        33
56.180        20
56.190        27
56.200         7
56.210        27
56.220        27
56.230         7
56.240        20
56.250        13
56.260         7
56.270        33
56.280        47
56.290         0
56.300         7
56.310        33
56.320        20
56.330        27
56.340        13
56.350         0
56.360        27
56.370        27
56.380        13
56.390        13
56.400         0
56.410        33
56.420        13
56.430         0
56.440        20
56.450         7
56.460        13
56.470        27
56.480        47
56.490        13
56.500        13
56.510        20
56.520        20
56.530        20
56.540        33
56.550        13
56.560        13
56.570        13
56.580         7
56.590        33
56.600        20
56.610        27
56.620        20
56.630        20
56.640         7
56.650         0
56.660        20
56.670        13
56.680         0
56.690        27
56.700        20
56.710        27
56.720        20
56.730        33
56.740         7
56.750         7
56.760         7
56.770        13
56.780        13
56.790        27
56.800        13
56.810        33
56.820        13
56.830        20
56.840        27
56.850         7
56.860         7
56.870         0
56.880        27
56.890        13
56.900        13
56.910        27
56.920         0
56.930         7
56.940        20
56.950        27
56.960         7
56.970         0
56.980        13
56.990         0
57.000         0
57.010        53
57.020         0
57.030        20
57.040         7
57.050        13
57.060        27
57.070        13
57.080         0
57.090        13
57.100        13
57.110        27
57.120        27
57.130        13
57.140        13
57.150        20
57.160         7
57.170        20
57.180        13
57.190         7
57.200         7
57.210        13
57.220        20
57.230        20
57.240         0
57.250        27
57.260        20
57.270        13
57.280         7
57.290        20
57.300        27
57.310        33
57.320        33
57.330        20
57.340         7
57.350        47
57.360        33
57.370        20
57.380        47
57.390         7
57.400        40
57.410        33
57.420        47
57.430        33
57.440        47
57.450        40
57.460        40
57.470        67
57.480        80
57.490        80
57.500       100
57.510       107
57.520       140
57.530       107
57.540       100
57.550       120
57.560        73
57.570        67
57.580        93
57.590        73
57.600        60
57.610        47
57.620        40
57.630        80
57.640        47
57.650        67
57.660        53
57.670        60
57.680        47
57.690        60
57.700        87
57.710        40
57.720        40
57.730        40
57.740        40
57.750        53
57.760        33
57.770        47
57.780         0
57.790        20
57.800        33
57.810        27
57.820        27
57.830        13
57.840        40
57.850        13
57.860        33
57.870        13
57.880        27
57.890         0
57.900        27
57.910        13
57.920        20
57.930         7
57.940        13
57.950        13
57.960         7
57.970        27
57.980         0
57.990         0
58.000         7
58.010         0
58.020        13
58.030        13
58.040        33
58.050         7
58.060        33
58.070        13
58.080        13
58.090        33
58.100         7
58.110         0
58.120        27
58.130        13
58.140        33
58.150         7
58.160        27
58.170        20
58.180        13
58.190         7
58.200        27
58.210        13
58.220         7
58.230        20
58.240        20
58.250        47
58.260        13
58.270        13
58.280        33
58.290         7
58.300        20
58.310        13
58.320        27
58.330        20
58.340        27
58.350        27
58.360        40
58.370        53
58.380        33
58.390        20
58.400        20
58.410        20
58.420         7
58.430        13
58.440         7
58.450        13
58.460         7
58.470         0
58.480         0
58.490         7
58.500         7
58.510         7
58.520        13
58.530        20
58.540        33
58.550        20
58.560        13
58.570        27
58.580         7
58.590        27
58.600        20
58.610        27
58.620        13
58.630         7
58.640        20
58.650        20
58.660        27
58.670        27
58.680         0
58.690        13
58.700         7
58.710        13
58.720         7
58.730         7
58.740        13
58.750        20
58.760        20
58.770        20
58.780         7
58.790         7
58.800        20
58.810         7
58.820        27
58.830        20
58.840        13
58.850        33
58.860        20
58.870        20
58.880        40
58.890        13
58.900        20
58.910         0
58.920        20
58.930        13
58.940         0
58.950        27
58.960        27
58.970        20
58.980        13
58.990        27
59.000        33
59.010        20
59.020         7
59.030        20
59.040        13
59.050        13
59.060        20
59.070        20
59.080         0
59.090        20
59.100         0
59.110        27
59.120        27
59.130        27
59.140        13
59.150        20
59.160        13
59.170         7
59.180        20
59.190         7
59.200        13
59.210        27
59.220        13
59.230        20
59.240        13
59.250        20
59.260         7
59.270        13
59.280         7
59.290        20
59.300        20
59.310         7
59.320        13
59.330        13
59.340        20
59.350        13
59.360         7
59.370         7
59.380        13
59.390        33
59.400        13
59.410         0
59.420         0
59.430        33
59.440        40
59.450        13
59.460        13
59.470        27
59.480        13
59.490        13
59.500         7
59.510        27
59.520         7
59.530        13
59.540        13
59.550        27
59.560        20
59.570        27
59.580        13
59.590        20
59.600        13
59.610         7
59.620         7
59.630         0
59.640        27
59.650         7
59.660        13
59.670         7
59.680        13
59.690         7
59.700         7
59.710        13
59.720        20
59.730         7
59.740        27
59.750        13
59.760         7
59.770         7
59.780         7
59.790         7
59.800        20
59.810        20
59.820         7
59.830        13
59.840         7
59.850        20
59.860         0
59.870        20
59.880        13
59.890        13
59.900        33
59.910         7
59.920        20
59.930        20
59.940         7
59.950        13
59.960        13
59.970        13
59.980        13
59.990        13
60.000        13
