20.000         7
20.010         7
20.020        73
20.030        40
20.040        40
20.050        33
20.060        60
20.070        33
20.080        60
20.090        60
20.100        53
20.110        80
20.120        73
20.130        27
20.140        47
20.150        67
20.160        33
20.170        47
20.180        33
20.190        73
20.200        60
20.210        33
20.220        20
20.230        47
20.240        47
20.250        67
20.260        53
20.270        20
20.280        60
20.290        33
20.300       100
20.310        20
20.320        60
20.330        47
20.340        33
20.350        60
20.360        20
20.370        40
20.380        93
20.390        47
20.400        33
20.410        33
20.420        47
20.430        47
20.440        47
20.450        80
20.460        20
20.470        47
20.480        60
20.490        40
20.500        67
20.510        53
20.520        40
20.530        67
20.540        80
20.550       107
20.560        53
20.570        60
20.580        60
20.590        40
20.600        33
20.610        20
20.620        53
20.630        53
20.640         7
20.650        40
20.660        53
20.670        53
20.680        40
20.690        67
20.700        87
20.710        60
20.720        73
20.730        67
20.740        40
20.750        40
20.760        33
20.770        33
20.780        27
20.790        60
20.800        33
20.810        47
20.820        20
20.830        47
20.840        53
20.850        40
20.860        47
20.870        53
20.880        60
20.890        40
20.900        33
20.910        33
20.920        47
20.930        47
20.940        73
20.950        27
20.960        67
20.970        33
20.980        60
20.990        40
21.000        53
21.010        33
21.020        33
21.030        47
21.040        53
21.050        53
21.060        27
21.070        67
21.080        40
21.090        27
21.100        40
21.110        13
21.120        27
21.130        53
21.140        20
21.150        47
21.160        40
21.170        53
21.180        27
21.190        47
21.200        53
21.210        33
21.220        67
21.230        33
21.240        40
21.250        60
21.260        40
21.270        47
21.280        47
21.290        33
21.300        47
21.310        33
21.320        20
21.330        40
21.340        27
21.350        40
21.360        20
21.370        27
21.380        33
21.390        20
21.400        33
21.410        93
21.420        60
21.430        13
21.440        33
21.450        33
21.460        47
21.470        53
21.480        27
21.490        27
21.500        47
21.510        27
21.520        27
21.530        27
21.540        13
21.550        93
21.560        53
21.570        33
21.580        33
21.590        60
21.600        33
21.610        40
21.620        40
21.630        47
21.640        40
21.650        27
21.660        53
21.670        33
21.680        60
21.690        40
21.700        47
21.710        73
21.720        47
21.730        60
21.740        47
21.750        13
21.760        40
21.770        60
21.780        60
21.790        27
21.800        33
21.810        33
21.820        73
21.830        60
21.840        67
21.850        40
21.860        53
21.870        13
21.880        53
21.890        53
21.900        67
21.910        53
21.920        40
21.930        60
21.940        47
21.950        40
21.960        27
21.970        47
21.980        40
21.990        40
22.000        20
22.010        27
22.020        20
22.030        40
22.040        47
22.050        53
22.060        40
22.070        40
22.080        33
22.090        60
22.100        47
22.110        67
22.120        40
22.130        33
22.140        53
22.150        47
22.160        33
22.170        20
22.180        40
22.190        20
22.200        60
22.210        67
22.220        47
22.230        13
22.240        60
22.250        40
22.260        27
22.270        33
22.280        40
22.290        47
22.300        33
22.310        60
22.320        33
22.330        53
22.340        27
22.350        53
22.360        13
22.370        40
22.380        60
22.390        47
22.400        80
22.410        67
22.420        53
22.430        40
22.440        80
22.450        47
22.460        40
22.470        33
22.480        33
22.490        60
22.500        73
22.510        40
22.520        53
22.530        53
22.540        60
22.550        73
22.560        73
22.570        33
22.580        27
22.590        47
22.600        20
22.610        27
22.620        67
22.630        20
22.640        53
22.650        87
22.660        47
22.670        20
22.680        47
22.690        27
22.700        47
22.710        27
22.720        27
22.730        60
22.740        20
22.750        60
22.760        53
22.770        53
22.780        27
22.790        33
22.800        33
22.810        27
22.820        53
22.830        47
22.840        40
22.850        53
22.860        87
22.870        60
22.880        73
22.890        47
22.900        47
22.910        40
22.920        20
22.930        40
22.940        53
22.950        33
22.960        33
22.970        47
22.980        67
22.990        40
23.000        47
23.010        33
23.020        20
23.030        47
23.040        40
23.050        20
23.060        40
23.070         7
23.080        27
23.090        40
23.100        53
23.110        40
23.120        47
23.130        40
23.140        60
23.150         7
23.160        40
23.170        47
23.180        67
23.190        60
23.200        67
23.210        27
23.220        87
23.230        47
23.240        53
23.250        27
23.260        27
23.270        80
23.280        47
23.290        27
23.300        33
23.310        53
23.320        20
23.330        13
23.340        33
23.350        47
23.360        53
23.370        87
23.380        13
23.390        13
23.400        27
23.410        40
23.420        33
23.430        53
23.440        27
23.450        40
23.460        33
23.470        60
23.480        33
23.490        33
23.500        40
23.510        60
23.520        33
23.530        53
23.540        53
23.550        60
23.560        33
23.570        40
23.580        40
23.590        20
23.600        33
23.610        47
23.620        53
23.630        13
23.640        60
23.650        27
23.660        40
23.670        33
23.680        60
23.690        47
23.700        40
23.710        67
23.720        33
23.730        53
23.740        13
23.750        40
23.760        53
23.770        60
23.780        53
23.790        33
23.800        67
23.810        47
23.820        40
23.830        13
23.840        40
23.850        80
23.860        40
23.870        47
23.880        67
23.890        20
23.900        20
23.910        53
23.920        33
23.930         7
23.940        60
23.950        20
23.960        20
23.970        40
23.980        67
23.990        47
24.000        13
24.010        33
24.020        33
24.030        27
24.040        33
24.050        27
24.060        27
24.070        33
24.080        40
24.090        33
24.100        20
24.110        47
24.120        53
24.130        27
24.140        40
24.150         0
24.160        40
24.170        53
24.180        60
24.190        53
24.200        33
24.210        40
24.220        67
24.230        47
24.240        33
24.250        40
24.260        80
24.270        33
24.280        60
24.290        53
24.300        53
24.310        40
24.320        20
24.330        53
24.340        40
24.350        27
24.360        40
24.370        20
24.380        47
24.390        27
24.400        27
24.410        33
24.420        47
24.430        53
24.440        67
24.450        33
24.460        40
24.470        40
24.480        73
24.490        20
24.500        47
24.510        53
24.520        47
24.530        40
24.540        60
24.550        40
24.560        53
24.570        33
24.580        47
24.590        27
24.600        40
24.610        47
24.620        33
24.630        40
24.640        13
24.650        27
24.660        27
24.670        40
24.680        47
24.690        40
24.700        40
24.710        27
24.720        60
24.730        33
24.740        67
24.750        60
24.760        53
24.770        40
24.780        67
24.790        33
24.800        33
24.810        47
24.820        60
24.830        13
24.840        40
24.850        20
24.860        33
24.870        33
24.880         7
24.890        13
24.900        27
24.910        20
24.920        33
24.930        47
24.940        47
24.950        13
24.960        53
24.970        60
24.980        40
24.990        33
25.000        40
25.010        53
25.020        13
25.030        60
25.040        33
25.050        40
25.060        20
25.070        47
25.080        40
25.090        27
25.100        33
25.110        20
25.120        73
25.130        20
25.140        33
25.150        47
25.160        20
25.170        20
25.180        27
25.190        20
25.200        47
25.210        20
25.220        20
25.230        40
25.240        33
25.250        27
25.260        53
25.270        33
25.280        27
25.290        27
25.300        33
25.310        40
25.320        40
25.330        53
25.340        40
25.350        47
25.360        47
25.370        53
25.380        40
25.390        53
25.400        67
25.410        47
25.420        40
25.430        40
25.440        20
25.450        73
25.460        47
25.470        13
25.480        33
25.490        53
25.500        53
25.510        40
25.520        53
25.530        20
25.540        27
25.550        53
25.560        60
25.570        47
25.580        73
25.590        60
25.600        73
25.610       133
25.620        27
25.630       127
25.640        87
25.650        53
25.660        40
25.670        47
25.680        53
25.690        93
25.700        47
25.710        40
25.720        40
25.730        33
25.740        40
25.750        33
25.760        27
25.770        40
25.780        27
25.790        27
25.800        40
25.810        20
25.820        40
25.830        33
25.840        27
25.850        53
25.860        33
25.870        40
25.880        33
25.890        33
25.900        27
25.910        27
25.920        20
25.930        60
25.940        27
25.950        33
25.960        20
25.970        53
25.980        33
25.990        47
26.000        40
26.010        27
26.020        27
26.030        53
26.040        60
26.050        53
26.060        33
26.070        33
26.080        20
26.090        20
26.100        33
26.110        33
26.120        33
26.130        33
26.140        47
26.150        33
26.160         7
26.170        60
26.180         7
26.190        40
26.200        33
26.210         7
26.220        27
26.230        33
26.240        53
26.250        53
26.260        33
26.270        33
26.280        27
26.290        80
26.300        33
26.310         7
26.320        40
26.330        13
26.340        40
26.350        20
26.360        33
26.370        20
26.380        47
26.390        47
26.400        13
26.410         7
26.420        33
26.430        33
26.440        27
26.450        47
26.460        47
26.470        40
26.480         7
26.490        33
26.500        27
26.510        33
26.520        27
26.530        53
26.540        20
26.550        27
26.560        40
26.570        53
26.580        33
26.590        27
26.600        20
26.610        60
26.620        40
26.630        33
26.640        53
26.650        33
26.660        27
26.670         7
26.680        33
26.690        33
26.700        40
26.710        13
26.720        40
26.730        27
26.740        27
26.750        27
26.760       100
26.770        33
26.780        40
26.790        20
26.800        27
26.810        13
26.820        27
26.830        67
26.840        47
26.850        20
26.860        13
26.870        20
26.880        20
26.890        47
26.900        40
26.910        53
26.920        40
26.930        33
26.940        27
26.950        40
26.960        27
26.970        20
26.980        33
26.990        27
27.000        33
27.010        27
27.020        40
27.030        40
27.040         7
27.050        20
27.060        73
27.070        33
27.080        33
27.090        47
27.100        27
27.110        13
27.120         7
27.130        33
27.140        53
27.150        67
27.160        27
27.170        60
27.180        60
27.190        33
27.200        47
27.210        20
27.220        27
27.230        40
27.240        67
27.250        33
27.260        40
27.270        67
27.280        13
27.290        40
27.300        53
27.310        33
27.320        20
27.330        27
27.340        20
27.350        40
27.360        47
27.370        33
27.380        47
27.390        47
27.400        20
27.410        40
27.420        40
27.430        53
27.440        33
27.450        40
27.460        33
27.470        33
27.480        13
27.490        60
27.500        67
27.510        47
27.520        33
27.530        20
27.540        47
27.550        53
27.560        53
27.570        33
27.580        47
27.590        27
27.600        27
27.610        33
27.620         7
27.630        60
27.640        20
27.650        33
27.660        20
27.670        20
27.680        33
27.690        33
27.700        13
27.710        20
27.720        53
27.730        33
27.740        20
27.750        40
27.760        20
27.770        40
27.780        13
27.790         7
27.800        47
27.810        40
27.820        20
27.830        47
27.840        40
27.850        33
27.860        20
27.870        27
27.880        27
27.890        33
27.900        33
27.910        40
27.920        33
27.930        47
27.940        47
27.950        27
27.960        33
27.970        40
27.980        20
27.990        53
28.000        13
28.010        13
28.020        33
28.030        47
28.040        33
28.050        40
28.060        13
28.070        13
28.080        27
28.090        27
28.100        47
28.110        13
28.120        20
28.130        40
28.140        20
28.150        20
28.160        33
28.170        13
28.180        13
28.190        40
28.200        27
28.210        47
28.220        33
28.230        13
28.240        53
28.250        27
28.260        53
28.270        27
28.280        20
28.290         0
28.300        27
28.310        47
28.320        47
28.330        13
28.340        27
28.350        33
28.360         7
28.370        20
28.380        20
28.390        27
28.400        20
28.410         7
28.420        20
28.430        20
28.440        33
28.450        33
28.460        20
28.470        53
28.480        27
28.490        27
28.500        47
28.510        27
28.520        20
28.530        13
28.540        47
28.550        20
28.560        13
28.570        60
28.580        40
28.590        60
28.600        13
28.610        60
28.620        40
28.630         7
28.640        20
28.650        20
28.660        47
28.670        13
28.680        27
28.690        47
28.700        33
28.710        27
28.720        33
28.730        27
28.740        40
28.750        60
28.760        33
28.770        20
28.780        13
28.790        13
28.800        47
28.810        40
28.820        20
28.830        40
28.840        27
28.850        27
28.860        20
28.870        20
28.880        73
28.890        33
28.900        40
28.910        40
28.920        33
28.930        73
28.940        27
28.950        40
28.960        33
28.970        47
28.980        53
28.990        27
29.000        13
29.010        20
29.020        13
29.030        20
29.040        13
29.050        27
29.060        20
29.070        20
29.080        33
29.090        13
29.100        13
29.110        20
29.120        47
29.130        20
29.140        40
29.150         7
29.160        67
29.170        13
29.180        20
29.190         0
29.200        33
29.210        13
29.220        20
29.230        47
29.240        20
29.250        33
29.260        20
29.270        33
29.280        40
29.290        40
29.300        13
29.310        13
29.320        13
29.330        40
29.340        20
29.350        13
29.360        40
29.370        53
29.380         7
29.390        33
29.400        20
29.410        40
29.420        27
29.430        20
29.440        27
29.450        20
29.460        40
29.470        47
29.480        20
29.490        27
29.500        20
29.510         7
29.520        20
29.530        40
29.540        27
29.550        53
29.560        53
29.570        33
29.580        27
29.590        27
29.600        27
29.610        33
29.620        33
29.630        20
29.640        40
29.650        27
29.660        13
29.670        20
29.680        33
29.690        20
29.700        67
29.710        13
29.720        33
29.730        47
29.740        20
29.750        53
29.760        33
29.770        20
29.780        27
29.790        27
29.800        27
29.810        40
29.820        27
29.830        13
29.840        27
29.850        13
29.860         7
29.870        20
29.880        20
29.890        40
29.900        33
29.910         7
29.920        33
29.930        47
29.940        13
29.950        27
29.960        53
29.970        60
29.980        20
29.990        33
30.000        47
30.010        20
30.020        27
30.030        20
30.040        53
30.050        40
30.060        20
30.070        33
30.080        33
30.090        20
30.100        33
30.110        13
30.120        27
30.130        33
30.140        27
30.150        20
30.160        27
30.170        27
30.180        27
30.190         7
30.200        13
30.210        20
30.220        13
30.230        33
30.240        53
30.250        33
30.260        27
30.270        27
30.280        47
30.290        27
30.300        40
30.310        53
30.320        20
30.330        13
30.340        33
30.350        20
30.360        27
30.370        20
30.380        33
30.390        20
30.400        40
30.410        20
30.420        47
30.430        27
30.440        40
30.450        20
30.460        13
30.470        33
30.480        27
30.490        20
30.500        20
30.510        33
30.520        40
30.530        20
30.540        40
30.550        47
30.560        33
30.570        27
30.580        33
30.590        47
30.600        33
30.610        40
30.620        13
30.630        33
30.640        33
30.650        13
30.660        33
30.670        20
30.680        27
30.690        47
30.700        20
30.710        13
30.720        20
30.730        13
30.740        27
30.750        47
30.760         7
30.770        20
30.780        27
30.790        40
30.800        27
30.810        40
30.820        33
30.830        20
30.840        33
30.850        20
30.860        13
30.870        27
30.880        40
30.890        20
30.900        13
30.910        20
30.920        33
30.930        20
30.940        20
30.950        33
30.960        40
30.970         7
30.980        40
30.990        47
31.000        13
31.010         7
31.020        27
31.030        47
31.040        20
31.050        67
31.060        13
31.070        47
31.080        20
31.090        27
31.100        27
31.110        20
31.120        27
31.130        27
31.140        33
31.150        40
31.160        27
31.170        27
31.180        60
31.190         0
31.200        47
31.210        33
31.220        33
31.230        27
31.240        27
31.250        33
31.260        27
31.270        33
31.280        33
31.290        20
31.300        20
31.310        33
31.320        53
31.330        53
31.340        20
31.350        40
31.360        27
31.370        13
31.380        33
31.390        27
31.400        33
31.410        47
31.420        27
31.430        27
31.440        47
31.450         7
31.460        60
31.470        27
31.480        27
31.490        13
31.500        33
31.510        20
31.520        27
31.530        27
31.540        27
31.550        33
31.560        47
31.570        33
31.580        33
31.590        33
31.600        40
31.610        27
31.620        60
31.630        40
31.640        40
31.650        40
31.660        47
31.670        47
31.680        40
31.690        87
31.700        40
31.710        67
31.720        73
31.730        53
31.740        47
31.750        33
31.760       113
31.770        67
31.780       113
31.790        67
31.800       113
31.810        93
31.820        87
31.830       100
31.840        93
31.850       100
31.860       153
31.870        87
31.880       140
31.890       107
31.900        73
31.910       107
31.920        93
31.930       147
31.940       180
31.950       120
31.960       127
31.970       100
31.980       133
31.990        80
32.000       100
32.010       107
32.020       120
32.030        73
32.040       113
32.050        93
32.060       120
32.070       100
32.080        87
32.090       100
32.100        73
32.110        60
32.120        87
32.130        33
32.140        60
32.150        47
32.160        40
32.170        33
32.180        27
32.190        13
32.200        47
32.210        33
32.220        47
32.230        13
32.240        40
32.250         7
32.260        47
32.270        40
32.280        20
32.290        40
32.300        27
32.310        27
32.320        33
32.330        20
32.340        33
32.350        20
32.360        13
32.370        27
32.380        27
32.390        60
32.400        40
32.410        40
32.420        33
32.430        60
32.440        13
32.450        20
32.460        53
32.470        20
32.480        53
32.490        27
32.500         7
32.510        33
32.520        20
32.530        40
32.540        33
32.550        27
32.560        40
32.570        40
32.580        13
32.590        20
32.600        60
32.610        27
32.620        20
32.630        53
32.640         0
32.650        20
32.660        27
32.670        13
32.680        27
32.690        20
32.700        27
32.710        40
32.720        20
32.730        27
32.740        27
32.750        47
32.760        53
32.770        40
32.780        47
32.790        33
32.800        20
32.810        27
32.820        47
32.830         7
32.840        20
32.850        40
32.860        33
32.870        53
32.880        13
32.890        40
32.900        13
32.910        13
32.920         0
32.930         7
32.940        47
32.950        27
32.960        13
32.970        13
32.980        60
32.990        33
33.000        33
33.010        13
33.020        20
33.030        20
33.040        13
33.050        33
33.060        40
33.070        47
33.080        20
33.090        40
33.100        13
33.110        20
33.120        40
33.130        20
33.140        27
33.150        33
33.160        20
33.170        47
33.180        20
33.190        33
33.200        13
33.210        47
33.220        27
33.230        20
33.240        20
33.250        73
33.260        27
33.270        60
33.280        47
33.290        13
33.300        13
33.310        33
33.320         7
33.330         7
33.340        27
33.350        13
33.360        33
33.370        20
33.380        33
33.390        13
33.400        27
33.410        20
33.420        20
33.430        20
33.440        33
33.450        47
33.460        33
33.470        33
33.480        27
33.490        20
33.500         7
33.510        33
33.520        33
33.530        20
33.540        13
33.550        47
33.560        20
33.570        20
33.580        27
33.590         7
33.600         7
33.610        27
33.620        27
33.630        67
33.640        27
33.650        47
33.660        47
33.670        33
33.680         7
33.690        33
33.700        33
33.710        27
33.720        20
33.730        20
33.740        40
33.750         7
33.760        53
33.770        33
33.780        20
33.790        53
33.800        13
33.810        40
33.820        40
33.830        20
33.840        33
33.850        13
33.860        27
33.870        20
33.880        40
33.890        27
33.900        47
33.910         7
33.920        27
33.930        40
33.940        27
33.950        20
33.960        33
33.970        20
33.980        47
33.990        20
34.000        40
34.010        47
34.020        47
34.030        33
34.040        20
34.050        20
34.060         7
34.070        20
34.080        20
34.090         7
34.100        33
34.110        33
34.120        27
34.130        40
34.140        27
34.150        33
34.160        47
34.170        20
34.180        27
34.190        20
34.200        13
34.210        53
34.220        27
34.230        20
34.240        47
34.250        13
34.260        33
34.270        20
34.280        20
34.290        40
34.300        40
34.310        27
34.320         7
34.330        33
34.340        47
34.350        27
34.360        13
34.370        27
34.380        27
34.390         7
34.400        40
34.410        60
34.420        13
34.430        33
34.440        27
34.450        13
34.460        27
34.470        27
34.480        60
34.490        13
34.500         7
34.510        47
34.520        33
34.530        13
34.540        33
34.550        40
34.560        20
34.570         7
34.580        13
34.590        27
34.600        47
34.610        47
34.620        40
34.630        20
34.640        13
34.650        20
34.660        20
34.670        20
34.680        53
34.690        40
34.700        13
34.710        27
34.720        27
34.730        13
34.740        27
34.750        33
34.760        13
34.770        27
34.780        27
34.790        27
34.800        27
34.810        27
34.820        20
34.830        40
34.840        20
34.850        40
34.860        40
34.870        13
34.880        47
34.890        40
34.900        53
34.910        40
34.920        20
34.930        40
34.940        53
34.950        20
34.960        40
34.970        40
34.980        33
34.990        40
35.000        40
35.010        47
35.020        27
35.030        40
35.040        67
35.050        40
35.060        40
35.070        73
35.080        93
35.090        87
35.100       167
35.110       113
35.120       140
35.130       147
35.140       153
35.150       180
35.160       253
35.170       160
35.180       227
35.190       180
35.200       160
35.210       127
35.220       113
35.230        60
35.240        87
35.250        87
35.260        67
35.270        60
35.280        93
35.290       100
35.300        80
35.310        47
35.320        47
35.330        33
35.340        27
35.350        27
35.360        20
35.370        20
35.380        20
35.390        20
35.400        40
35.410        27
35.420        40
35.430        33
35.440        27
35.450        33
35.460        33
35.470         7
35.480        20
35.490        13
35.500        27
35.510        13
35.520        33
35.530        27
35.540        53
35.550        13
35.560        13
35.570        33
35.580        27
35.590        40
35.600        20
35.610        20
35.620        40
35.630         0
35.640        20
35.650        13
35.660        47
35.670        20
35.680        33
35.690        20
35.700        47
35.710        20
35.720        27
35.730        20
35.740        27
35.750        33
35.760        13
35.770        20
35.780        33
35.790        13
35.800        40
35.810        13
35.820        33
35.830        20
35.840        27
35.850         7
35.860        20
35.870        20
35.880        20
35.890        53
35.900        40
35.910        47
35.920        27
35.930         7
35.940        13
35.950        27
35.960        20
35.970        13
35.980        27
35.990        27
36.000        27
36.010         7
36.020        33
36.030        27
36.040        33
36.050         0
36.060        53
36.070        33
36.080         7
36.090        33
36.100        27
36.110        20
36.120         7
36.130        33
36.140        20
36.150        20
36.160        40
36.170         7
36.180        13
36.190        33
36.200        47
36.210        27
36.220        27
36.230        40
36.240        60
36.250        20
36.260        20
36.270        20
36.280        20
36.290        33
36.300        53
36.310        27
36.320        40
36.330        13
36.340        20
36.350        20
36.360        20
36.370        20
36.380        33
36.390        27
36.400        33
36.410        27
36.420         7
36.430        27
36.440        13
36.450         7
36.460        27
36.470        20
36.480        13
36.490        27
36.500        13
36.510        27
36.520         7
36.530        27
36.540        27
36.550        13
36.560        27
36.570        13
36.580        20
36.590        20
36.600        13
36.610         0
36.620        20
36.630        40
36.640        33
36.650        27
36.660        47
36.670        27
36.680        40
36.690         7
36.700        27
36.710        33
36.720        40
36.730        20
36.740        33
36.750        27
36.760        27
36.770        27
36.780        27
36.790        27
36.800        40
36.810        27
36.820        40
36.830        33
36.840        47
36.850        33
36.860        13
36.870        20
36.880        40
36.890        20
36.900        33
36.910        33
36.920        47
36.930        47
36.940        53
36.950        53
36.960        47
36.970        27
36.980        33
36.990        60
37.000        13
37.010        67
37.020        20
37.030        13
37.040        20
37.050        20
37.060        13
37.070         7
37.080        20
37.090        33
37.100         0
37.110        13
37.120        33
37.130        27
37.140        13
37.150        40
37.160        13
37.170        13
37.180        33
37.190        47
37.200        13
37.210         7
37.220        27
37.230        33
37.240        33
37.250        53
37.260        13
37.270        33
37.280        27
37.290        27
37.300        20
37.310         7
37.320        13
37.330        27
37.340        20
37.350        33
37.360        27
37.370        47
37.380         7
37.390        27
37.400        27
37.410        20
37.420        47
37.430        33
37.440         7
37.450        27
37.460        33
37.470         7
37.480        20
37.490        20
37.500        13
37.510        20
37.520        13
37.530        27
37.540        13
37.550        47
37.560        27
37.570        20
37.580        13
37.590        53
37.600        20
37.610        40
37.620        27
37.630        20
37.640         7
37.650        20
37.660        27
37.670        47
37.680        27
37.690        47
37.700        33
37.710        33
37.720        60
37.730         7
37.740        13
37.750        47
37.760        20
37.770        47
37.780         7
37.790        40
37.800        13
37.810        60
37.820        73
37.830        87
37.840        33
37.850        40
37.860        53
37.870         7
37.880        27
37.890        27
37.900        20
37.910        40
37.920        47
37.930        20
37.940        40
37.950        47
37.960        20
37.970        20
37.980        27
37.990        53
38.000        27
38.010        20
38.020        33
38.030        33
38.040        20
38.050        27
38.060        20
38.070        20
38.080        20
38.090        33
38.100        33
38.110        33
38.120        13
38.130        27
38.140         7
38.150        27
38.160         0
38.170        27
38.180        20
38.190         7
38.200        13
38.210        27
38.220        27
38.230        33
38.240        27
38.250        33
38.260        53
38.270        33
38.280        40
38.290         7
38.300        27
38.310        33
38.320        40
38.330        33
38.340        13
38.350        20
38.360        20
38.370        13
38.380        20
38.390        27
38.400        13
38.410        13
38.420         7
38.430        47
38.440         0
38.450         7
38.460        40
38.470        27
38.480        13
38.490         7
38.500         7
38.510        13
38.520        33
38.530        27
38.540        27
38.550        33
38.560        27
38.570        27
38.580        13
38.590        13
38.600         7
38.610        27
38.620        20
38.630        13
38.640        13
38.650        20
38.660        27
38.670        20
38.680        20
38.690        40
38.700        47
38.710        40
38.720        13
38.730        20
38.740        13
38.750        60
38.760        20
38.770        33
38.780        13
38.790        60
38.800        20
38.810        27
38.820         7
38.830        20
38.840        20
38.850        47
38.860        13
38.870         7
38.880        27
38.890        40
38.900        20
38.910        33
38.920        27
38.930        20
38.940        40
38.950        27
38.960        40
38.970        60
38.980        53
38.990        27
39.000        53
39.010        53
39.020        47
39.030        33
39.040        27
39.050        40
39.060       120
39.070       113
39.080        60
39.090        93
39.100        93
39.110        87
39.120        87
39.130       127
39.140       107
39.150       167
39.160       127
39.170       120
39.180       107
39.190       147
39.200       293
39.210       240
39.220       167
39.230       260
39.240       187
39.250       207
39.260       307
39.270       247
39.280       253
39.290       300
39.300       280
39.310       300
39.320       320
39.330       347
39.340       333
39.350       300
39.360       260
39.370       307
39.380       247
39.390       267
39.400       240
39.410       167
39.420       220
39.430       240
39.440       220
39.450       173
39.460       187
39.470        93
39.480        80
39.490       133
39.500       187
39.510       120
39.520        73
39.530        93
39.540        67
39.550        53
39.560        73
39.570        80
39.580        53
39.590        33
39.600        73
39.610        40
39.620        60
39.630        53
39.640        27
39.650        20
39.660         7
39.670        33
39.680        40
39.690        40
39.700        20
39.710        53
39.720        40
39.730        20
39.740        20
39.750        33
39.760         7
39.770        20
39.780        27
39.790        13
39.800        27
39.810        47
39.820        40
39.830        13
39.840        20
39.850        13
39.860        40
39.870        20
39.880        20
39.890        20
39.900        40
39.910        20
39.920        40
39.930        33
39.940        20
39.950        53
39.960        33
39.970        27
39.980        40
39.990        33
40.000        33
40.010        20
40.020        27
40.030        13
40.040         0
40.050        47
40.060         7
40.070        60
40.080        27
40.090        27
40.100        53
40.110        33
40.120        33
40.130        20
40.140        33
40.150         7
40.160         7
40.170         7
40.180        27
40.190         7
40.200        40
40.210         7
40.220        20
40.230        13
40.240        27
40.250        13
40.260        33
40.270        20
40.280        33
40.290        27
40.300        27
40.310        13
40.320        20
40.330        27
40.340        13
40.350        13
40.360        33
40.370        20
40.380        40
40.390        27
40.400         7
40.410        53
40.420        33
40.430        27
40.440        40
40.450        27
40.460        13
40.470        20
40.480        20
40.490        20
40.500        40
40.510        33
40.520        20
40.530        20
40.540        40
40.550        33
40.560        13
40.570        20
40.580        27
40.590         7
40.600         7
40.610        40
40.620        40
40.630        13
40.640        20
40.650        27
40.660        33
40.670         7
40.680        27
40.690        13
40.700        20
40.710        13
40.720        20
40.730        13
40.740        20
40.750        20
40.760        20
40.770        13
40.780        13
40.790        20
40.800        33
40.810        13
40.820        33
40.830        13
40.840        20
40.850        20
40.860        13
40.870        27
40.880        20
40.890        20
40.900        33
40.910        20
40.920        20
40.930        20
40.940        40
40.950        20
40.960        20
40.970        27
40.980         7
40.990        13
41.000        13
41.010        20
41.020        33
41.030        27
41.040        27
41.050        13
41.060        33
41.070        33
41.080        13
41.090        13
41.100        40
41.110        20
41.120         7
41.130        33
41.140        20
41.150        47
41.160        20
41.170        20
41.180        20
41.190        20
41.200        13
41.210        27
41.220        33
41.230        27
41.240        33
41.250         0
41.260        40
41.270        60
41.280        27
41.290        20
41.300        27
41.310        13
41.320        27
41.330        13
41.340        20
41.350        47
41.360        40
41.370        47
41.380        40
41.390        33
41.400         7
41.410        27
41.420        40
41.430        40
41.440        27
41.450        27
41.460         7
41.470        40
41.480        33
41.490        40
41.500        40
41.510        40
41.520        33
41.530        20
41.540        27
41.550        33
41.560        53
41.570        53
41.580        27
41.590        67
41.600        33
41.610        53
41.620        80
41.630        73
41.640        73
41.650        67
41.660       100
41.670       173
41.680       147
41.690       127
41.700       220
41.710       127
41.720       193
41.730       220
41.740       147
41.750       100
41.760       100
41.770        80
41.780        80
41.790       133
41.800       153
41.810       107
41.820       100
41.830       100
41.840       120
41.850        93
41.860        47
41.870        40
41.880        47
41.890        27
41.900        20
41.910        47
41.920        13
41.930        53
41.940        33
41.950        27
41.960        47
41.970        40
41.980        33
41.990        20
42.000         7
42.010        33
42.020        20
42.030        27
42.040        20
42.050        33
42.060        27
42.070        47
42.080        27
42.090        20
42.100         0
42.110        20
42.120        27
42.130        20
42.140         0
42.150         7
42.160         7
42.170        33
42.180         7
42.190        27
42.200        47
42.210        27
42.220         7
42.230        13
42.240        27
42.250        13
42.260        40
42.270         7
42.280        27
42.290        60
42.300         7
42.310        40
42.320        20
42.330        13
42.340         7
42.350        13
42.360        40
42.370         7
42.380        13
42.390        33
42.400        20
42.410        40
42.420        20
42.430        20
42.440         7
42.450        13
42.460        20
42.470        13
42.480         0
42.490        33
42.500        33
42.510        13
42.520        20
42.530        40
42.540         7
42.550        20
42.560        33
42.570        40
42.580        20
42.590        13
42.600        13
42.610        40
42.620        27
42.630        47
42.640        13
42.650        40
42.660        13
42.670        20
42.680        27
42.690         7
42.700        13
42.710        47
42.720        13
42.730         7
42.740        20
42.750         7
42.760        20
42.770        20
42.780        20
42.790        47
42.800        20
42.810         0
42.820        33
42.830        20
42.840        13
42.850        13
42.860        13
42.870        33
42.880         7
42.890        13
42.900        33
42.910        20
42.920         7
42.930        20
42.940        20
42.950        20
42.960        13
42.970        27
42.980         7
42.990         7
43.000        20
43.010        33
43.020        20
43.030        27
43.040        33
43.050        20
43.060        13
43.070        13
43.080        27
43.090        27
43.100        13
43.110         7
43.120         7
43.130        40
43.140        13
43.150        33
43.160         7
43.170        33
43.180        33
43.190        27
43.200         7
43.210        20
43.220        33
43.230        33
43.240        40
43.250        27
43.260        40
43.270        27
43.280        33
43.290        87
43.300        93
43.310        67
43.320        87
43.330        67
43.340        60
43.350       113
43.360        60
43.370        80
43.380       113
43.390        53
43.400       107
43.410       100
43.420       133
43.430       133
43.440        67
43.450        93
43.460       133
43.470        67
43.480        73
43.490        87
43.500        80
43.510        67
43.520       107
43.530        53
43.540        33
43.550        93
43.560        67
43.570        20
43.580        20
43.590        47
43.600        40
43.610        27
43.620        13
43.630        47
43.640         7
43.650        13
43.660        13
43.670        27
43.680        27
43.690        27
43.700        13
43.710        20
43.720         7
43.730        27
43.740         7
43.750        13
43.760        33
43.770        27
43.780        20
43.790        27
43.800        33
43.810        20
43.820        27
43.830        40
43.840        27
43.850         7
43.860        27
43.870        20
43.880        13
43.890        20
43.900        33
43.910        20
43.920        20
43.930        27
43.940        27
43.950         7
43.960        33
43.970         7
43.980        20
43.990        13
44.000        33
44.010        20
44.020         7
44.030        20
44.040        13
44.050        20
44.060        20
44.070        20
44.080        33
44.090        13
44.100        33
44.110        33
44.120        27
44.130        40
44.140        13
44.150        33
44.160        20
44.170        13
44.180         7
44.190        27
44.200        27
44.210        27
44.220         0
44.230        20
44.240         7
44.250        13
44.260        13
44.270        40
44.280        27
44.290        20
44.300         0
44.310        20
44.320        27
44.330        33
44.340        13
44.350        20
44.360         7
44.370        20
44.380        13
44.390        20
44.400        13
44.410        20
44.420        13
44.430        13
44.440        33
44.450        27
44.460         7
44.470        13
44.480        13
44.490        20
44.500        27
44.510         0
44.520        27
44.530        40
44.540        20
44.550        13
44.560         7
44.570        13
44.580        33
44.590         0
44.600        27
44.610        13
44.620        20
44.630        13
44.640        20
44.650        20
44.660         7
44.670         7
44.680        27
44.690         7
44.700        27
44.710        13
44.720        20
44.730        13
44.740        27
44.750        20
44.760        20
44.770        20
44.780        13
44.790        47
44.800        20
44.810        20
44.820        27
44.830        27
44.840        13
44.850        20
44.860        13
44.870        20
44.880        27
44.890        20
44.900        33
44.910         7
44.920        13
44.930        27
44.940        13
44.950        33
44.960        20
44.970        40
44.980        20
44.990         0
45.000        20
45.010         7
45.020        27
45.030        13
45.040        13
45.050        33
45.060        27
45.070        60
45.080        20
45.090        33
45.100        20
45.110        27
45.120        13
45.130        27
45.140        20
45.150        27
45.160        33
45.170        20
45.180        33
45.190        40
45.200         7
45.210         7
45.220        20
45.230        13
45.240        20
45.250        20
45.260         0
45.270        27
45.280        27
45.290        13
45.300        13
45.310        20
45.320         7
45.330        20
45.340        13
45.350        33
45.360         7
45.370        27
45.380        20
45.390        33
45.400        33
45.410         7
45.420         7
45.430        33
45.440        13
45.450        27
45.460        20
45.470        33
45.480        33
45.490        13
45.500        20
45.510        27
45.520        20
45.530        13
45.540        33
45.550        27
45.560        27
45.570        27
45.580        33
45.590        33
45.600        33
45.610        33
45.620         7
45.630        47
45.640        27
45.650        27
45.660        33
45.670        67
45.680        13
45.690        27
45.700        53
45.710        27
45.720        27
45.730        33
45.740        33
45.750        27
45.760        13
45.770        47
45.780        27
45.790        40
45.800        40
45.810        33
45.820        60
45.830        47
45.840        20
45.850        40
45.860         7
45.870        27
45.880        20
45.890        20
45.900        80
45.910        33
45.920        27
45.930        13
45.940        40
45.950         0
45.960        20
45.970        27
45.980        47
45.990        27
46.000        20
46.010        40
46.020        27
46.030        20
46.040        40
46.050        27
46.060        33
46.070        13
46.080        13
46.090        33
46.100         7
46.110        27
46.120        27
46.130         7
46.140        20
46.150        27
46.160        33
46.170        20
46.180        13
46.190        27
46.200        20
46.210        27
46.220         7
46.230         7
46.240        27
46.250        20
46.260        33
46.270        20
46.280        20
46.290        27
46.300         7
46.310        13
46.320         0
46.330         7
46.340         7
46.350        27
46.360        20
46.370        13
46.380        27
46.390        13
46.400        13
46.410        20
46.420        27
46.430        13
46.440        20
46.450         7
46.460        20
46.470        13
46.480        13
46.490         7
46.500        20
46.510        13
46.520         7
46.530        20
46.540        33
46.550         7
46.560        13
46.570         0
46.580        20
46.590        20
46.600        20
46.610         7
46.620        40
46.630        13
46.640        20
46.650         0
46.660        20
46.670        40
46.680         7
46.690        20
46.700        33
46.710        13
46.720         7
46.730        20
46.740        33
46.750        13
46.760         7
46.770        33
46.780        20
46.790        27
46.800         0
46.810         7
46.820        27
46.830        27
46.840        13
46.850        20
46.860        27
46.870        40
46.880        33
46.890         7
46.900        33
46.910        33
46.920        20
46.930         7
46.940        27
46.950         0
46.960        33
46.970         7
46.980        27
46.990        20
47.000        33
47.010        13
47.020         7
47.030        13
47.040        27
47.050        33
47.060        20
47.070         0
47.080        20
47.090        13
47.100         0
47.110         7
47.120        40
47.130        20
47.140         7
47.150        20
47.160        20
47.170         7
47.180        40
47.190         7
47.200        33
47.210        47
47.220        20
47.230        13
47.240        13
47.250        53
47.260        20
47.270         0
47.280        27
47.290        13
47.300         7
47.310        27
47.320         0
47.330        13
47.340        40
47.350        13
47.360        20
47.370         0
47.380        13
47.390        20
47.400        20
47.410        27
47.420         7
47.430        27
47.440         7
47.450        13
47.460         7
47.470         7
47.480         7
47.490        20
47.500         7
47.510        20
47.520        13
47.530        53
47.540        20
47.550        20
47.560        27
47.570         7
47.580        13
47.590        13
47.600         7
47.610        13
47.620        13
47.630        20
47.640        13
47.650        20
47.660         7
47.670        20
47.680        20
47.690         7
47.700        27
47.710         0
47.720         7
47.730        13
47.740        20
47.750        33
47.760         0
47.770        20
47.780        13
47.790        13
47.800         7
47.810         7
47.820        20
47.830        20
47.840         7
47.850         7
47.860        33
47.870         7
47.880        13
47.890        27
47.900         7
47.910        13
47.920         7
47.930        27
47.940         7
47.950        20
47.960        27
47.970         7
47.980         7
47.990         0
48.000        13
48.010        20
48.020         0
48.030        47
48.040        33
48.050        20
48.060        13
48.070        20
48.080        27
48.090        20
48.100        13
48.110        13
48.120        33
48.130        20
48.140        20
48.150        27
48.160         7
48.170        20
48.180        27
48.190        13
48.200        47
48.210        40
48.220        20
48.230        20
48.240        40
48.250         0
48.260        20
48.270        20
48.280        13
48.290        13
48.300        13
48.310        33
48.320        20
48.330        27
48.340         7
48.350         0
48.360        27
48.370         7
48.380         7
48.390        20
48.400         7
48.410        33
48.420        20
48.430        13
48.440        20
48.450         0
48.460         7
48.470        13
48.480        13
48.490         0
48.500        27
48.510        13
48.520         7
48.530        20
48.540        20
48.550        27
48.560        20
48.570         7
48.580         7
48.590        27
48.600        13
48.610        27
48.620        20
48.630        27
48.640         0
48.650         7
48.660        33
48.670        53
48.680        13
48.690         7
48.700        27
48.710        27
48.720        20
48.730        27
48.740        13
48.750         7
48.760         7
48.770         0
48.780        27
48.790         0
48.800        20
48.810        13
48.820        27
48.830         7
48.840        20
48.850        33
48.860        20
48.870         7
48.880        13
48.890        27
48.900         0
48.910        20
48.920        13
48.930        13
48.940        13
48.950         7
48.960         7
48.970        13
48.980         7
48.990        27
49.000        20
49.010         7
49.020         0
49.030         0
49.040         0
49.050        13
49.060        13
49.070         7
49.080        13
49.090        20
49.100        27
49.110         7
49.120         7
49.130        20
49.140         0
49.150        13
49.160         0
49.170        13
49.180        13
49.190         7
49.200         7
49.210        13
49.220        13
49.230        13
49.240        33
49.250         7
49.260         7
49.270        27
49.280         7
49.290        20
49.300        13
49.310        20
49.320         7
49.330        13
49.340        47
49.350         7
49.360        33
49.370        27
49.380        33
49.390        13
49.400         7
49.410        20
49.420        20
49.430        20
49.440        33
49.450         0
49.460         7
49.470        20
49.480        20
49.490         7
49.500        13
49.510        20
49.520         7
49.530        27
49.540        13
49.550        20
49.560        27
49.570        20
49.580        20
49.590        27
49.600         0
49.610        13
49.620        20
49.630        27
49.640        33
49.650        13
49.660         7
49.670        13
49.680        13
49.690        20
49.700        20
49.710        13
49.720        13
49.730        13
49.740        20
49.750         7
49.760         7
49.770        13
49.780         7
49.790        13
49.800        13
49.810        20
49.820        20
49.830        27
49.840        27
49.850         7
49.860        20
49.870        33
49.880        13
49.890        13
49.900         0
49.910        27
49.920         0
49.930        13
49.940        27
49.950         0
49.960        27
49.970        13
49.980        20
49.990         0
50.000        13
50.010        27
50.020        13
50.030         7
50.040         0
50.050        13
50.060        20
50.070        20
50.080         7
50.090         7
50.100        13
50.110        20
50.120        20
50.130         7
50.140        13
50.150        13
50.160         0
50.170         0
50.180         7
50.190         0
50.200         7
50.210        33
50.220         0
50.230         7
50.240         0
50.250        13
50.260         7
50.270        13
50.280         0
50.290        33
50.300         7
50.310        20
50.320         0
50.330         7
50.340         7
50.350        13
50.360        20
50.370         7
50.380        33
50.390        27
50.400         0
50.410        13
50.420         7
50.430         0
50.440        20
50.450        13
50.460         0
50.470        20
50.480        20
50.490        20
50.500        20
50.510         7
50.520         7
50.530        13
50.540        33
50.550        20
50.560        27
50.570        13
50.580        20
50.590        13
50.600        13
50.610        20
50.620         7
50.630        20
50.640         7
50.650        47
50.660         7
50.670        13
50.680         7
50.690         0
50.700        20
50.710        13
50.720        33
50.730        27
50.740        13
50.750        13
50.760         7
50.770        20
50.780        27
50.790        13
50.800        20
50.810        33
50.820         7
50.830        40
50.840         7
50.850         7
50.860         7
50.870        33
50.880         7
50.890        27
50.900        33
50.910        33
50.920        13
50.930        27
50.940        27
50.950        13
50.960        13
50.970         7
50.980         7
50.990        13
51.000        20
51.010        40
51.020         7
51.030        20
51.040         0
51.050         7
51.060        20
51.070         7
51.080        27
51.090         7
51.100        13
51.110        13
51.120        33
51.130        33
51.140        20
51.150        27
51.160         7
51.170         7
51.180        27
51.190        13
51.200        33
51.210        27
51.220        20
51.230         7
51.240         7
51.250        20
51.260        13
51.270        27
51.280         0
51.290        27
51.300         0
51.310        33
51.320         7
51.330        13
51.340        20
51.350        20
51.360        13
51.370        13
51.380        13
51.390        33
51.400         0
51.410        20
51.420        33
51.430        47
51.440         7
51.450        33
51.460        27
51.470        13
51.480        20
51.490        13
51.500        13
51.510        13
51.520         7
51.530        33
51.540        33
51.550        13
51.560         0
51.570        20
51.580        27
51.590         0
51.600        13
51.610        20
51.620        13
51.630        20
51.640        40
51.650         7
51.660         7
51.670        13
51.680        20
51.690        13
51.700        27
51.710        13
51.720        20
51.730        33
51.740        20
51.750        33
51.760        27
51.770        27
51.780        33
51.790        27
51.800        20
51.810        20
51.820        20
51.830        13
51.840        40
51.850        40
51.860         7
51.870         0
51.880        13
51.890        13
51.900         0
51.910        13
51.920        20
51.930        13
51.940         7
51.950        13
51.960         7
51.970        13
51.980         7
51.990        33
52.000        27
52.010         7
52.020        13
52.030        13
52.040        13
52.050        20
52.060         7
52.070         7
52.080         7
52.090        20
52.100        20
52.110        20
52.120         0
52.130        13
52.140         7
52.150        13
52.160        13
52.170        33
52.180        13
52.190        27
52.200         7
52.210        13
52.220         0
52.230         0
52.240        20
52.250        20
52.260        27
52.270        20
52.280        13
52.290         7
52.300        20
52.310        13
52.320        13
52.330         7
52.340        20
52.350        20
52.360        33
52.370         7
52.380        20
52.390        20
52.400        33
52.410        20
52.420         7
52.430        53
52.440        20
52.450         7
52.460        20
52.470        40
52.480        13
52.490        33
52.500         0
52.510         7
52.520        47
52.530        27
52.540        40
52.550        13
52.560       107
52.570        87
52.580       120
52.590       127
52.600       120
52.610       133
52.620       113
52.630        73
52.640        47
52.650        40
52.660        47
52.670        33
52.680        33
52.690         7
52.700        33
52.710        87
52.720        93
52.730        73
52.740        93
52.750        73
52.760        53
52.770        60
52.780        27
52.790        33
52.800        27
52.810        40
52.820        27
52.830        40
52.840        33
52.850         7
52.860         0
52.870        13
52.880        13
52.890        13
52.900         7
52.910        13
52.920        27
52.930         7
52.940         7
52.950        13
52.960        40
52.970        27
52.980        13
52.990        20
53.000        20
53.010        13
53.020        40
53.030        13
53.040         7
53.050         7
53.060        33
53.070        20
53.080        20
53.090        13
53.100         7
53.110        20
53.120        13
53.130        20
53.140        40
53.150         7
53.160         7
53.170        13
53.180        27
53.190         7
53.200         7
53.210         7
53.220         0
53.230        13
53.240        13
53.250        20
53.260         7
53.270        13
53.280        13
53.290        20
53.300         7
53.310        33
53.320         7
53.330        27
53.340        20
53.350        13
53.360        33
53.370        13
53.380        13
53.390        13
53.400        27
53.410         7
53.420        27
53.430         7
53.440        20
53.450        13
53.460        13
53.470        13
53.480        13
53.490        13
53.500         7
53.510        40
53.520        13
53.530         0
53.540        27
53.550         7
53.560        20
53.570         7
53.580         7
53.590        13
53.600         7
53.610        13
53.620        13
53.630         0
53.640         0
53.650         0
53.660         7
53.670        13
53.680        13
53.690        40
53.700        13
53.710         7
53.720         7
53.730        20
53.740        13
53.750        40
53.760        27
53.770         0
53.780        20
53.790        13
53.800        33
53.810         0
53.820        27
53.830        27
53.840        13
53.850        27
53.860         7
53.870         7
53.880        13
53.890        13
53.900        27
53.910        33
53.920        13
53.930         7
53.940        33
53.950        13
53.960         7
53.970        13
53.980         7
53.990         7
54.000        20
54.010        27
54.020        20
54.030        13
54.040        13
54.050         7
54.060        27
54.070        13
54.080        13
54.090         7
54.100        33
54.110         7
54.120        20
54.130        20
54.140        20
54.150         7
54.160         0
54.170        13
54.180        33
54.190        27
54.200        27
54.210         7
54.220         7
54.230         0
54.240        13
54.250         7
54.260        13
54.270        27
54.280         7
54.290        20
54.300        27
54.310         7
54.320         7
54.330        13
54.340        13
54.350         7
54.360         0
54.370        13
54.380        20
54.390         0
54.400        13
54.410        27
54.420         7
54.430        20
54.440        27
54.450        20
54.460        13
54.470        13
54.480         0
54.490        40
54.500         0
54.510        27
54.520        33
54.530        20
54.540        13
54.550         7
54.560        27
54.570        33
54.580        33
54.590        20
54.600        13
54.610        13
54.620         0
54.630        13
54.640         7
54.650         7
54.660        27
54.670         7
54.680        13
54.690         7
54.700        60
54.710         7
54.720        27
54.730        27
54.740         7
54.750        27
54.760         0
54.770        13
54.780        33
54.790        13
54.800        27
54.810        33
54.820        33
54.830         0
54.840         7
54.850        20
54.860        40
54.870        27
54.880        20
54.890        33
54.900         0
54.910        27
54.920        33
54.930         7
54.940        27
54.950         7
54.960         0
54.970        33
54.980        13
54.990        20
55.000        40
55.010        13
55.020         7
55.030        27
55.040        27
55.050        20
55.060         0
55.070        33
55.080        27
55.090        13
55.100        20
55.110        27
55.120        13
55.130        13
55.140        27
55.150         7
55.160        13
55.170         7
55.180        13
55.190        13
55.200        13
55.210        13
55.220        13
55.230        33
55.240         7
55.250         7
55.260        20
55.270        13
55.280        13
55.290         7
55.300        13
55.310        27
55.320        13
55.330        20
55.340        20
55.350        20
55.360        13
55.370        20
55.380        47
55.390        13
55.400        13
55.410         7
55.420        27
55.430        20
55.440        27
55.450        47
55.460         7
55.470        13
55.480        20
55.490         7
55.500        27
55.510        27
55.520        13
55.530         7
55.540        33
55.550        20
55.560        27
55.570        13
55.580        13
55.590        13
55.600        40
55.610        20
55.620         0
55.630         0
55.640        20
55.650        47
55.660         7
55.670         7
55.680         7
55.690        27
55.700        40
55.710        20
55.720        20
55.730        27
55.740        13
55.750        27
55.760        27
55.770        13
55.780         7
55.790        13
55.800        67
55.810         7
55.820        20
55.830        20
55.840        13
55.850        33
55.860         7
55.870        33
55.880        13
55.890        13
55.900         0
55.910        60
55.920        20
55.930         7
55.940        13
55.950        13
55.960         7
55.970        27
55.980        20
55.990        20
56.000        13
56.010         7
56.020         0
56.030        20
56.040        13
56.050        33
56.060        20
56.070        20
56.080        13
56.090        27
56.100        13
56.110        60
56.120        20
56.130        33
56.140        27
56.150        13
56.160        20
56.170         7
56.180        40
56.190         7
56.200        20
56.210        20
56.220        33
56.230        20
56.240         7
56.250        40
56.260        27
56.270        33
56.280        33
56.290        27
56.300        47
56.310        13
56.320        20
56.330        20
56.340        27
56.350        33
56.360        40
56.370        27
56.380        40
56.390        33
56.400        47
56.410        67
56.420        40
56.430        53
56.440        53
56.450        60
56.460        40
56.470        40
56.480        67
56.490        67
56.500        73
56.510        27
56.520        53
56.530       100
56.540        27
56.550        87
56.560       120
56.570       120
56.580       153
56.590       147
56.600       247
56.610       160
56.620       207
56.630       200
56.640       240
56.650       220
56.660       280
56.670       253
56.680       287
56.690       353
56.700       380
56.710       360
56.720       327
56.730       353
56.740       280
56.750       300
56.760       353
56.770       400
56.780       287
56.790       347
56.800       300
56.810       280
56.820       253
56.830       313
56.840       300
56.850       267
56.860       233
56.870       293
56.880       287
56.890       320
56.900       200
56.910       253
56.920       220
56.930       353
56.940       160
56.950       227
56.960       227
56.970       173
56.980       180
56.990       200
57.000       240
57.010       167
57.020       227
57.030       167
57.040       113
57.050       113
57.060       140
57.070       160
57.080       173
57.090       107
57.100       153
57.110       160
57.120        93
57.130        73
57.140        60
57.150        87
57.160        73
57.170        47
57.180        60
57.190        60
57.200        73
57.210        40
57.220        47
57.230        47
57.240        33
57.250        53
57.260        33
57.270        27
57.280        27
57.290        67
57.300        27
57.310        20
57.320        40
57.330        67
57.340        33
57.350        33
57.360        27
57.370        33
57.380        47
57.390        47
57.400        27
57.410        27
57.420        60
57.430        67
57.440        47
57.450        60
57.460        80
57.470        73
57.480        80
57.490        67
57.500       100
57.510       127
57.520        87
57.530        87
57.540        80
57.550       120
57.560        67
57.570        60
57.580        53
57.590       133
57.600       107
57.610        73
57.620       100
57.630        47
57.640        93
57.650        73
57.660        27
57.670        47
57.680        53
57.690        67
57.700        40
57.710        87
57.720        73
57.730        40
57.740        53
57.750        47
57.760        33
57.770        40
57.780        27
57.790        13
57.800        13
57.810        13
57.820        33
57.830        20
57.840        13
57.850        20
57.860        13
57.870        40
57.880        20
57.890        27
57.900        13
57.910        27
57.920        27
57.930        20
57.940        20
57.950        27
57.960        13
57.970        27
57.980        20
57.990        20
58.000         7
58.010        13
58.020        20
58.030        33
58.040        27
58.050        27
58.060        13
58.070         7
58.080        13
58.090         7
58.100        13
58.110         7
58.120        33
58.130        27
58.140        20
58.150        20
58.160        40
58.170        13
58.180        33
58.190        20
58.200         7
58.210        20
58.220        20
58.230        13
58.240        40
58.250        27
58.260        27
58.270        13
58.280         7
58.290         7
58.300        13
58.310         0
58.320        20
58.330        20
58.340         7
58.350        20
58.360        13
58.370         0
58.380        20
58.390        20
58.400         0
58.410        13
58.420        13
58.430        20
58.440        13
58.450         7
58.460        13
58.470        27
58.480        13
58.490        13
58.500        20
58.510        13
58.520         7
58.530        13
58.540         7
58.550         7
58.560        13
58.570        27
58.580        27
58.590        13
58.600        13
58.610        20
58.620        27
58.630        20
58.640         0
58.650        13
58.660         7
58.670        13
58.680        20
58.690        13
58.700        13
58.710         0
58.720        13
58.730         0
58.740        13
58.750        20
58.760        13
58.770        13
58.780        33
58.790        13
58.800        13
58.810         7
58.820        27
58.830        27
58.840        20
58.850        40
58.860         0
58.870        20
58.880        13
58.890        33
58.900        20
58.910        13
58.920        20
58.930        20
58.940        13
58.950        13
58.960         0
58.970        27
58.980        20
58.990        20
59.000        33
59.010        40
59.020        20
59.030        13
59.040         7
59.050        27
59.060         7
59.070        13
59.080         0
59.090        13
59.100        20
59.110        20
59.120        13
59.130        20
59.140        20
59.150         7
59.160        20
59.170        13
59.180        27
59.190         7
59.200         7
59.210        13
59.220        40
59.230        13
59.240        13
59.250        27
59.260        27
59.270         7
59.280         7
59.290         7
59.300        27
59.310         7
59.320        13
59.330         7
59.340         0
59.350         0
59.360        20
59.370        20
59.380        20
59.390        20
59.400        20
59.410        13
59.420        27
59.430        13
59.440        13
59.450         7
59.460        27
59.470        20
59.480        13
59.490         7
59.500         0
59.510        20
59.520        20
59.530        13
59.540        20
59.550         7
59.560        13
59.570        20
59.580        13
59.590        27
59.600         0
59.610         7
59.620         7
59.630        20
59.640        13
59.650        40
59.660         7
59.670        20
59.680         7
59.690        20
59.700        47
59.710        27
59.720         7
59.730        20
59.740        13
59.750        40
59.760        53
59.770         7
59.780         7
59.790        27
59.800        20
59.810        13
59.820         7
59.830        27
59.840         7
59.850        20
59.860        27
59.870        27
59.880         7
59.890        13
59.900        20
59.910         0
59.920        13
59.930        20
59.940        27
59.950        13
59.960        20
59.970         7
59.980         7
59.990         7
60.000        20
