20.000        90
20.020        93
20.040       117
20.060        93
20.080        77
20.100        77
20.120        70
20.140        90
20.160        77
20.180        73
20.200        67
20.220       117
20.240       107
20.260        83
20.280        67
20.300       117
20.320        87
20.340        70
20.360       100
20.380        80
20.400        63
20.420        77
20.440        70
20.460        97
20.480        87
20.500        83
20.520       100
20.540       133
20.560       103
20.580        60
20.600        90
20.620        97
20.640        70
20.660       100
20.680       107
20.700        77
20.720        80
20.740        93
20.760        90
20.780        87
20.800        73
20.820        80
20.840        87
20.860        97
20.880       100
20.900        80
20.920        90
20.940        93
20.960        90
20.980        93
21.000       100
21.020        73
21.040       107
21.060        90
21.080        63
21.100        97
21.120       107
21.140        90
21.160       103
21.180       110
21.200        97
21.220        77
21.240       110
21.260        80
21.280        93
21.300        97
21.320        90
21.340        73
21.360        93
21.380        93
21.400       110
21.420        67
21.440        73
21.460       110
21.480       120
21.500        73
21.520       127
21.540        87
21.560        93
21.580       107
21.600       113
21.620       113
21.640       100
21.660        87
21.680        97
21.700        73
21.720       113
21.740        90
21.760       110
21.780       110
21.800       100
21.820       123
21.840       100
21.860        80
21.880       100
21.900        67
21.920        63
21.940        90
21.960       127
21.980        87
22.000        90
22.020       113
22.040        80
22.060       100
22.080        67
22.100        87
22.120        97
22.140       133
22.160       167
22.180       120
22.200       103
22.220        90
22.240       100
22.260        93
22.280       123
22.300       103
22.320        77
22.340       113
22.360       113
22.380       103
22.400        73
22.420        77
22.440        93
22.460        57
22.480        80
22.500        90
22.520        83
22.540        90
22.560        73
22.580        90
22.600        73
22.620        53
22.640        73
22.660        83
22.680        77
22.700        77
22.720       103
22.740        60
22.760        70
22.780        57
22.800        87
22.820        53
22.840        90
22.860       100
22.880       100
22.900        97
22.920        80
22.940        90
22.960        87
22.980       100
23.000        83
23.020        73
23.040        53
23.060        80
23.080       110
23.100        97
23.120       113
23.140       110
23.160       120
23.180        73
23.200        73
23.220        80
23.240        73
23.260        90
23.280       107
23.300        43
23.320        87
23.340        57
23.360       100
23.380        90
23.400        53
23.420        90
23.440        67
23.460        83
23.480        83
23.500        93
23.520       100
23.540        83
23.560        83
23.580        83
23.600       113
23.620        97
23.640        60
23.660        90
23.680        67
23.700        77
23.720        60
23.740        77
23.760        87
23.780        83
23.800        60
23.820        80
23.840        80
23.860       117
23.880        90
23.900        97
23.920        77
23.940        60
23.960        60
23.980        63
24.000        57
24.020       117
24.040        63
24.060       110
24.080        57
24.100        70
24.120        57
24.140       117
24.160        93
24.180        83
24.200        67
24.220        43
24.240        77
24.260        63
24.280        67
24.300        97
24.320        87
24.340        53
24.360        67
24.380        67
24.400        73
24.420        93
24.440        90
24.460        80
24.480        77
24.500        77
24.520        83
24.540       100
24.560        93
24.580        60
24.600        70
24.620        63
24.640       107
24.660       100
24.680        83
24.700       103
24.720        77
24.740        60
24.760        97
24.780        77
24.800        93
24.820       127
24.840       120
24.860       103
24.880       113
24.900       103
24.920        97
24.940       150
24.960       133
24.980       167
25.000       107
25.020       127
25.040       107
25.060       103
25.080       110
25.100       140
25.120        93
25.140        73
25.160        83
25.180        77
25.200        70
25.220        70
25.240        83
25.260        73
25.280        87
25.300        63
25.320        83
25.340        87
25.360        67
25.380        77
25.400        83
25.420       100
25.440       113
25.460        83
25.480        57
25.500        87
25.520        97
25.540       113
25.560        83
25.580        93
25.600        70
25.620        87
25.640       117
25.660        93
25.680        93
25.700        67
25.720       123
25.740       110
25.760       113
25.780       100
25.800       100
25.820        80
25.840        73
25.860       127
25.880        97
25.900       103
25.920       123
25.940       107
25.960       107
25.980       160
26.000       150
26.020        97
26.040       120
26.060       107
26.080       150
26.100       147
26.120       133
26.140       160
26.160       100
26.180       157
26.200       163
26.220       143
26.240       147
26.260       210
26.280       153
26.300       170
26.320       200
26.340       260
26.360       207
26.380       213
26.400       233
26.420       210
26.440       247
26.460       253
26.480       293
26.500       263
26.520       300
26.540       253
26.560       317
26.580       333
26.600       290
26.620       300
26.640       340
26.660       260
26.680       303
26.700       237
26.720       263
26.740       243
26.760       203
26.780       220
26.800       180
26.820       163
26.840       210
26.860       170
26.880       177
26.900       163
26.920       217
26.940       160
26.960       120
26.980       130
27.000        97
27.020       107
27.040       137
27.060       153
27.080        93
27.100       137
27.120       107
27.140       123
27.160       113
27.180        80
27.200        87
27.220        77
27.240        63
27.260        90
27.280       110
27.300        93
27.320        83
27.340        87
27.360       117
27.380        47
27.400        83
27.420        80
27.440       117
27.460        60
27.480       100
27.500        70
27.520        63
27.540        53
27.560        73
27.580        73
27.600        80
27.620        60
27.640        63
27.660        70
27.680        97
27.700        47
27.720        73
27.740        60
27.760        57
27.780        60
27.800        67
27.820        73
27.840        83
27.860        70
27.880        53
27.900        50
27.920        77
27.940        53
27.960        50
27.980        83
28.000        87
28.020        93
28.040        60
28.060        50
28.080        53
28.100        57
28.120        73
28.140        70
28.160        53
28.180        60
28.200        67
28.220        67
28.240        80
28.260        57
28.280        73
28.300        73
28.320        60
28.340        63
28.360        70
28.380        60
28.400        57
28.420        63
28.440        60
28.460        80
28.480        63
28.500        67
28.520        60
28.540        67
28.560        60
28.580        53
28.600        77
28.620        73
28.640        53
28.660        63
28.680        47
28.700        40
28.720        57
28.740        60
28.760        63
28.780        43
28.800        40
28.820        53
28.840        50
28.860        37
28.880        57
28.900        57
28.920        37
28.940        70
28.960        80
28.980        37
29.000        57
29.020        67
29.040        43
29.060        67
29.080        53
29.100        73
29.120        50
29.140        83
29.160        70
29.180        47
29.200        57
29.220        70
29.240        57
29.260        70
29.280        73
29.300        57
29.320       100
29.340        83
29.360       140
29.380       103
29.400       110
29.420       140
29.440       147
29.460       117
29.480       133
29.500       153
29.520       140
29.540       130
29.560       137
29.580       100
29.600        63
29.620        87
29.640        80
29.660        53
29.680        73
29.700        43
29.720        47
29.740        57
29.760        40
29.780        40
29.800        63
29.820        40
29.840        50
29.860        53
29.880        70
29.900        63
29.920        60
29.940        60
29.960        40
29.980        40
30.000        50
30.020        50
30.040        73
30.060        47
30.080        53
30.100        60
30.120        33
30.140        50
30.160        53
30.180        33
30.200        40
30.220        63
30.240        37
30.260        57
30.280        37
30.300        50
30.320        70
30.340        67
30.360        37
30.380        37
30.400        33
30.420        63
30.440        63
30.460        73
30.480        63
30.500        43
30.520        37
30.540        50
30.560        80
30.580        57
30.600        50
30.620        57
30.640        57
30.660        47
30.680        40
30.700        63
30.720        30
30.740        73
30.760        57
30.780        73
30.800        83
30.820        40
30.840        30
30.860        33
30.880        47
30.900        50
30.920        37
30.940        50
30.960        63
30.980        70
31.000        57
31.020        67
31.040        60
31.060        67
31.080        70
31.100        40
31.120        70
31.140        37
31.160        47
31.180        57
31.200        53
31.220        77
31.240        50
31.260        63
31.280        43
31.300        77
31.320        80
31.340        67
31.360        63
31.380       100
31.400        70
31.420        93
31.440        77
31.460       140
31.480       147
31.500       120
31.520       130
31.540       220
31.560       190
31.580       237
31.600       217
31.620       230
31.640       247
31.660       233
31.680       193
31.700       167
31.720       170
31.740       167
31.760       130
31.780       147
31.800        90
31.820        80
31.840        80
31.860        60
31.880        77
31.900        83
31.920        60
31.940        33
31.960        73
31.980        47
32.000        77
32.020        43
32.040        53
32.060        60
32.080        63
32.100        97
32.120        60
32.140        60
32.160        67
32.180        47
32.200        57
32.220        67
32.240        50
32.260        43
32.280        37
32.300        53
32.320        47
32.340        63
32.360        57
32.380        53
32.400        60
32.420        43
32.440        40
32.460        60
32.480        70
32.500        47
32.520        43
32.540        60
32.560        47
32.580        70
32.600        37
32.620        47
32.640        63
32.660        77
32.680        57
32.700        33
32.720        67
32.740        37
32.760        53
32.780        47
32.800        67
32.820        40
32.840        47
32.860        43
32.880        47
32.900        57
32.920        47
32.940        37
32.960        37
32.980        47
33.000        60
33.020        50
33.040        47
33.060        50
33.080        43
33.100        57
33.120        60
33.140        47
33.160        47
33.180        50
33.200        80
33.220        67
33.240        57
33.260        60
33.280        43
33.300        47
33.320        40
33.340        57
33.360        40
33.380        33
33.400        73
33.420        57
33.440        60
33.460        50
33.480        47
33.500        50
33.520        77
33.540        57
33.560        47
33.580        60
33.600        63
33.620        53
33.640        47
33.660        43
33.680        90
33.700        40
33.720        57
33.740        50
33.760        90
33.780        53
33.800        60
33.820        53
33.840        37
33.860        27
33.880        73
33.900        50
33.920        57
33.940        40
33.960        67
33.980        47
34.000        40
34.020        53
34.040        47
34.060        83
34.080        40
34.100        53
34.120        43
34.140        60
34.160        57
34.180        77
34.200        33
34.220        40
34.240        33
34.260        40
34.280        53
34.300        53
34.320        57
34.340        70
34.360        40
34.380        53
34.400        77
34.420        60
34.440        60
34.460        70
34.480        53
34.500        27
34.520        50
34.540        40
34.560        47
34.580        40
34.600        33
34.620        47
34.640        53
34.660        67
34.680        53
34.700        73
34.720        53
34.740        53
34.760        57
34.780        57
34.800        47
34.820        43
34.840        43
34.860        77
34.880        67
34.900        57
34.920        43
34.940        33
34.960        40
34.980        80
35.000        57
35.020        43
35.040        43
35.060        37
35.080        40
35.100        43
35.120        50
35.140        63
35.160        47
35.180        50
35.200        63
35.220        27
35.240        60
35.260        50
35.280        60
35.300        57
35.320        50
35.340        37
35.360        30
35.380        47
35.400        57
35.420        43
35.440        67
35.460        57
35.480        50
35.500        40
35.520        57
35.540        47
35.560        43
35.580        67
35.600        50
35.620        67
35.640        50
35.660        57
35.680        50
35.700        43
35.720        77
35.740        50
35.760        70
35.780        53
35.800        43
35.820        60
35.840        43
35.860        50
35.880        53
35.900        60
35.920        70
35.940        57
35.960        67
35.980        63
36.000        47
36.020        43
36.040        83
36.060        70
36.080        63
36.100        63
36.120        57
36.140        27
36.160        47
36.180        57
36.200        33
36.220        67
36.240        67
36.260        63
36.280        47
36.300        50
36.320        33
36.340        40
36.360        73
36.380        77
36.400        60
36.420        30
36.440        53
36.460        47
36.480        60
36.500        60
36.520        80
36.540        67
36.560        77
36.580        77
36.600        47
36.620        63
36.640        43
36.660        63
36.680        83
36.700        80
36.720       103
36.740        67
36.760        63
36.780        83
36.800        73
36.820        67
36.840       100
36.860        80
36.880        60
36.900        53
36.920        60
36.940        60
36.960        57
36.980        73
37.000        70
37.020        57
37.040        57
37.060        63
37.080        50
37.100        73
37.120        60
37.140        57
37.160        43
37.180        77
37.200        83
37.220        67
37.240        63
37.260        77
37.280        70
37.300        73
37.320        90
37.340        33
37.360        57
37.380        63
37.400        67
37.420        23
37.440        50
37.460        83
37.480        77
37.500        93
37.520        50
37.540        60
37.560        70
37.580        63
37.600        77
37.620        67
37.640        43
37.660        50
37.680        70
37.700        50
37.720        40
37.740        60
37.760        60
37.780        73
37.800        83
37.820        63
37.840        57
37.860        70
37.880        47
37.900        57
37.920        77
37.940        50
37.960        50
37.980        47
38.000        53
38.020        90
38.040        77
38.060        63
38.080        50
38.100       100
38.120        83
38.140        70
38.160        53
38.180        60
38.200        47
38.220        60
38.240        70
38.260        47
38.280        93
38.300        53
38.320        53
38.340        47
38.360        37
38.380        77
38.400        57
38.420        83
38.440        63
38.460        60
38.480        57
38.500        60
38.520        40
38.540        50
38.560        37
38.580        37
38.600        33
38.620        63
38.640        53
38.660        50
38.680        87
38.700        53
38.720       107
38.740        70
38.760        50
38.780        87
38.800        83
38.820        83
38.840       113
38.860       107
38.880        90
38.900       123
38.920       123
38.940       150
38.960       123
38.980       100
39.000       137
39.020       100
39.040        80
39.060       113
39.080        77
39.100        87
39.120        90
39.140        63
39.160        63
39.180        43
39.200        30
39.220        63
39.240        50
39.260        70
39.280        47
39.300        97
39.320        60
39.340        60
39.360        57
39.380        70
39.400        47
39.420        60
39.440        47
39.460        60
39.480        60
39.500        60
39.520        67
39.540        63
39.560        40
39.580        53
39.600        57
39.620        50
39.640        53
39.660        77
39.680        67
39.700        60
39.720        50
39.740        57
39.760        63
39.780        37
39.800        43
39.820        37
39.840        70
39.860        47
39.880        60
39.900        40
39.920        40
39.940        63
39.960        57
39.980        43
40.000        83
40.020        60
40.040        47
40.060        43
40.080        70
40.100        53
40.120        43
40.140        47
40.160        50
40.180        73
40.200        67
40.220        60
40.240        67
40.260        77
40.280        67
40.300        50
40.320        47
40.340        57
40.360        70
40.380        73
40.400        47
40.420        47
40.440        53
40.460        67
40.480        77
40.500        53
40.520        73
40.540        47
40.560        43
40.580        50
40.600        77
40.620        67
40.640        47
40.660        53
40.680        67
40.700        70
40.720        77
40.740        50
40.760        30
40.780        37
40.800        50
40.820        33
40.840        53
40.860        60
40.880        40
40.900        50
40.920        67
40.940        83
40.960        83
40.980        50
41.000        60
41.020        63
41.040        80
41.060        73
41.080        57
41.100        40
41.120        47
41.140        93
41.160        83
41.180        60
41.200        47
41.220        37
41.240        50
41.260        50
41.280        57
41.300        77
41.320        63
41.340        73
41.360        50
41.380        83
41.400        57
41.420        63
41.440        60
41.460        70
41.480        63
41.500        60
41.520        43
41.540        47
41.560        87
41.580        60
41.600        67
41.620        57
41.640        60
41.660        50
41.680        70
41.700        73
41.720        37
41.740        57
41.760        50
41.780        50
41.800        63
41.820        43
41.840        43
41.860        30
41.880        37
41.900        53
41.920        63
41.940        53
41.960        60
41.980        33
42.000        47
42.020        40
42.040        43
42.060        33
42.080        60
42.100        63
42.120        57
42.140        60
42.160        70
42.180        43
42.200        43
42.220        40
42.240        43
42.260        57
42.280        53
42.300        33
42.320        37
42.340        17
42.360        53
42.380        60
42.400        53
42.420        60
42.440        57
42.460        53
42.480        47
42.500        40
42.520        63
42.540        53
42.560        47
42.580        57
42.600        50
42.620        50
42.640        53
42.660        57
42.680        60
42.700        43
42.720        37
42.740        60
42.760        67
42.780        50
42.800        50
42.820        60
42.840        37
42.860        47
42.880        47
42.900        50
42.920        47
42.940        40
42.960        70
42.980        53
43.000        60
43.020        60
43.040        37
43.060        37
43.080        67
43.100        50
43.120        60
43.140        63
43.160        27
43.180        47
43.200        37
43.220        43
43.240        30
43.260        43
43.280        33
43.300        53
43.320        43
43.340        47
43.360        57
43.380        47
43.400        53
43.420        33
43.440        43
43.460        47
43.480        47
43.500        57
43.520        53
43.540        53
43.560        37
43.580        53
43.600        40
43.620        47
43.640        40
43.660        47
43.680        50
43.700        60
43.720        43
43.740        40
43.760        50
43.780        50
43.800        60
43.820        43
43.840        50
43.860        40
43.880        47
43.900        43
43.920        53
43.940        50
43.960        60
43.980        40
44.000        30
44.020        73
44.040        63
44.060        47
44.080        57
44.100        47
44.120        60
44.140        27
44.160        73
44.180        30
44.200        53
44.220        40
44.240        40
44.260        50
44.280        67
44.300        73
44.320        33
44.340        37
44.360        47
44.380        53
44.400        50
44.420        17
44.440        57
44.460        77
44.480        57
44.500        43
44.520        60
44.540        73
44.560        47
44.580        43
44.600        50
44.620        50
44.640        40
44.660        20
44.680        60
44.700        47
44.720        63
44.740        57
44.760        40
44.780        57
44.800        47
44.820        37
44.840        37
44.860        63
44.880        57
44.900        73
44.920        30
44.940        87
44.960        43
44.980        47
45.000        63
45.020        53
45.040        37
45.060        97
45.080        93
45.100        77
45.120        73
45.140        77
45.160        60
45.180        73
45.200        80
45.220        93
45.240       110
45.260        90
45.280       110
45.300       103
45.320        83
45.340        90
45.360        87
45.380        70
45.400       113
45.420        70
45.440        50
45.460        73
45.480        73
45.500        47
45.520        60
45.540        70
45.560        63
45.580        47
45.600        53
45.620        53
45.640        60
45.660        53
45.680        43
45.700        40
45.720        37
45.740        67
45.760        40
45.780        33
45.800        57
45.820        37
45.840        27
45.860        40
45.880        57
45.900        37
45.920        40
45.940        37
45.960        53
45.980        37
46.000        43
46.020        33
46.040        37
46.060        57
46.080        27
46.100        37
46.120        33
46.140        17
46.160        37
46.180        23
46.200        40
46.220        30
46.240        43
46.260        50
46.280        33
46.300        43
46.320        30
46.340        37
46.360        40
46.380        27
46.400        23
46.420        60
46.440        63
46.460        47
46.480        20
46.500        40
46.520        53
46.540        33
46.560        53
46.580        47
46.600        43
46.620        50
46.640        47
46.660        37
46.680        40
46.700        47
46.720        40
46.740        33
46.760        47
46.780        30
46.800        23
46.820        20
46.840        23
46.860        33
46.880        43
46.900        43
46.920        40
46.940        43
46.960        37
46.980        50
47.000        63
47.020        53
47.040        50
47.060        27
47.080        30
47.100        30
47.120        37
47.140        53
47.160        50
47.180        40
47.200        30
47.220        33
47.240        40
47.260        33
47.280        47
47.300        53
47.320        37
47.340        37
47.360        67
47.380        50
47.400        20
47.420        47
47.440        57
47.460        33
47.480        40
47.500        27
47.520        53
47.540        43
47.560        57
47.580        50
47.600        23
47.620        43
47.640        43
47.660        37
47.680        50
47.700        70
47.720        37
47.740        30
47.760        43
47.780        57
47.800        27
47.820        30
47.840        33
47.860        47
47.880        33
47.900        37
47.920        37
47.940        33
47.960        67
47.980        43
48.000        37
48.020        50
48.040        57
48.060        23
48.080        37
48.100        37
48.120        30
48.140        33
48.160        40
48.180        40
48.200        50
48.220        30
48.240        47
48.260        33
48.280        47
48.300        50
48.320        57
48.340        27
48.360        30
48.380        60
48.400        30
48.420        37
48.440        53
48.460        20
48.480        33
48.500        47
48.520        43
48.540        20
48.560        53
48.580        57
48.600        53
48.620        33
48.640        13
48.660        53
48.680        27
48.700        67
48.720        43
48.740        43
48.760        33
48.780        23
48.800        40
48.820        17
48.840        33
48.860        33
48.880        30
48.900        43
48.920        23
48.940        47
48.960        10
48.980        33
49.000        30
49.020        37
49.040        40
49.060        40
49.080        33
49.100        40
49.120        43
49.140        30
49.160        37
49.180        40
49.200        47
49.220        53
49.240        30
49.260        40
49.280        33
49.300        53
49.320        43
49.340        43
49.360        47
49.380        40
49.400        43
49.420        30
49.440        27
49.460        40
49.480        37
49.500        20
49.520        30
49.540        40
49.560        50
49.580        37
49.600        43
49.620        40
49.640        33
49.660        23
49.680        33
49.700        53
49.720        23
49.740        30
49.760        30
49.780        27
49.800        33
49.820        33
49.840        37
49.860        33
49.880        33
49.900        53
49.920        27
49.940        33
49.960        50
49.980        33
50.000        40
50.020        53
50.040        27
50.060        50
50.080        33
50.100        20
50.120        30
50.140        40
50.160        47
50.180        37
50.200        23
50.220        30
50.240        40
50.260        20
50.280        47
50.300        33
50.320        27
50.340        30
50.360        20
50.380        33
50.400        47
50.420        27
50.440        23
50.460        20
50.480        43
50.500        37
50.520        43
50.540        23
50.560        13
50.580        30
50.600        53
50.620        40
50.640        27
50.660        43
50.680        23
50.700        27
50.720        43
50.740        33
50.760        27
50.780        33
50.800        43
50.820        30
50.840        40
50.860        50
50.880        20
50.900        50
50.920        57
50.940        63
50.960        60
50.980        47
51.000        77
51.020        40
51.040        63
51.060        63
51.080        37
51.100        53
51.120        40
51.140        40
51.160        53
51.180        47
51.200        40
51.220        37
51.240        13
51.260        33
51.280        57
51.300        20
51.320        37
51.340        40
51.360        47
51.380        47
51.400        20
51.420        70
51.440        30
51.460        30
51.480        40
51.500        30
51.520        43
51.540        33
51.560        23
51.580        30
51.600        37
51.620        50
51.640        40
51.660        37
51.680        37
51.700        27
51.720        67
51.740        23
51.760        33
51.780        50
51.800        23
51.820        33
51.840        30
51.860        27
51.880        23
51.900        23
51.920        10
51.940        53
51.960        23
51.980         7
52.000        20
52.020        50
52.040         7
52.060        30
52.080        17
52.100        23
52.120        30
52.140        30
52.160        27
52.180        57
52.200        20
52.220        47
52.240        30
52.260        40
52.280        27
52.300        30
52.320        20
52.340        30
52.360        30
52.380        57
52.400        37
52.420        30
52.440        33
52.460        23
52.480        37
52.500        17
52.520        50
52.540        27
52.560        33
52.580        10
52.600        47
52.620        57
52.640        60
52.660        30
52.680        37
52.700        33
52.720        37
52.740        13
52.760        20
52.780        30
52.800        30
52.820        23
52.840        20
52.860        33
52.880        23
52.900        30
52.920        23
52.940        23
52.960        33
52.980        20
53.000        37
53.020        20
53.040        40
53.060        23
53.080        40
53.100        23
53.120        33
53.140        13
53.160        47
53.180        30
53.200        20
53.220        20
53.240        17
53.260        33
53.280        23
53.300        23
53.320        33
53.340        50
53.360        33
53.380        20
53.400        23
53.420        43
53.440        27
53.460        37
53.480        37
53.500        30
53.520        27
53.540        20
53.560        30
53.580        33
53.600        20
53.620        30
53.640        17
53.660        40
53.680        43
53.700        17
53.720        23
53.740        30
53.760        37
53.780        30
53.800        20
53.820        23
53.840        20
53.860        10
53.880        50
53.900        23
53.920        20
53.940        23
53.960        27
53.980        30
54.000        43
54.020        33
54.040        23
54.060        27
54.080        30
54.100        37
54.120        23
54.140        57
54.160        37
54.180        33
54.200        37
54.220        23
54.240        30
54.260        17
54.280        27
54.300        30
54.320        47
54.340        43
54.360        17
54.380        43
54.400        43
54.420        30
54.440        43
54.460        20
54.480        37
54.500        33
54.520        10
54.540        43
54.560        37
54.580        43
54.600        60
54.620        40
54.640        30
54.660        47
54.680        33
54.700        27
54.720        30
54.740        30
54.760        63
54.780        33
54.800        67
54.820        30
54.840        20
54.860        30
54.880        37
54.900        27
54.920        37
54.940        23
54.960        23
54.980        40
55.000        47
55.020        27
55.040        27
55.060        43
55.080        43
55.100        23
55.120        20
55.140        27
55.160        37
55.180        20
55.200        30
55.220        33
55.240        40
55.260        30
55.280        20
55.300        47
55.320        37
55.340        30
55.360        23
55.380        57
55.400        27
55.420        40
55.440        40
55.460        23
55.480        43
55.500        43
55.520        20
55.540        47
55.560        30
55.580        27
55.600        40
55.620        27
55.640        43
55.660        20
55.680        40
55.700        43
55.720        27
55.740        37
55.760        43
55.780        23
55.800        20
55.820        17
55.840        37
55.860        43
55.880        47
55.900        33
55.920        43
55.940        50
55.960        53
55.980        73
56.000        37
56.020        53
56.040        30
56.060        60
56.080        53
56.100        57
56.120        77
56.140        90
56.160        60
56.180        67
56.200        70
56.220        97
56.240       123
56.260        60
56.280        67
56.300        67
56.320        80
56.340        97
56.360        97
56.380        83
56.400        57
56.420        60
56.440        53
56.460        67
56.480        67
56.500        43
56.520        47
56.540        37
56.560        40
56.580        17
56.600        47
56.620        33
56.640        43
56.660        37
56.680        27
56.700        37
56.720        43
56.740        27
56.760        23
56.780         7
56.800        33
56.820        47
56.840        17
56.860        27
56.880        37
56.900        27
56.920        20
56.940        63
56.960        37
56.980        20
57.000        37
57.020        50
57.040        30
57.060        33
57.080        43
57.100        23
57.120        27
57.140        27
57.160        30
57.180        37
57.200        40
57.220        37
57.240        27
57.260        17
57.280        43
57.300        10
57.320        37
57.340        30
57.360        33
57.380        20
57.400        20
57.420        37
57.440        30
57.460        27
57.480        30
57.500        20
57.520        30
57.540        17
57.560        20
57.580        20
57.600        23
57.620        20
57.640        27
57.660        40
57.680        33
57.700         3
57.720        33
57.740        40
57.760        20
57.780        50
57.800        23
57.820        27
57.840        43
57.860        20
57.880        33
57.900        40
57.920        10
57.940        30
57.960        30
57.980        47
58.000        27
58.020        23
58.040        23
58.060        27
58.080        20
58.100        53
58.120        40
58.140        53
58.160        40
58.180        20
58.200        27
58.220        30
58.240        37
58.260        27
58.280        30
58.300        27
58.320        20
58.340        30
58.360        23
58.380        37
58.400        30
58.420        47
58.440        20
58.460        20
58.480        27
58.500        43
58.520        43
58.540        27
58.560        40
58.580        20
58.600        23
58.620        27
58.640        23
58.660        27
58.680        40
58.700        27
58.720        17
58.740        37
58.760        43
58.780        20
58.800        33
58.820        23
58.840        33
58.860        13
58.880        13
58.900        43
58.920        37
58.940        13
58.960        20
58.980        23
59.000        33
59.020        13
59.040        37
59.060        30
59.080        27
59.100        20
59.120        33
59.140        20
59.160        30
59.180        43
59.200        27
59.220        20
59.240        27
59.260        17
59.280        17
59.300        40
59.320        23
59.340        47
59.360        17
59.380        23
59.400        27
59.420        27
59.440        27
59.460        10
59.480        10
59.500        27
59.520        37
59.540        27
59.560        27
59.580        33
59.600        23
59.620        13
59.640        30
59.660        33
59.680        27
59.700        20
59.720        23
59.740        27
59.760        23
59.780        27
59.800        50
59.820        23
59.840        23
59.860        50
59.880        13
59.900        27
59.920        13
59.940        27
59.960        20
59.980        27
60.000        27
