20.000       230
20.020       247
20.040       240
20.060       200
20.080       230
20.100       260
20.120       193
20.140       147
20.160       227
20.180       190
20.200       217
20.220       237
20.240       233
20.260       250
20.280       200
20.300       243
20.320       220
20.340       230
20.360       233
20.380       260
20.400       210
20.420       213
20.440       227
20.460       177
20.480       223
20.500       200
20.520       267
20.540       220
20.560       190
20.580       183
20.600       237
20.620       220
20.640       200
20.660       230
20.680       240
20.700       230
20.720       230
20.740       213
20.760       243
20.780       253
20.800       120
20.820       213
20.840       213
20.860       183
20.880       213
20.900       227
20.920       213
20.940       257
20.960       257
20.980       203
21.000       220
21.020       197
21.040       187
21.060       233
21.080       160
21.100       223
21.120       200
21.140       240
21.160       210
21.180       187
21.200       230
21.220       210
21.240       187
21.260       200
21.280       237
21.300       210
21.320       197
21.340       193
21.360       190
21.380       267
21.400       183
21.420       150
21.440       183
21.460       230
21.480       207
21.500       160
21.520       160
21.540       193
21.560       190
21.580       167
21.600       203
21.620       217
21.640       203
21.660       277
21.680       227
21.700       217
21.720       180
21.740       210
21.760       173
21.780       190
21.800       130
21.820       220
21.840       187
21.860       190
21.880       153
21.900       203
21.920       190
21.940       210
21.960       177
21.980       127
22.000       193
22.020       240
22.040       167
22.060       137
22.080       187
22.100       167
22.120       203
22.140       213
22.160       190
22.180       220
22.200       200
22.220       193
22.240       197
22.260       173
22.280       197
22.300       210
22.320       180
22.340       153
22.360       157
22.380       160
22.400       177
22.420       157
22.440       197
22.460       157
22.480       217
22.500       197
22.520       167
22.540       147
22.560       223
22.580       207
22.600       223
22.620       170
22.640       160
22.660       193
22.680       130
22.700       180
22.720       183
22.740       190
22.760       180
22.780       193
22.800       173
22.820       187
22.840       137
22.860       220
22.880       193
22.900       183
22.920       197
22.940       160
22.960       217
22.980       180
23.000       157
23.020       210
23.040       160
23.060       203
23.080       193
23.100       223
23.120       253
23.140       193
23.160       210
23.180       170
23.200       173
23.220       193
23.240       170
23.260       180
23.280       157
23.300       180
23.320       197
23.340       173
23.360       147
23.380       200
23.400       200
23.420       233
23.440       177
23.460       173
23.480       200
23.500       183
23.520       193
23.540       177
23.560       163
23.580       213
23.600       243
23.620       217
23.640       137
23.660       147
23.680       187
23.700       190
23.720       183
23.740       163
23.760       190
23.780       140
23.800       153
23.820       177
23.840       143
23.860       213
23.880       130
23.900       157
23.920       207
23.940       207
23.960       187
23.980       137
24.000       187
24.020       193
24.040       127
24.060       207
24.080       180
24.100       150
24.120       200
24.140       123
24.160       133
24.180       127
24.200       163
24.220       177
24.240       170
24.260       130
24.280       133
24.300       180
24.320       157
24.340       173
24.360       220
24.380       180
24.400       153
24.420       207
24.440       193
24.460       177
24.480       193
24.500       187
24.520       217
24.540       173
24.560       157
24.580       153
24.600       160
24.620       183
24.640       127
24.660       143
24.680       177
24.700       160
24.720       210
24.740       183
24.760       177
24.780       150
24.800       130
24.820       167
24.840       167
24.860       177
24.880       170
24.900       173
24.920       160
24.940       140
24.960       120
24.980       243
25.000       160
25.020       123
25.040       157
25.060       173
25.080       127
25.100       153
25.120       193
25.140       137
25.160       197
25.180       153
25.200       213
25.220       147
25.240       177
25.260       137
25.280       163
25.300       213
25.320       173
25.340       200
25.360       150
25.380       250
25.400       203
25.420       250
25.440       193
25.460       253
25.480       320
25.500       293
25.520       387
25.540       387
25.560       550
25.580       553
25.600       736
25.620       736
25.640       680
25.660       510
25.680       436
25.700       363
25.720       287
25.740       190
25.760       197
25.780       170
25.800       170
25.820       150
25.840       170
25.860       117
25.880       123
25.900       170
25.920       140
25.940       127
25.960       153
25.980       173
26.000       207
26.020       147
26.040       210
26.060       137
26.080       157
26.100       123
26.120       137
26.140       143
26.160        80
26.180       170
26.200       147
26.220       157
26.240       137
26.260       120
26.280       140
26.300       120
26.320       133
26.340       173
26.360       143
26.380       143
26.400       127
26.420       170
26.440       143
26.460       130
26.480       120
26.500       147
26.520       167
26.540       140
26.560       120
26.580       140
26.600       150
26.620       133
26.640       107
26.660       170
26.680       123
26.700       153
26.720       123
26.740       133
26.760       167
26.780       123
26.800       117
26.820       150
26.840       123
26.860       113
26.880       163
26.900       123
26.920       100
26.940       133
26.960       137
26.980       117
27.000       137
27.020       117
27.040       157
27.060       117
27.080       133
27.100       147
27.120        90
27.140       117
27.160       167
27.180       113
27.200        83
27.220       140
27.240       117
27.260        93
27.280        93
27.300       110
27.320        93
27.340       140
27.360       123
27.380        97
27.400       147
27.420       153
27.440        90
27.460       153
27.480        97
27.500       103
27.520       103
27.540        87
27.560       150
27.580       123
27.600       127
27.620       153
27.640       113
27.660       113
27.680       107
27.700       107
27.720       133
27.740       147
27.760       137
27.780       113
27.800       133
27.820       117
27.840       117
27.860       103
27.880       143
27.900       117
27.920       167
27.940       107
27.960       133
27.980       130
28.000       110
28.020       127
28.040       133
28.060       113
28.080       137
28.100        97
28.120       110
28.140       117
28.160       113
28.180       100
28.200       157
28.220       130
28.240       117
28.260       140
28.280        77
28.300       137
28.320       130
28.340        80
28.360        90
28.380       107
28.400       123
28.420        80
28.440        57
28.460        90
28.480        93
28.500       153
28.520       130
28.540        77
28.560       180
28.580       107
28.600       120
28.620       113
28.640       110
28.660       107
28.680       130
28.700       147
28.720       123
28.740       143
28.760        83
28.780       160
28.800        90
28.820       130
28.840       143
28.860        80
28.880        93
28.900        90
28.920       117
28.940        97
28.960       110
28.980       117
29.000       110
29.020       103
29.040       107
29.060        97
29.080       127
29.100       103
29.120       103
29.140        93
29.160       110
29.180        83
29.200        83
29.220       113
29.240       127
29.260       123
29.280        90
29.300       113
29.320        93
29.340       100
29.360        87
29.380       103
29.400       107
29.420       110
29.440       110
29.460       123
29.480       127
29.500       147
29.520       103
29.540        80
29.560        80
29.580        67
29.600       113
29.620        87
29.640       100
29.660        77
29.680        97
29.700        93
29.720        60
29.740       117
29.760       123
29.780       143
29.800       143
29.820       123
29.840       123
29.860        90
29.880       137
29.900       120
29.920       147
29.940        97
29.960        87
29.980       113
30.000       107
30.020       123
30.040       103
30.060       107
30.080       110
30.100       103
30.120        77
30.140       120
30.160        77
30.180       147
30.200        93
30.220        97
30.240       160
30.260        97
30.280       120
30.300       110
30.320        87
30.340       107
30.360        87
30.380        93
30.400        90
30.420        80
30.440        90
30.460       103
30.480        93
30.500       103
30.520       113
30.540       103
30.560        90
30.580        97
30.600        83
30.620       117
30.640       130
30.660        93
30.680        90
30.700       100
30.720        77
30.740        83
30.760        93
30.780       113
30.800       117
30.820       100
30.840        90
30.860        90
30.880        60
30.900        67
30.920       123
30.940       140
30.960        80
30.980        67
31.000        77
31.020        87
31.040       117
31.060        83
31.080        83
31.100       127
31.120        83
31.140       120
31.160       113
31.180        93
31.200       107
31.220       143
31.240        93
31.260        90
31.280       100
31.300        93
31.320        90
31.340       110
31.360       113
31.380        90
31.400       110
31.420       120
31.440       103
31.460        93
31.480        70
31.500        87
31.520        97
31.540        73
31.560       123
31.580        70
31.600       113
31.620        77
31.640       100
31.660       160
31.680        93
31.700       100
31.720        93
31.740        67
31.760        87
31.780       123
31.800        70
31.820        97
31.840        83
31.860       113
31.880       100
31.900       103
31.920       107
31.940        67
31.960       100
31.980       110
32.000        90
32.020       133
32.040       120
32.060       107
32.080       107
32.100        87
32.120        83
32.140        63
32.160        87
32.180       107
32.200        70
32.220       127
32.240        80
32.260        83
32.280        83
32.300       110
32.320       110
32.340        77
32.360        77
32.380        90
32.400        90
32.420        90
32.440       113
32.460       107
32.480        93
32.500       103
32.520        73
32.540       117
32.560        97
32.580        73
32.600        77
32.620       103
32.640        97
32.660        80
32.680       100
32.700        57
32.720       133
32.740       100
32.760        83
32.780       107
32.800        80
32.820       107
32.840       123
32.860       107
32.880        67
32.900        73
32.920       113
32.940       130
32.960       100
32.980        87
33.000       100
33.020        63
33.040        87
33.060        83
33.080        90
33.100       107
33.120       100
33.140        77
33.160        63
33.180        53
33.200        93
33.220       103
33.240        87
33.260        73
33.280       117
33.300        67
33.320        87
33.340        93
33.360        97
33.380        93
33.400        83
33.420        60
33.440       100
33.460       103
33.480       100
33.500       107
33.520        87
33.540        87
33.560        83
33.580        90
33.600        80
33.620        73
33.640        77
33.660       110
33.680       103
33.700        80
33.720        77
33.740        83
33.760        60
33.780       107
33.800       103
33.820        50
33.840        70
33.860       100
33.880        63
33.900        80
33.920        93
33.940        90
33.960       110
33.980       123
34.000        63
34.020        83
34.040        97
34.060       113
34.080        97
34.100       100
34.120       113
34.140        97
34.160        97
34.180        93
34.200        73
34.220       113
34.240        70
34.260        87
34.280        73
34.300        90
34.320       107
34.340        93
34.360        67
34.380        73
34.400        53
34.420       117
34.440        90
34.460        83
34.480        97
34.500        93
34.520        73
34.540        77
34.560        87
34.580        70
34.600        93
34.620        83
34.640        93
34.660        97
34.680        80
34.700       140
34.720       120
34.740        93
34.760       107
34.780        87
34.800       100
34.820        73
34.840       120
34.860       123
34.880       137
34.900       127
34.920       153
34.940       197
34.960       380
34.980       590
35.000       670
35.020       670
35.040       533
35.060       593
35.080       820
35.100       843
35.120       890
35.140       940
35.160       940
35.180       696
35.200       670
35.220       546
35.240       526
35.260       413
35.280       327
35.300       230
35.320       183
35.340       120
35.360       103
35.380       117
35.400        80
35.420       113
35.440        77
35.460        87
35.480       103
35.500        83
35.520        77
35.540        80
35.560        50
35.580        97
35.600        80
35.620        73
35.640        77
35.660        73
35.680       107
35.700        67
35.720        90
35.740        97
35.760        83
35.780        87
35.800        83
35.820        70
35.840        83
35.860        87
35.880        60
35.900       103
35.920        73
35.940        93
35.960        53
35.980        87
36.000        77
36.020       100
36.040        57
36.060        97
36.080        97
36.100        73
36.120        80
36.140        57
36.160        77
36.180        83
36.200        73
36.220        53
36.240        97
36.260        57
36.280       100
36.300        80
36.320        83
36.340       100
36.360        77
36.380        83
36.400        93
36.420        73
36.440        60
36.460        80
36.480        80
36.500        60
36.520        77
36.540        90
36.560        63
36.580        83
36.600        83
36.620        97
36.640        93
36.660        77
36.680        93
36.700        77
36.720        80
36.740       100
36.760        83
36.780        47
36.800        73
36.820        60
36.840        83
36.860       113
36.880        83
36.900        63
36.920       107
36.940        80
36.960       110
36.980        77
37.000        73
37.020        83
37.040       103
37.060        80
37.080        97
37.100        87
37.120        97
37.140       113
37.160       110
37.180        60
37.200       103
37.220        93
37.240        93
37.260        70
37.280        73
37.300        70
37.320        93
37.340        87
37.360       110
37.380        83
37.400        97
37.420        87
37.440        73
37.460        53
37.480        67
37.500        70
37.520        60
37.540       107
37.560        97
37.580       103
37.600        83
37.620        83
37.640       123
37.660       103
37.680       153
37.700       223
37.720       340
37.740       407
37.760       426
37.780       743
37.800       963
37.820       726
37.840       513
37.860       433
37.880       460
37.900       483
37.920       297
37.940       207
37.960       143
37.980       130
38.000       130
38.020       120
38.040        87
38.060        97
38.080        73
38.100        77
38.120       133
38.140       107
38.160        77
38.180        57
38.200        70
38.220        80
38.240       107
38.260        67
38.280       100
38.300        87
38.320       103
38.340        80
38.360        63
38.380       100
38.400       123
38.420        67
38.440        90
38.460        53
38.480        77
38.500        67
38.520        77
38.540        80
38.560        93
38.580        93
38.600        60
38.620        77
38.640        43
38.660        47
38.680        93
38.700        83
38.720        57
38.740        83
38.760       127
38.780       100
38.800        40
38.820        77
38.840        80
38.860        80
38.880        60
38.900        83
38.920        57
38.940        90
38.960        80
38.980        63
39.000        93
39.020        83
39.040       103
39.060        70
39.080        73
39.100        80
39.120        97
39.140        57
39.160        93
39.180        53
39.200        60
39.220        67
39.240        73
39.260        83
39.280       113
39.300        57
39.320        83
39.340        97
39.360        77
39.380        87
39.400        83
39.420        63
39.440        67
39.460        93
39.480        73
39.500        60
39.520        83
39.540        83
39.560        53
39.580        73
39.600        87
39.620        93
39.640        67
39.660        77
39.680        53
39.700        80
39.720        93
39.740       100
39.760       103
39.780        73
39.800        97
39.820        73
39.840        67
39.860        97
39.880        67
39.900        90
39.920        57
39.940        77
39.960        63
39.980        70
40.000        57
40.020        47
40.040        73
40.060        60
40.080        60
40.100        73
40.120        40
40.140        67
40.160        73
40.180        67
40.200       103
40.220        80
40.240        73
40.260        63
40.280        77
40.300        90
40.320        80
40.340        93
40.360        93
40.380        57
40.400        67
40.420        67
40.440        67
40.460        63
40.480        90
40.500        80
40.520        63
40.540        57
40.560        70
40.580        90
40.600        70
40.620       107
40.640        53
40.660        67
40.680        77
40.700        87
40.720        70
40.740        60
40.760        87
40.780        60
40.800        87
40.820        60
40.840        77
40.860        40
40.880        63
40.900        73
40.920        80
40.940        73
40.960        67
40.980        73
41.000        57
41.020        50
41.040        47
41.060        70
41.080        80
41.100        80
41.120       103
41.140        43
41.160        70
41.180        63
41.200        73
41.220        43
41.240        67
41.260        80
41.280        83
41.300        63
41.320        73
41.340       117
41.360        87
41.380       117
41.400        97
41.420        53
41.440        67
41.460        77
41.480       107
41.500       103
41.520       100
41.540       113
41.560       143
41.580       163
41.600       193
41.620       260
41.640       370
41.660       440
41.680       483
41.700       586
41.720       473
41.740       260
41.760       283
41.780       290
41.800       310
41.820       270
41.840       257
41.860       117
41.880        80
41.900       103
41.920        87
41.940        87
41.960        83
41.980        73
42.000        77
42.020        63
42.040        80
42.060        93
42.080        40
42.100        67
42.120        80
42.140        67
42.160        63
42.180        60
42.200        67
42.220        57
42.240        83
42.260        63
42.280        77
42.300       107
42.320        63
42.340       100
42.360        80
42.380        60
42.400        93
42.420        93
42.440        60
42.460        93
42.480        97
42.500        70
42.520        97
42.540        50
42.560        67
42.580        57
42.600       100
42.620       103
42.640        43
42.660        73
42.680        90
42.700        87
42.720        33
42.740        73
42.760        43
42.780        60
42.800        97
42.820        83
42.840        70
42.860        37
42.880       110
42.900        77
42.920        67
42.940        60
42.960        73
42.980        70
43.000        57
43.020        93
43.040        87
43.060        63
43.080        93
43.100       113
43.120        90
43.140        97
43.160       117
43.180       120
43.200       143
43.220       217
43.240       177
43.260       290
43.280       297
43.300       417
43.320       620
43.340       966
43.360      1030
43.380      1030
43.400       876
43.420       653
43.440       530
43.460       510
43.480       540
43.500       553
43.520       410
43.540       233
43.560       193
43.580       110
43.600       120
43.620        90
43.640        97
43.660        87
43.680        73
43.700        70
43.720        67
43.740        63
43.760        90
43.780        70
43.800        67
43.820        83
43.840        63
43.860        70
43.880        97
43.900        73
43.920        70
43.940        60
43.960        73
43.980        77
44.000        53
44.020        60
44.040        67
44.060        70
44.080        57
44.100        77
44.120        70
44.140        73
44.160        73
44.180        77
44.200        80
44.220        57
44.240        53
44.260        73
44.280        40
44.300        93
44.320       140
44.340        67
44.360        60
44.380        77
44.400        60
44.420        73
44.440        53
44.460        63
44.480        50
44.500        43
44.520        47
44.540        53
44.560        77
44.580        47
44.600        97
44.620        70
44.640        57
44.660        53
44.680        57
44.700        77
44.720        47
44.740        63
44.760        53
44.780       100
44.800        60
44.820        73
44.840        57
44.860        63
44.880        73
44.900        50
44.920        60
44.940        50
44.960        73
44.980        60
45.000        70
45.020        43
45.040        63
45.060        40
45.080        77
45.100        53
45.120        53
45.140        90
45.160        37
45.180        70
45.200        70
45.220        67
45.240        60
45.260        63
45.280        73
45.300        77
45.320        90
45.340        60
45.360        70
45.380        60
45.400        40
45.420        70
45.440        57
45.460        53
45.480        57
45.500        93
45.520        67
45.540        73
45.560        63
45.580        63
45.600        43
45.620        80
45.640        60
45.660        50
45.680        63
45.700        80
45.720        60
45.740        67
45.760        87
45.780        47
45.800        50
45.820        33
45.840        60
45.860        50
45.880        57
45.900        67
45.920        53
45.940        57
45.960        50
45.980        37
46.000        57
46.020        57
46.040        67
46.060        50
46.080        53
46.100        57
46.120        63
46.140        50
46.160        63
46.180        87
46.200        50
46.220        90
46.240        57
46.260        57
46.280        77
46.300        57
46.320        73
46.340        57
46.360        60
46.380        43
46.400        97
46.420        50
46.440        83
46.460        63
46.480        53
46.500        83
46.520        93
46.540        57
46.560        63
46.580        67
46.600        53
46.620        50
46.640        60
46.660        53
46.680        73
46.700        63
46.720        57
46.740        47
46.760        77
46.780        60
46.800        90
46.820        57
46.840        43
46.860        63
46.880        77
46.900        50
46.920        60
46.940        67
46.960        63
46.980        57
47.000        57
47.020        50
47.040        50
47.060        83
47.080        33
47.100        73
47.120        67
47.140        47
47.160       107
47.180        57
47.200        50
47.220        63
47.240        70
47.260        70
47.280        47
47.300        37
47.320        63
47.340        70
47.360        50
47.380        67
47.400        47
47.420        50
47.440        63
47.460        67
47.480        70
47.500        73
47.520        77
47.540        53
47.560        33
47.580        70
47.600        60
47.620        83
47.640        13
47.660        73
47.680        53
47.700        60
47.720        63
47.740        70
47.760        70
47.780        63
47.800        53
47.820        53
47.840        73
47.860        70
47.880        60
47.900        53
47.920        57
47.940        47
47.960        53
47.980        53
48.000        90
48.020        60
48.040        83
48.060       103
48.080        73
48.100        60
48.120        47
48.140        33
48.160        57
48.180        60
48.200        57
48.220        60
48.240        40
48.260        43
48.280        63
48.300        60
48.320        57
48.340        47
48.360        67
48.380        37
48.400        43
48.420        63
48.440        50
48.460        37
48.480        60
48.500        77
48.520        40
48.540        57
48.560        63
48.580        63
48.600        73
48.620        30
48.640        83
48.660        50
48.680        60
48.700        50
48.720        73
48.740        57
48.760        60
48.780        33
48.800        53
48.820        57
48.840        57
48.860        63
48.880        50
48.900        43
48.920        77
48.940        60
48.960        63
48.980        53
49.000        50
49.020       100
49.040        67
49.060        43
49.080        73
49.100        60
49.120        90
49.140        40
49.160        67
49.180        53
49.200        50
49.220        73
49.240        93
49.260        53
49.280        57
49.300        40
49.320        57
49.340        60
49.360        63
49.380        83
49.400        40
49.420        63
49.440        63
49.460        63
49.480        73
49.500        67
49.520        37
49.540        63
49.560        60
49.580        60
49.600        37
49.620        60
49.640        60
49.660        43
49.680        57
49.700        63
49.720        60
49.740        67
49.760        50
49.780        43
49.800        60
49.820        47
49.840        63
49.860        73
49.880        67
49.900        50
49.920        73
49.940        53
49.960        47
49.980        57
50.000        43
50.020        53
50.040        43
50.060        77
50.080        47
50.100        60
50.120        80
50.140        60
50.160        53
50.180        93
50.200        50
50.220        70
50.240        70
50.260        40
50.280        70
50.300        67
50.320        47
50.340        30
50.360        70
50.380        50
50.400        60
50.420        53
50.440        47
50.460        77
50.480        67
50.500        37
50.520        60
50.540        30
50.560        73
50.580        47
50.600        53
50.620        33
50.640        47
50.660        47
50.680        67
50.700        60
50.720        30
50.740        37
50.760        50
50.780        50
50.800        53
50.820        40
50.840        60
50.860        80
50.880        63
50.900        53
50.920        70
50.940        67
50.960        47
50.980        70
51.000        87
51.020        50
51.040        63
51.060        33
51.080        43
51.100        47
51.120        53
51.140        63
51.160        43
51.180        70
51.200        67
51.220        53
51.240        47
51.260        57
51.280        60
51.300        57
51.320        73
51.340        67
51.360        60
51.380        43
51.400        60
51.420        37
51.440        43
51.460        57
51.480        70
51.500        67
51.520        77
51.540        63
51.560        43
51.580        47
51.600        63
51.620        53
51.640        33
51.660        57
51.680        50
51.700        70
51.720        50
51.740        63
51.760        70
51.780        63
51.800        37
51.820        60
51.840        57
51.860        67
51.880        50
51.900        63
51.920        37
51.940        57
51.960        53
51.980        57
52.000        43
52.020        53
52.040        60
52.060        53
52.080        43
52.100        67
52.120        50
52.140        43
52.160        63
52.180        50
52.200        57
52.220        60
52.240        50
52.260        83
52.280        57
52.300        90
52.320        63
52.340        77
52.360       100
52.380        83
52.400        83
52.420       103
52.440        90
52.460       127
52.480       210
52.500       273
52.520       340
52.540       433
52.560       526
52.580       393
52.600       393
52.620       420
52.640       357
52.660       283
52.680       293
52.700       320
52.720       223
52.740       237
52.760       193
52.780       173
52.800       123
52.820        87
52.840        53
52.860        60
52.880        47
52.900        63
52.920       103
52.940        63
52.960        50
52.980        57
53.000        53
53.020        87
53.040        67
53.060        63
53.080        37
53.100        77
53.120        40
53.140        57
53.160        43
53.180        53
53.200        53
53.220        57
53.240        63
53.260        47
53.280        50
53.300        60
53.320        53
53.340        60
53.360        83
53.380        67
53.400        27
53.420        53
53.440        63
53.460        53
53.480        60
53.500        77
53.520        73
53.540        57
53.560        53
53.580        57
53.600        77
53.620        60
53.640        43
53.660        50
53.680        83
53.700        53
53.720        50
53.740        23
53.760        47
53.780        57
53.800        50
53.820        50
53.840        93
53.860        67
53.880        43
53.900        53
53.920        57
53.940        63
53.960        57
53.980        53
54.000        63
54.020        77
54.040        63
54.060        63
54.080        57
54.100        60
54.120        53
54.140        60
54.160        60
54.180        47
54.200        67
54.220        47
54.240        50
54.260        97
54.280        43
54.300        77
54.320        73
54.340        47
54.360        53
54.380        67
54.400        70
54.420        60
54.440        40
54.460        33
54.480        73
54.500        70
54.520        50
54.540        63
54.560        67
54.580        67
54.600        60
54.620        47
54.640        83
54.660        67
54.680        47
54.700        50
54.720        50
54.740        63
54.760        40
54.780        77
54.800        77
54.820        60
54.840        67
54.860        63
54.880        83
54.900        53
54.920        73
54.940        83
54.960        70
54.980        43
55.000        60
55.020        43
55.040        97
55.060        63
55.080        73
55.100        47
55.120        53
55.140        60
55.160        87
55.180        53
55.200        53
55.220        67
55.240        60
55.260        40
55.280        53
55.300        57
55.320        63
55.340        50
55.360        40
55.380        37
55.400        47
55.420        60
55.440        63
55.460        60
55.480        47
55.500        23
55.520        60
55.540        47
55.560        43
55.580        67
55.600        67
55.620        60
55.640        60
55.660        40
55.680        63
55.700        77
55.720        67
55.740        47
55.760        87
55.780        60
55.800        57
55.820        37
55.840        63
55.860        77
55.880        90
55.900        53
55.920        70
55.940        43
55.960        97
55.980        50
56.000        73
56.020        70
56.040        53
56.060        93
56.080        33
56.100        77
56.120        50
56.140        53
56.160        60
56.180        70
56.200        43
56.220        37
56.240        37
56.260        50
56.280        63
56.300        67
56.320        53
56.340        47
56.360        47
56.380        63
56.400        40
56.420        53
56.440        43
56.460        87
56.480        97
56.500        80
56.520        60
56.540        50
56.560        67
56.580        63
56.600        70
56.620        80
56.640        33
56.660        43
56.680        60
56.700        93
56.720        63
56.740        77
56.760        73
56.780        63
56.800        63
56.820        83
56.840        80
56.860        60
56.880        47
56.900        50
56.920       100
56.940        43
56.960        53
56.980        47
57.000        77
57.020        53
57.040        73
57.060        70
57.080        53
57.100        63
57.120        73
57.140        77
57.160        70
57.180        77
57.200        93
57.220        83
57.240       113
57.260        70
57.280       120
57.300        83
57.320        73
57.340       143
57.360       113
57.380       177
57.400       217
57.420       257
57.440       313
57.460       403
57.480       716
57.500       643
57.520       700
57.540       710
57.560       377
57.580       313
57.600       267
57.620       333
57.640       330
57.660       420
57.680       383
57.700       320
57.720       243
57.740       143
57.760        83
57.780       110
57.800        77
57.820        57
57.840        83
57.860        70
57.880        63
57.900        53
57.920        53
57.940        57
57.960       120
57.980        57
58.000        57
58.020        50
58.040        93
58.060        47
58.080        67
58.100        40
58.120        60
58.140        73
58.160        77
58.180        67
58.200        60
58.220        60
58.240        70
58.260        60
58.280        60
58.300        60
58.320        63
58.340        73
58.360        73
58.380        67
58.400        37
58.420        60
58.440        30
58.460        43
58.480        60
58.500        67
58.520        47
58.540        57
58.560        67
58.580        47
58.600        47
58.620        47
58.640        53
58.660        63
58.680        40
58.700        50
58.720        53
58.740        63
58.760        70
58.780        37
58.800        47
58.820        83
58.840        57
58.860        60
58.880        70
58.900        27
58.920        47
58.940        73
58.960        53
58.980        50
59.000        57
59.020        53
59.040        47
59.060        73
59.080        57
59.100        57
59.120        37
59.140        77
59.160        80
59.180        67
59.200        87
59.220        63
59.240        63
59.260        43
59.280        57
59.300        37
59.320        53
59.340        60
59.360        67
59.380        57
59.400        83
59.420        83
59.440        70
59.460        77
59.480       103
59.500        73
59.520        83
59.540        73
59.560        70
59.580        70
59.600        70
59.620        97
59.640        67
59.660        43
59.680        70
59.700        87
59.720        57
59.740        93
59.760        80
59.780        33
59.800         0
59.820         0
59.840         0
59.860         0
59.880         0
59.900         0
59.920         0
59.940         0
59.960         0
59.980         0
60.000         0
