20.000         0
20.020         0
20.040         0
20.060         0
20.080         0
20.100         0
20.120         0
20.140         0
20.160         3
20.180         0
20.200         0
20.220         0
20.240        23
20.260       203
20.280       253
20.300       300
20.320       257
20.340       230
20.360       243
20.380       230
20.400       267
20.420       197
20.440       210
20.460       227
20.480       183
20.500       307
20.520       247
20.540       237
20.560       307
20.580       177
20.600       200
20.620       207
20.640       210
20.660       213
20.680       190
20.700       160
20.720       247
20.740       203
20.760       220
20.780       217
20.800       253
20.820       193
20.840       207
20.860       220
20.880       250
20.900       203
20.920       230
20.940       240
20.960       267
20.980       200
21.000       203
21.020       250
21.040       203
21.060       227
21.080       223
21.100       257
21.120       187
21.140       227
21.160       210
21.180       203
21.200       237
21.220       233
21.240       187
21.260       217
21.280       250
21.300       250
21.320       190
21.340       177
21.360       217
21.380       180
21.400       257
21.420       240
21.440       263
21.460       280
21.480       197
21.500       237
21.520       307
21.540       333
21.560       403
21.580       330
21.600       417
21.620       503
21.640       600
21.660       616
21.680       560
21.700       510
21.720       533
21.740       473
21.760       383
21.780       350
21.800       293
21.820       310
21.840       307
21.860       247
21.880       247
21.900       210
21.920       180
21.940       240
21.960       270
21.980       200
22.000       210
22.020       270
22.040       207
22.060       163
22.080       193
22.100       180
22.120       210
22.140       230
22.160       197
22.180       210
22.200       213
22.220       180
22.240       190
22.260       210
22.280       213
22.300       197
22.320       227
22.340       210
22.360       230
22.380       223
22.400       197
22.420       220
22.440       217
22.460       240
22.480       250
22.500       183
22.520       203
22.540       230
22.560       263
22.580       237
22.600       187
22.620       207
22.640       180
22.660       207
22.680       197
22.700       213
22.720       237
22.740       197
22.760       183
22.780       190
22.800       190
22.820       193
22.840       273
22.860       183
22.880       137
22.900       223
22.920       257
22.940       163
22.960       173
22.980       223
23.000       183
23.020       197
23.040       177
23.060       213
23.080       203
23.100       173
23.120       157
23.140       183
23.160       153
23.180       193
23.200       180
23.220       190
23.240       203
23.260       207
23.280       177
23.300       170
23.320       163
23.340       180
23.360       180
23.380       190
23.400       250
23.420       183
23.440       153
23.460       170
23.480       180
23.500       190
23.520       200
23.540       190
23.560       193
23.580       203
23.600       223
23.620       223
23.640       193
23.660       173
23.680       170
23.700       193
23.720       237
23.740       197
23.760       143
23.780       177
23.800       170
23.820       147
23.840       193
23.860       220
23.880       197
23.900       207
23.920       167
23.940       153
23.960       183
23.980       173
24.000       230
24.020       193
24.040       163
24.060       163
24.080       167
24.100       217
24.120       137
24.140       180
24.160       163
24.180       180
24.200       207
24.220       150
24.240       177
24.260       177
24.280       190
24.300       183
24.320       187
24.340       217
24.360       193
24.380       180
24.400       160
24.420       227
24.440       147
24.460       177
24.480       170
24.500       207
24.520       157
24.540       183
24.560       220
24.580       230
24.600       177
24.620       143
24.640       150
24.660       153
24.680       127
24.700       187
24.720       187
24.740       147
24.760       143
24.780       153
24.800       167
24.820       130
24.840       153
24.860       203
24.880       140
24.900       150
24.920       133
24.940       163
24.960       160
24.980       150
25.000       177
25.020       183
25.040       193
25.060       173
25.080       180
25.100       150
25.120       170
25.140       193
25.160       177
25.180       157
25.200       180
25.220       187
25.240       190
25.260       157
25.280       173
25.300       173
25.320       157
25.340       180
25.360       140
25.380       207
25.400       137
25.420       190
25.440       183
25.460       183
25.480       167
25.500       160
25.520       167
25.540       183
25.560       183
25.580       173
25.600       173
25.620       157
25.640       160
25.660       140
25.680       183
25.700       133
25.720       153
25.740       160
25.760       160
25.780       137
25.800       167
25.820       127
25.840       157
25.860       153
25.880       167
25.900       137
25.920       140
25.940       143
25.960       153
25.980       160
26.000       120
26.020       140
26.040       147
26.060       123
26.080       167
26.100       180
26.120       127
26.140       147
26.160       167
26.180       137
26.200       157
26.220       177
26.240       177
26.260       147
26.280        97
26.300       177
26.320       133
26.340       160
26.360       150
26.380       143
26.400       137
26.420       170
26.440        97
26.460       133
26.480       157
26.500       173
26.520       147
26.540       123
26.560       127
26.580       143
26.600       117
26.620       150
26.640       133
26.660       127
26.680       160
26.700       113
26.720       157
26.740       147
26.760       167
26.780       117
26.800       177
26.820       173
26.840       133
26.860       187
26.880       127
26.900       163
26.920       110
26.940       130
26.960       123
26.980       173
27.000       137
27.020       153
27.040       150
27.060       123
27.080       150
27.100       107
27.120       140
27.140       127
27.160       130
27.180       163
27.200       153
27.220       177
27.240       117
27.260       127
27.280       157
27.300       143
27.320       127
27.340       160
27.360       143
27.380       113
27.400       113
27.420        90
27.440       100
27.460       143
27.480       130
27.500       107
27.520       157
27.540       113
27.560       133
27.580       153
27.600       143
27.620       150
27.640       117
27.660        97
27.680       107
27.700       130
27.720       143
27.740       127
27.760       123
27.780       157
27.800       110
27.820       117
27.840       123
27.860       110
27.880       117
27.900       127
27.920       143
27.940       123
27.960       163
27.980       133
28.000        83
28.020       110
28.040       133
28.060       150
28.080       150
28.100       110
28.120       103
28.140       103
28.160       173
28.180       100
28.200       147
28.220       107
28.240       180
28.260       123
28.280       147
28.300       107
28.320       123
28.340        90
28.360       160
28.380       120
28.400       107
28.420       127
28.440       133
28.460       110
28.480       123
28.500       133
28.520       127
28.540        90
28.560       143
28.580       147
28.600       110
28.620       147
28.640       120
28.660       133
28.680       123
28.700       130
28.720        93
28.740       150
28.760       153
28.780       117
28.800       117
28.820       120
28.840       103
28.860        80
28.880        97
28.900       117
28.920       107
28.940       120
28.960       140
28.980       147
29.000       153
29.020        97
29.040       133
29.060       123
29.080       113
29.100       157
29.120       157
29.140        90
29.160        83
29.180       107
29.200       103
29.220       130
29.240       163
29.260       143
29.280        90
29.300        97
29.320        80
29.340       140
29.360       143
29.380       147
29.400       117
29.420       120
29.440       147
29.460       117
29.480       160
29.500        80
29.520       127
29.540        80
29.560       110
29.580       120
29.600       130
29.620       127
29.640       117
29.660       153
29.680        97
29.700        93
29.720       130
29.740       123
29.760        73
29.780       123
29.800       127
29.820        93
29.840       120
29.860        97
29.880       113
29.900       153
29.920       117
29.940       113
29.960       137
29.980       137
30.000       127
30.020       170
30.040       127
30.060       123
30.080       103
30.100       130
30.120       137
30.140       130
30.160       137
30.180        83
30.200       113
30.220       127
30.240        93
30.260       110
30.280       110
30.300       120
30.320       147
30.340       147
30.360       113
30.380       113
30.400       123
30.420       117
30.440       117
30.460       127
30.480       110
30.500       123
30.520       113
30.540       103
30.560       113
30.580       130
30.600       177
30.620       190
30.640       147
30.660       150
30.680       193
30.700       307
30.720       360
30.740       307
30.760       503
30.780       436
30.800       516
30.820       643
30.840       773
30.860       803
30.880       923
30.900       916
30.920       933
30.940       886
30.960       753
30.980       590
31.000       620
31.020       466
31.040       413
31.060       357
31.080       313
31.100       277
31.120       223
31.140       240
31.160       133
31.180       170
31.200       173
31.220       143
31.240       140
31.260       170
31.280       127
31.300       107
31.320       143
31.340       130
31.360       133
31.380       147
31.400       130
31.420       100
31.440       147
31.460       100
31.480       150
31.500       130
31.520       103
31.540       137
31.560        90
31.580       110
31.600       130
31.620       130
31.640       140
31.660       127
31.680       137
31.700        73
31.720        97
31.740       133
31.760       173
31.780       100
31.800       140
31.820       110
31.840       110
31.860       107
31.880        97
31.900        60
31.920       113
31.940       147
31.960       103
31.980       110
32.000        63
32.020       120
32.040       110
32.060       153
32.080        93
32.100       147
32.120        97
32.140        97
32.160       117
32.180        90
32.200       110
32.220       103
32.240       113
32.260        93
32.280       127
32.300       117
32.320       107
32.340       140
32.360       113
32.380       110
32.400       120
32.420       107
32.440        87
32.460        90
32.480        97
32.500        93
32.520       113
32.540       133
32.560       127
32.580        97
32.600       100
32.620        73
32.640        93
32.660       127
32.680       127
32.700        67
32.720        87
32.740       110
32.760       107
32.780        97
32.800       120
32.820        80
32.840        70
32.860       140
32.880       123
32.900       100
32.920        93
32.940        83
32.960       103
32.980       103
33.000        80
33.020        67
33.040        83
33.060       110
33.080        83
33.100        63
33.120       117
33.140       100
33.160        87
33.180        93
33.200        83
33.220        77
33.240       107
33.260       110
33.280       100
33.300       100
33.320        63
33.340       107
33.360        57
33.380       123
33.400        77
33.420        70
33.440        93
33.460       127
33.480        87
33.500       110
33.520        87
33.540        77
33.560        97
33.580       117
33.600        83
33.620        83
33.640        97
33.660        83
33.680        97
33.700        97
33.720        93
33.740        97
33.760        87
33.780        87
33.800       127
33.820        87
33.840       120
33.860        97
33.880        63
33.900       117
33.920        90
33.940        87
33.960       103
33.980       110
34.000        77
34.020        80
34.040       127
34.060        93
34.080        87
34.100        97
34.120        97
34.140       103
34.160       103
34.180        90
34.200        97
34.220        97
34.240        97
34.260       123
34.280       130
34.300        93
34.320       100
34.340        83
34.360        83
34.380       103
34.400       103
34.420        80
34.440       123
34.460        90
34.480        93
34.500        83
34.520       123
34.540        87
34.560        80
34.580        93
34.600        77
34.620       113
34.640        83
34.660        83
34.680       103
34.700       123
34.720       107
34.740        77
34.760        70
34.780        60
34.800        87
34.820       117
34.840        80
34.860       123
34.880       113
34.900        70
34.920       107
34.940       117
34.960        90
34.980       117
35.000        97
35.020       120
35.040       153
35.060       127
35.080       160
35.100       117
35.120       177
35.140       250
35.160       253
35.180       187
35.200       247
35.220       170
35.240       170
35.260       177
35.280       100
35.300       103
35.320       133
35.340        90
35.360        67
35.380        97
35.400        63
35.420       113
35.440        57
35.460        87
35.480        87
35.500        87
35.520        77
35.540       113
35.560        90
35.580       107
35.600        93
35.620        83
35.640       107
35.660        67
35.680        97
35.700       113
35.720        67
35.740        93
35.760        73
35.780       107
35.800        77
35.820        63
35.840        93
35.860        70
35.880       103
35.900        87
35.920       100
35.940       110
35.960        83
35.980        77
36.000        87
36.020       100
36.040        77
36.060       103
36.080        80
36.100        93
36.120        73
36.140        83
36.160       107
36.180        90
36.200        77
36.220       100
36.240        80
36.260        67
36.280        77
36.300        50
36.320        80
36.340        87
36.360       103
36.380        93
36.400        77
36.420        77
36.440        63
36.460        83
36.480        73
36.500        83
36.520        70
36.540        93
36.560        80
36.580        93
36.600        77
36.620        93
36.640        83
36.660        93
36.680        90
36.700       100
36.720       103
36.740        90
36.760        97
36.780        97
36.800       123
36.820        73
36.840        70
36.860       103
36.880        80
36.900        53
36.920       107
36.940        90
36.960       133
36.980        97
37.000       107
37.020        80
37.040        77
37.060        70
37.080       107
37.100        80
37.120        80
37.140       110
37.160       117
37.180        73
37.200       107
37.220       100
37.240        93
37.260        77
37.280        80
37.300        80
37.320        80
37.340        73
37.360        90
37.380        93
37.400        97
37.420        90
37.440       103
37.460        83
37.480        47
37.500        80
37.520        77
37.540        83
37.560       133
37.580       103
37.600        67
37.620        93
37.640        87
37.660       123
37.680       100
37.700       117
37.720        97
37.740       107
37.760       150
37.780       147
37.800       143
37.820       200
37.840       173
37.860       207
37.880       270
37.900       240
37.920       263
37.940       257
37.960       446
37.980       483
38.000       453
38.020       593
38.040       553
38.060       593
38.080       583
38.100       586
38.120       593
38.140       490
38.160       430
38.180       510
38.200       420
38.220       280
38.240       237
38.260       277
38.280       187
38.300       190
38.320       213
38.340       143
38.360       147
38.380       113
38.400       153
38.420       133
38.440       110
38.460       107
38.480        73
38.500        87
38.520        83
38.540        77
38.560        83
38.580        77
38.600       130
38.620       113
38.640        83
38.660       137
38.680        80
38.700        93
38.720        83
38.740        77
38.760       117
38.780       103
38.800       100
38.820       110
38.840        83
38.860        63
38.880       110
38.900        90
38.920        77
38.940        67
38.960        77
38.980        87
39.000        97
39.020        83
39.040        83
39.060        87
39.080       100
39.100        80
39.120       100
39.140        97
39.160       120
39.180        80
39.200        87
39.220        80
39.240       110
39.260        83
39.280        90
39.300        63
39.320        90
39.340        67
39.360        60
39.380        73
39.400        63
39.420        77
39.440       103
39.460        80
39.480        80
39.500        90
39.520        97
39.540        70
39.560        97
39.580        90
39.600       120
39.620       110
39.640       113
39.660        90
39.680        80
39.700        93
39.720        80
39.740        90
39.760        93
39.780        80
39.800        80
39.820        90
39.840        87
39.860        67
39.880        63
39.900        63
39.920        83
39.940        57
39.960        70
39.980        70
40.000        70
40.020        53
40.040       103
40.060        63
40.080        83
40.100        67
40.120        60
40.140        73
40.160        83
40.180        93
40.200        77
40.220        60
40.240        60
40.260        93
40.280        50
40.300        90
40.320       113
40.340        47
40.360        97
40.380        73
40.400        77
40.420        83
40.440        73
40.460        97
40.480        90
40.500        83
40.520        80
40.540        63
40.560       100
40.580        97
40.600        60
40.620       107
40.640        90
40.660        67
40.680        77
40.700        50
40.720        70
40.740        83
40.760        80
40.780        93
40.800        63
40.820        73
40.840        63
40.860        73
40.880       113
40.900        73
40.920        60
40.940        90
40.960        90
40.980        90
41.000        70
41.020        90
41.040        83
41.060        77
41.080        70
41.100        73
41.120        87
41.140        83
41.160        80
41.180        60
41.200       113
41.220        87
41.240        93
41.260        93
41.280        67
41.300        90
41.320        90
41.340        73
41.360       127
41.380        63
41.400        83
41.420       100
41.440        67
41.460        73
41.480        87
41.500        83
41.520        77
41.540        67
41.560        83
41.580       103
41.600       110
41.620        60
41.640       123
41.660       127
41.680       100
41.700       107
41.720       113
41.740        83
41.760       123
41.780       123
41.800        87
41.820       117
41.840       107
41.860        70
41.880       110
41.900        77
41.920        73
41.940       103
41.960        97
41.980        80
42.000       107
42.020        80
42.040        70
42.060        80
42.080        70
42.100        63
42.120        67
42.140        73
42.160        97
42.180        80
42.200        73
42.220        53
42.240        67
42.260        93
42.280       113
42.300        67
42.320        90
42.340        67
42.360        90
42.380        67
42.400        73
42.420        70
42.440        93
42.460        57
42.480        87
42.500        73
42.520        63
42.540        80
42.560        80
42.580        47
42.600       123
42.620        80
42.640        97
42.660        67
42.680       100
42.700        67
42.720        83
42.740        90
42.760        73
42.780        80
42.800       113
42.820        80
42.840       107
42.860        87
42.880       100
42.900       120
42.920       113
42.940        67
42.960       133
42.980        67
43.000        87
43.020        97
43.040        70
43.060       137
43.080        90
43.100       100
43.120        87
43.140       117
43.160       100
43.180        90
43.200       120
43.220        97
43.240       117
43.260       103
43.280       127
43.300       173
43.320       180
43.340       223
43.360       287
43.380       227
43.400       227
43.420       200
43.440       160
43.460       160
43.480       203
43.500       157
43.520       160
43.540       147
43.560       137
43.580       100
43.600       113
43.620       130
43.640       113
43.660       113
43.680       107
43.700       173
43.720       193
43.740       167
43.760       193
43.780       160
43.800       160
43.820       243
43.840       290
43.860       320
43.880       407
43.900       343
43.920       470
43.940       620
43.960       716
43.980       860
44.000       980
44.020      1046
44.040      1253
44.060      1519
44.080      1539
44.100      1769
44.120      1789
44.140      1839
44.160      1856
44.180      1846
44.200      1849
44.220      1719
44.240      1443
44.260      1439
44.280      1329
44.300      1206
44.320      1000
44.340       966
44.360       706
44.380       700
44.400       490
44.420       600
44.440       493
44.460       310
44.480       320
44.500       283
44.520       273
44.540       200
44.560       190
44.580       200
44.600       137
44.620       193
44.640       127
44.660       137
44.680       140
44.700       177
44.720       110
44.740        87
44.760       143
44.780       117
44.800       107
44.820        90
44.840       107
44.860       137
44.880       113
44.900        90
44.920        83
44.940       130
44.960       100
44.980       117
45.000       113
45.020        97
45.040       100
45.060       127
45.080        80
45.100        60
45.120        93
45.140       123
45.160       100
45.180        93
45.200       100
45.220       113
45.240        90
45.260       123
45.280        60
45.300       113
45.320        73
45.340        67
45.360       103
45.380       100
45.400        67
45.420        97
45.440        67
45.460       113
45.480        77
45.500       123
45.520        80
45.540        63
45.560        80
45.580        90
45.600        57
45.620        87
45.640        70
45.660        80
45.680        67
45.700        87
45.720        87
45.740        77
45.760        63
45.780        67
45.800        87
45.820        83
45.840        83
45.860       107
45.880        77
45.900        77
45.920        77
45.940       117
45.960        93
45.980        83
46.000        47
46.020        77
46.040        97
46.060        77
46.080        97
46.100        97
46.120       100
46.140        87
46.160        60
46.180       103
46.200        60
46.220        63
46.240       117
46.260        40
46.280        40
46.300       103
46.320        83
46.340        97
46.360       103
46.380        77
46.400        60
46.420        67
46.440        63
46.460        70
46.480       103
46.500        83
46.520        53
46.540        57
46.560        83
46.580        80
46.600        80
46.620        60
46.640        60
46.660        93
46.680        93
46.700        80
46.720        73
46.740        83
46.760       100
46.780        63
46.800        83
46.820        77
46.840        63
46.860        60
46.880        47
46.900       120
46.920        83
46.940        63
46.960        80
46.980        60
47.000        80
47.020       100
47.040        90
47.060        53
47.080       117
47.100        67
47.120        73
47.140       100
47.160        80
47.180        77
47.200        73
47.220        70
47.240        77
47.260        73
47.280        93
47.300        53
47.320        87
47.340        63
47.360        73
47.380        67
47.400       113
47.420        73
47.440        73
47.460        93
47.480        67
47.500        60
47.520        50
47.540        77
47.560        87
47.580        50
47.600        57
47.620        80
47.640        70
47.660        87
47.680        60
47.700        83
47.720        57
47.740        83
47.760        73
47.780        70
47.800        67
47.820        83
47.840        70
47.860        67
47.880        63
47.900        57
47.920        67
47.940        80
47.960        47
47.980        80
48.000        73
48.020       100
48.040        57
48.060        83
48.080        70
48.100        60
48.120        83
48.140        40
48.160        87
48.180        67
48.200        67
48.220        90
48.240        73
48.260        70
48.280        93
48.300        63
48.320        87
48.340       100
48.360        67
48.380        50
48.400        63
48.420        77
48.440        57
48.460        63
48.480        87
48.500        67
48.520        67
48.540        70
48.560        43
48.580        77
48.600        70
48.620        40
48.640        53
48.660        57
48.680        83
48.700        80
48.720        77
48.740        77
48.760        57
48.780        50
48.800        73
48.820        50
48.840        73
48.860        57
48.880        50
48.900        57
48.920        80
48.940        60
48.960        67
48.980        80
49.000        47
49.020        73
49.040        67
49.060        90
49.080        57
49.100        57
49.120        67
49.140        50
49.160        90
49.180        77
49.200        87
49.220        53
49.240        77
49.260        57
49.280        80
49.300        57
49.320        90
49.340       110
49.360        87
49.380        83
49.400        73
49.420        77
49.440        87
49.460        90
49.480       107
49.500        70
49.520        70
49.540        83
49.560        83
49.580       100
49.600        77
49.620        97
49.640        77
49.660        87
49.680        73
49.700        80
49.720       120
49.740        80
49.760        87
49.780        53
49.800        77
49.820        90
49.840       100
49.860       120
49.880        70
49.900        47
49.920        83
49.940        37
49.960        70
49.980        63
50.000        90
50.020        77
50.040        70
50.060        63
50.080        77
50.100        73
50.120       100
50.140        50
50.160        63
50.180        87
50.200        80
50.220        90
50.240       107
50.260        37
50.280        67
50.300        63
50.320        63
50.340        87
50.360        63
50.380        67
50.400        60
50.420        37
50.440        20
50.460        80
50.480        77
50.500        50
50.520        40
50.540        70
50.560        43
50.580        53
50.600        80
50.620        83
50.640        73
50.660        67
50.680        70
50.700        67
50.720        87
50.740        80
50.760        90
50.780        67
50.800        57
50.820        53
50.840        80
50.860        77
50.880        77
50.900        90
50.920        70
50.940        47
50.960        80
50.980        73
51.000        53
51.020        50
51.040        57
51.060        63
51.080        97
51.100        53
51.120        63
51.140        53
51.160        70
51.180        53
51.200        67
51.220        93
51.240        73
51.260        57
51.280        77
51.300        73
51.320        70
51.340       103
51.360        57
51.380        37
51.400        60
51.420        60
51.440        90
51.460        80
51.480        50
51.500        60
51.520        83
51.540        67
51.560        73
51.580        67
51.600        53
51.620        50
51.640        63
51.660        87
51.680        80
51.700        57
51.720        80
51.740        73
51.760        67
51.780        63
51.800        77
51.820        57
51.840        90
51.860        60
51.880        67
51.900        67
51.920        63
51.940        83
51.960        53
51.980       107
52.000        73
52.020        37
52.040        87
52.060        90
52.080        73
52.100        83
52.120        63
52.140        73
52.160        80
52.180        53
52.200        67
52.220        70
52.240        60
52.260        60
52.280        93
52.300        77
52.320        83
52.340        57
52.360        83
52.380        67
52.400        80
52.420        47
52.440        47
52.460       120
52.480        97
52.500       107
52.520       133
52.540       113
52.560       210
52.580       213
52.600       247
52.620       167
52.640       123
52.660        97
52.680        87
52.700       117
52.720       150
52.740       150
52.760       127
52.780       130
52.800       100
52.820        63
52.840        57
52.860        50
52.880        70
52.900        80
52.920        80
52.940        47
52.960        67
52.980        70
53.000        80
53.020        77
53.040        77
53.060        67
53.080        53
53.100        77
53.120        50
53.140        97
53.160        73
53.180        67
53.200        73
53.220        70
53.240        67
53.260        53
53.280        67
53.300        50
53.320        80
53.340        63
53.360        80
53.380        97
53.400        63
53.420        70
53.440        87
53.460        70
53.480        40
53.500        47
53.520        90
53.540        53
53.560        77
53.580        63
53.600        73
53.620        40
53.640        73
53.660        67
53.680        43
53.700        47
53.720        77
53.740        77
53.760        57
53.780        67
53.800        57
53.820        83
53.840        83
53.860        33
53.880        50
53.900        67
53.920        77
53.940        80
53.960        67
53.980        53
54.000        63
54.020       103
54.040        90
54.060        87
54.080        73
54.100        43
54.120        50
54.140        40
54.160       103
54.180        53
54.200        83
54.220        60
54.240        80
54.260        93
54.280        87
54.300        80
54.320       100
54.340        70
54.360        53
54.380        63
54.400        93
54.420        70
54.440        73
54.460        90
54.480        67
54.500        57
54.520        97
54.540        63
54.560       107
54.580       100
54.600       140
54.620       130
54.640       110
54.660       137
54.680       137
54.700       187
54.720       203
54.740       223
54.760       273
54.780       290
54.800       303
54.820       363
54.840       456
54.860       387
54.880       417
54.900       400
54.920       400
54.940       387
54.960       393
54.980       496
55.000       420
55.020       403
55.040       373
55.060       297
55.080       330
55.100       287
55.120       257
55.140       223
55.160       183
55.180       210
55.200       173
55.220       157
55.240       137
55.260       117
55.280       113
55.300        90
55.320       107
55.340       110
55.360        93
55.380        90
55.400        80
55.420       110
55.440        70
55.460       107
55.480        83
55.500        87
55.520        83
55.540        77
55.560        67
55.580        67
55.600        73
55.620        57
55.640        50
55.660        90
55.680        67
55.700       103
55.720        93
55.740        83
55.760        93
55.780        73
55.800        77
55.820       100
55.840        80
55.860        90
55.880        67
55.900        80
55.920        37
55.940        87
55.960        50
55.980        67
56.000        53
56.020        90
56.040        70
56.060        80
56.080        63
56.100        60
56.120        53
56.140        60
56.160        60
56.180        80
56.200        43
56.220        67
56.240        67
56.260        77
56.280        73
56.300        57
56.320        60
56.340        67
56.360        37
56.380        67
56.400        87
56.420        53
56.440        73
56.460        67
56.480        30
56.500        70
56.520        67
56.540        63
56.560        77
56.580        77
56.600        67
56.620        47
56.640        60
56.660        80
56.680        53
56.700        40
56.720        53
56.740        90
56.760        70
56.780        50
56.800        43
56.820        60
56.840        83
56.860        90
56.880        57
56.900        53
56.920        73
56.940        70
56.960        70
56.980        83
57.000        70
57.020        67
57.040        80
57.060        67
57.080        77
57.100        63
57.120        57
57.140        77
57.160        77
57.180        97
57.200        80
57.220        73
57.240        60
57.260        90
57.280       100
57.300       100
57.320        87
57.340       107
57.360       143
57.380       123
57.400       130
57.420       163
57.440       197
57.460       240
57.480       370
57.500       350
57.520       520
57.540       623
57.560       576
57.580       500
57.600       287
57.620       197
57.640       260
57.660       340
57.680       333
57.700       320
57.720       297
57.740       240
57.760       200
57.780        93
57.800        97
57.820        70
57.840        57
57.860       127
57.880       113
57.900        77
57.920        67
57.940        97
57.960        47
57.980        80
58.000        70
58.020        57
58.040        80
58.060        63
58.080        73
58.100        40
58.120        50
58.140        57
58.160        57
58.180        57
58.200        80
58.220        47
58.240        73
58.260        67
58.280        60
58.300       113
58.320        57
58.340        80
58.360        80
58.380        73
58.400        80
58.420        77
58.440        53
58.460        67
58.480        87
58.500        70
58.520        73
58.540        60
58.560        33
58.580        60
58.600        70
58.620        77
58.640        53
58.660        33
58.680        50
58.700        43
58.720        60
58.740        53
58.760        90
58.780        63
58.800        40
58.820        57
58.840        37
58.860        60
58.880        57
58.900        57
58.920        90
58.940        43
58.960        80
58.980        93
59.000        80
59.020        77
59.040        53
59.060        43
59.080        77
59.100        50
59.120        60
59.140        57
59.160        80
59.180        53
59.200        47
59.220        43
59.240        73
59.260        87
59.280        40
59.300        67
59.320        80
59.340        67
59.360        67
59.380        50
59.400        60
59.420        87
59.440        63
59.460        77
59.480        47
59.500        57
59.520        60
59.540        67
59.560        57
59.580        67
59.600        77
59.620        73
59.640        37
59.660        67
59.680        63
59.700        77
59.720       100
59.740        63
59.760        77
59.780        93
59.800        53
59.820        70
59.840        37
59.860        73
59.880        73
59.900        33
59.920        60
59.940        57
59.960        77
59.980        80
60.000        53
