20.000         0
20.020         0
20.040         0
20.060         0
20.080         0
20.100         0
20.120         0
20.140         0
20.160         0
20.180         0
20.200        93
20.220       240
20.240       250
20.260       257
20.280       260
20.300       280
20.320       213
20.340       223
20.360       220
20.380       197
20.400       197
20.420       240
20.440       230
20.460       263
20.480       253
20.500       253
20.520       210
20.540       220
20.560       260
20.580       293
20.600       283
20.620       247
20.640       250
20.660       203
20.680       247
20.700       213
20.720       250
20.740       227
20.760       257
20.780       187
20.800       233
20.820       237
20.840       243
20.860       213
20.880       263
20.900       247
20.920       237
20.940       260
20.960       223
20.980       193
21.000       220
21.020       240
21.040       227
21.060       197
21.080       240
21.100       200
21.120       213
21.140       197
21.160       207
21.180       233
21.200       187
21.220       257
21.240       220
21.260       173
21.280       257
21.300       190
21.320       263
21.340       257
21.360       213
21.380       230
21.400       197
21.420       170
21.440       277
21.460       217
21.480       213
21.500       183
21.520       240
21.540       260
21.560       237
21.580       253
21.600       220
21.620       260
21.640       187
21.660       223
21.680       213
21.700       213
21.720       227
21.740       210
21.760       167
21.780       247
21.800       210
21.820       210
21.840       230
21.860       190
21.880       220
21.900       233
21.920       227
21.940       207
21.960       197
21.980       180
22.000       193
22.020       200
22.040       190
22.060       203
22.080       230
22.100       230
22.120       193
22.140       280
22.160       220
22.180       193
22.200       210
22.220       207
22.240       197
22.260       213
22.280       220
22.300       177
22.320       207
22.340       167
22.360       203
22.380       170
22.400       210
22.420       270
22.440       243
22.460       243
22.480       237
22.500       200
22.520       240
22.540       197
22.560       217
22.580       220
22.600       197
22.620       197
22.640       183
22.660       210
22.680       183
22.700       227
22.720       167
22.740       227
22.760       217
22.780       183
22.800       190
22.820       197
22.840       157
22.860       193
22.880       207
22.900       187
22.920       170
22.940       200
22.960       203
22.980       167
23.000       247
23.020       167
23.040       190
23.060       210
23.080       197
23.100       227
23.120       197
23.140       200
23.160       197
23.180       223
23.200       170
23.220       207
23.240       203
23.260       173
23.280       160
23.300       183
23.320       213
23.340       150
23.360       220
23.380       207
23.400       217
23.420       177
23.440       183
23.460       190
23.480       210
23.500       173
23.520       167
23.540       207
23.560       193
23.580       187
23.600       213
23.620       200
23.640       200
23.660       180
23.680       210
23.700       183
23.720       233
23.740       227
23.760       163
23.780       170
23.800       210
23.820       220
23.840       163
23.860       190
23.880       197
23.900       220
23.920       213
23.940       210
23.960       173
23.980       217
24.000       203
24.020       153
24.040       147
24.060       183
24.080       180
24.100       180
24.120       147
24.140       210
24.160       180
24.180       173
24.200       173
24.220       173
24.240       200
24.260       170
24.280       157
24.300       203
24.320       143
24.340       197
24.360       190
24.380       167
24.400       130
24.420       180
24.440       187
24.460       147
24.480       197
24.500       197
24.520       163
24.540       177
24.560       173
24.580       210
24.600       170
24.620       183
24.640       160
24.660       183
24.680       163
24.700       160
24.720       190
24.740       197
24.760       153
24.780       183
24.800       223
24.820       163
24.840       110
24.860       207
24.880       170
24.900       163
24.920       163
24.940       213
24.960       170
24.980       173
25.000       170
25.020       207
25.040       193
25.060       217
25.080       170
25.100       170
25.120       190
25.140       210
25.160       213
25.180       203
25.200       197
25.220       190
25.240       173
25.260       180
25.280       153
25.300       160
25.320       167
25.340       167
25.360       187
25.380       157
25.400       180
25.420       147
25.440       147
25.460       177
25.480       213
25.500       113
25.520       207
25.540       213
25.560       140
25.580       190
25.600       190
25.620       177
25.640       163
25.660       213
25.680       133
25.700       173
25.720       153
25.740       157
25.760       223
25.780       143
25.800       140
25.820       153
25.840       160
25.860       190
25.880       170
25.900       137
25.920       163
25.940       153
25.960       147
25.980       130
26.000       133
26.020       143
26.040       153
26.060       180
26.080       137
26.100       187
26.120       147
26.140       150
26.160       167
26.180       153
26.200       150
26.220       147
26.240       160
26.260       177
26.280       173
26.300       180
26.320       147
26.340       160
26.360       187
26.380       160
26.400       163
26.420       193
26.440       163
26.460       140
26.480       190
26.500       173
26.520       157
26.540       170
26.560       180
26.580       133
26.600       173
26.620       193
26.640       217
26.660       190
26.680       143
26.700       143
26.720       187
26.740       157
26.760       173
26.780       117
26.800       150
26.820       157
26.840       160
26.860       140
26.880       150
26.900       167
26.920       163
26.940       153
26.960       123
26.980       137
27.000       183
27.020       163
27.040       207
27.060       133
27.080       147
27.100       163
27.120       120
27.140       153
27.160       123
27.180       157
27.200       150
27.220       143
27.240       160
27.260       167
27.280       110
27.300       120
27.320       163
27.340       143
27.360       103
27.380       143
27.400       143
27.420       150
27.440       120
27.460       130
27.480       130
27.500       117
27.520       107
27.540       163
27.560       147
27.580       110
27.600       133
27.620       113
27.640       127
27.660       130
27.680       140
27.700       150
27.720       150
27.740       157
27.760       117
27.780       123
27.800       110
27.820       123
27.840       153
27.860       150
27.880       110
27.900       137
27.920       127
27.940       123
27.960       113
27.980       173
28.000       113
28.020        93
28.040       147
28.060       137
28.080       150
28.100       167
28.120       157
28.140       130
28.160       147
28.180       183
28.200       190
28.220       163
28.240       123
28.260       130
28.280       170
28.300       223
28.320       170
28.340       210
28.360       203
28.380       173
28.400       163
28.420       170
28.440       160
28.460       153
28.480       153
28.500       170
28.520       173
28.540       180
28.560       153
28.580       173
28.600       187
28.620       170
28.640       220
28.660       190
28.680       190
28.700       190
28.720       183
28.740       217
28.760       183
28.780       150
28.800       143
28.820       173
28.840       173
28.860       183
28.880       140
28.900       130
28.920       137
28.940       110
28.960       143
28.980       113
29.000       133
29.020       150
29.040       147
29.060       130
29.080       113
29.100       167
29.120       133
29.140       153
29.160        80
29.180       120
29.200       110
29.220        97
29.240       107
29.260       113
29.280       113
29.300       103
29.320        83
29.340       130
29.360       113
29.380       120
29.400       127
29.420       153
29.440       130
29.460       167
29.480       113
29.500       120
29.520        93
29.540       133
29.560       117
29.580       140
29.600       127
29.620       110
29.640       147
29.660       140
29.680       130
29.700       103
29.720        83
29.740       120
29.760       193
29.780       100
29.800       100
29.820       123
29.840       113
29.860       117
29.880       137
29.900       100
29.920       123
29.940        97
29.960       130
29.980       143
30.000       103
30.020       133
30.040       110
30.060       110
30.080       120
30.100       120
30.120       110
30.140       103
30.160        93
30.180       100
30.200       120
30.220       140
30.240       117
30.260       153
30.280       157
30.300       127
30.320       160
30.340       153
30.360       140
30.380       150
30.400       233
30.420       143
30.440       170
30.460       143
30.480       173
30.500       147
30.520       180
30.540       147
30.560       163
30.580       163
30.600       157
30.620       150
30.640       143
30.660       157
30.680       187
30.700       193
30.720       150
30.740       187
30.760       203
30.780       210
30.800       193
30.820       137
30.840       177
30.860       177
30.880       207
30.900       183
30.920       173
30.940       140
30.960       227
30.980       237
31.000       293
31.020       250
31.040       260
31.060       357
31.080       327
31.100       373
31.120       493
31.140       510
31.160       743
31.180       880
31.200       923
31.220      1329
31.240      1703
31.260      2249
31.280      3002
31.300      3719
31.320      5121
31.340      6607
31.360      7970
31.380      8966
31.400      9913
31.420     10329
31.440      9669
31.460      8503
31.480      7154
31.500      6018
31.520      4688
31.540      3435
31.560      2206
31.580      1553
31.600      1100
31.620       893
31.640       733
31.660       546
31.680       510
31.700       363
31.720       380
31.740       327
31.760       333
31.780       260
31.800       213
31.820       230
31.840       180
31.860       283
31.880       217
31.900       183
31.920       180
31.940       200
31.960       193
31.980       153
32.000       200
32.020       213
32.040       200
32.060       233
32.080       200
32.100       233
32.120       100
32.140       213
32.160       157
32.180       190
32.200       140
32.220       157
32.240       163
32.260       160
32.280       147
32.300       183
32.320       160
32.340       157
32.360       180
32.380       123
32.400       170
32.420       140
32.440       143
32.460       150
32.480        90
32.500       167
32.520       140
32.540       103
32.560       123
32.580       113
32.600       143
32.620       113
32.640       100
32.660       120
32.680       123
32.700        97
32.720       140
32.740       140
32.760       143
32.780       123
32.800       177
32.820       123
32.840       100
32.860       120
32.880       107
32.900       103
32.920       157
32.940       113
32.960        97
32.980       133
33.000       123
33.020       120
33.040       127
33.060       127
33.080       147
33.100       133
33.120       127
33.140       140
33.160       137
33.180        97
33.200       103
33.220       130
33.240       113
33.260       130
33.280       117
33.300        97
33.320       110
33.340       147
33.360       117
33.380       153
33.400       127
33.420       100
33.440       107
33.460       123
33.480       140
33.500       120
33.520       110
33.540       107
33.560       143
33.580       110
33.600       107
33.620       160
33.640       130
33.660       117
33.680       103
33.700       127
33.720       110
33.740       107
33.760       117
33.780       127
33.800       143
33.820       120
33.840       123
33.860       127
33.880       130
33.900       150
33.920       140
33.940       230
33.960       130
33.980       220
34.000       230
34.020       247
34.040       187
34.060       217
34.080       213
34.100       173
34.120       190
34.140       193
34.160       183
34.180       193
34.200       233
34.220       147
34.240       173
34.260       190
34.280       100
34.300       137
34.320       133
34.340       130
34.360       143
34.380        90
34.400       130
34.420       127
34.440       123
34.460       113
34.480       110
34.500       100
34.520       117
34.540       110
34.560        97
34.580        90
34.600       150
34.620       130
34.640       100
34.660       123
34.680       103
34.700       120
34.720       133
34.740       103
34.760       120
34.780       120
34.800       117
34.820       127
34.840        87
34.860       130
34.880       133
34.900       170
34.920       100
34.940       103
34.960       143
34.980       107
35.000       143
35.020       140
35.040       183
35.060       193
35.080       263
35.100       287
35.120       387
35.140       433
35.160       690
35.180       733
35.200       740
35.220       703
35.240       503
35.260       370
35.280       506
35.300       363
35.320       317
35.340       187
35.360       130
35.380       100
35.400       120
35.420        97
35.440       103
35.460       143
35.480       110
35.500       127
35.520        90
35.540        87
35.560        87
35.580        93
35.600        90
35.620        93
35.640       140
35.660       103
35.680        77
35.700       107
35.720       107
35.740        93
35.760       113
35.780       107
35.800        97
35.820        90
35.840       123
35.860        90
35.880        87
35.900       110
35.920       130
35.940       127
35.960        93
35.980        90
36.000        90
36.020       123
36.040       120
36.060        90
36.080        93
36.100        87
36.120       130
36.140       107
36.160       117
36.180       110
36.200        83
36.220       103
36.240        87
36.260       137
36.280       110
36.300       123
36.320       103
36.340       140
36.360        93
36.380       140
36.400        93
36.420       140
36.440       160
36.460       153
36.480       203
36.500       157
36.520       167
36.540       133
36.560       103
36.580       153
36.600       183
36.620       150
36.640       110
36.660       127
36.680       113
36.700        97
36.720       110
36.740       150
36.760       133
36.780        90
36.800       147
36.820       100
36.840        87
36.860       150
36.880        80
36.900        90
36.920       113
36.940        73
36.960       100
36.980        70
37.000       147
37.020       143
37.040       103
37.060       117
37.080       117
37.100       130
37.120       107
37.140        63
37.160       123
37.180       110
37.200       107
37.220        90
37.240       100
37.260       110
37.280       133
37.300       113
37.320       140
37.340        90
37.360       120
37.380       113
37.400        77
37.420        80
37.440       113
37.460        73
37.480        93
37.500        93
37.520       103
37.540       100
37.560        97
37.580        87
37.600       110
37.620        97
37.640        67
37.660       113
37.680       120
37.700       110
37.720       153
37.740       117
37.760       110
37.780       187
37.800       177
37.820       230
37.840       153
37.860       177
37.880       193
37.900       160
37.920       137
37.940       163
37.960       140
37.980        93
38.000       103
38.020       137
38.040       123
38.060       147
38.080       107
38.100        80
38.120        80
38.140       127
38.160       120
38.180       107
38.200        97
38.220        87
38.240        87
38.260       147
38.280        90
38.300       147
38.320       137
38.340       127
38.360       123
38.380       113
38.400       133
38.420       123
38.440       100
38.460       107
38.480       133
38.500       220
38.520       137
38.540       173
38.560       220
38.580       183
38.600       220
38.620       313
38.640       407
38.660       480
38.680       576
38.700       663
38.720       566
38.740       760
38.760       600
38.780       620
38.800       510
38.820       546
38.840       463
38.860       350
38.880       297
38.900       250
38.920       233
38.940       133
38.960       150
38.980       140
39.000       127
39.020       163
39.040       130
39.060       103
39.080       147
39.100       103
39.120       103
39.140       107
39.160        93
39.180       107
39.200       123
39.220        97
39.240        87
39.260        83
39.280       100
39.300        63
39.320       103
39.340        80
39.360        53
39.380        80
39.400        77
39.420        73
39.440        67
39.460        70
39.480        83
39.500        93
39.520        87
39.540        33
39.560       107
39.580        73
39.600        87
39.620        83
39.640        77
39.660        70
39.680        93
39.700        80
39.720        90
39.740        87
39.760        97
39.780        60
39.800        90
39.820        93
39.840        87
39.860       107
39.880        87
39.900       110
39.920        70
39.940        70
39.960       113
39.980       107
40.000       120
40.020        83
40.040        73
40.060        63
40.080       110
40.100        83
40.120        73
40.140        73
40.160        67
40.180        77
40.200        97
40.220        90
40.240        53
40.260        57
40.280       117
40.300        87
40.320        60
40.340        70
40.360        83
40.380        83
40.400       157
40.420        63
40.440       113
40.460        67
40.480        73
40.500        83
40.520        80
40.540        87
40.560        40
40.580       110
40.600        73
40.620        87
40.640        80
40.660        73
40.680        77
40.700       103
40.720        40
40.740        77
40.760        63
40.780        93
40.800        63
40.820        90
40.840        93
40.860        77
40.880        67
40.900        73
40.920        70
40.940        87
40.960       100
40.980        77
41.000        63
41.020        67
41.040        97
41.060        67
41.080        77
41.100        60
41.120        70
41.140        57
41.160        83
41.180        37
41.200        53
41.220        93
41.240        80
41.260        93
41.280       107
41.300        53
41.320        87
41.340        67
41.360        73
41.380        70
41.400        80
41.420        73
41.440        67
41.460        80
41.480       110
41.500        90
41.520       103
41.540        73
41.560       100
41.580        70
41.600        70
41.620       103
41.640        83
41.660       123
41.680       120
41.700       153
41.720       137
41.740       140
41.760       103
41.780        83
41.800       147
41.820       133
41.840       117
41.860       107
41.880        97
41.900       117
41.920        73
41.940        57
41.960        70
41.980        77
42.000        90
42.020        77
42.040       100
42.060        83
42.080        77
42.100        80
42.120        50
42.140        77
42.160        77
42.180        73
42.200        90
42.220        50
42.240        70
42.260        80
42.280        63
42.300       110
42.320        77
42.340       100
42.360        83
42.380        67
42.400        63
42.420        57
42.440        57
42.460        70
42.480        50
42.500        90
42.520        63
42.540        90
42.560        63
42.580        57
42.600        47
42.620        50
42.640        77
42.660        77
42.680        90
42.700        67
42.720        43
42.740        90
42.760        60
42.780       100
42.800        87
42.820        83
42.840        90
42.860        77
42.880        80
42.900        97
42.920        87
42.940        80
42.960        77
42.980        97
43.000       123
43.020       103
43.040        93
43.060        47
43.080        73
43.100        73
43.120       103
43.140       107
43.160        77
43.180        57
43.200        83
43.220       123
43.240       117
43.260       107
43.280       147
43.300       177
43.320       237
43.340       323
43.360       407
43.380       546
43.400       666
43.420       616
43.440       490
43.460       297
43.480       343
43.500       413
43.520       443
43.540       307
43.560       203
43.580       140
43.600       107
43.620       127
43.640       120
43.660        60
43.680        67
43.700        70
43.720       107
43.740       100
43.760        93
43.780        63
43.800       130
43.820        40
43.840       117
43.860        90
43.880        90
43.900        73
43.920        73
43.940        90
43.960        77
43.980        70
44.000        93
44.020        80
44.040        53
44.060        97
44.080       100
44.100        63
44.120        83
44.140        67
44.160        77
44.180        63
44.200        83
44.220        53
44.240        60
44.260        77
44.280        77
44.300        57
44.320        67
44.340        87
44.360        50
44.380        87
44.400        77
44.420        40
44.440        77
44.460        73
44.480        77
44.500        53
44.520        73
44.540        40
44.560        50
44.580        43
44.600        60
44.620        97
44.640        67
44.660        53
44.680        83
44.700        73
44.720        57
44.740        47
44.760        57
44.780        60
44.800        73
44.820        80
44.840        97
44.860        67
44.880        77
44.900       117
44.920        53
44.940        97
44.960        63
44.980        80
45.000        70
45.020        77
45.040        53
45.060        60
45.080        90
45.100        93
45.120        90
45.140        67
45.160        87
45.180        90
45.200        93
45.220        50
45.240        63
45.260        83
45.280        77
45.300        93
45.320        33
45.340        97
45.360        57
45.380        70
45.400        83
45.420        67
45.440        67
45.460        60
45.480        63
45.500        83
45.520        60
45.540        87
45.560        67
45.580        60
45.600        47
45.620        60
45.640        83
45.660        80
45.680        73
45.700        50
45.720        73
45.740        50
45.760        87
45.780        43
45.800        73
45.820        63
45.840        70
45.860        67
45.880        60
45.900        57
45.920        63
45.940        60
45.960        50
45.980        70
46.000        57
46.020        73
46.040        67
46.060        60
46.080        90
46.100        73
46.120        53
46.140        47
46.160        63
46.180        67
46.200        93
46.220        70
46.240        93
46.260        43
46.280        67
46.300        50
46.320        63
46.340        77
46.360        43
46.380        70
46.400        53
46.420        50
46.440        57
46.460        77
46.480       103
46.500        53
46.520        63
46.540        67
46.560        53
46.580        47
46.600        67
46.620        57
46.640        70
46.660        90
46.680        63
46.700        83
46.720        50
46.740        40
46.760        63
46.780        67
46.800        50
46.820        60
46.840        53
46.860        53
46.880        60
46.900        47
46.920        43
46.940        53
46.960        47
46.980        77
47.000        70
47.020        60
47.040        47
47.060        60
47.080        53
47.100        77
47.120        87
47.140        53
47.160        63
47.180        83
47.200        43
47.220        50
47.240        70
47.260        63
47.280        73
47.300        93
47.320        80
47.340        33
47.360        67
47.380        67
47.400        57
47.420        57
47.440        67
47.460        47
47.480        67
47.500        73
47.520        73
47.540        73
47.560        57
47.580        27
47.600        90
47.620        53
47.640        63
47.660        57
47.680        67
47.700        70
47.720        73
47.740        53
47.760        83
47.780        53
47.800        53
47.820        70
47.840        73
47.860        83
47.880        67
47.900        50
47.920        67
47.940        77
47.960        57
47.980        53
48.000        87
48.020        43
48.040        53
48.060        53
48.080        30
48.100        43
48.120        70
48.140        53
48.160        63
48.180        80
48.200        67
48.220        63
48.240        67
48.260        73
48.280        57
48.300        50
48.320        43
48.340        63
48.360        50
48.380        73
48.400        63
48.420        40
48.440        63
48.460        80
48.480        63
48.500        43
48.520        60
48.540        67
48.560        40
48.580        47
48.600        63
48.620        53
48.640        73
48.660        80
48.680        90
48.700        83
48.720       127
48.740       123
48.760       123
48.780       100
48.800       113
48.820       123
48.840        57
48.860       117
48.880        80
48.900       100
48.920        87
48.940       110
48.960       107
48.980        97
49.000        83
49.020        70
49.040        50
49.060       117
49.080        77
49.100       113
49.120        70
49.140        63
49.160        63
49.180        67
49.200        83
49.220        73
49.240       100
49.260        87
49.280        70
49.300        60
49.320        83
49.340        53
49.360        80
49.380        57
49.400        60
49.420        57
49.440        90
49.460        83
49.480        80
49.500        97
49.520        67
49.540        60
49.560        73
49.580        60
49.600        80
49.620        80
49.640        77
49.660        80
49.680        57
49.700        93
49.720        73
49.740        77
49.760        60
49.780        53
49.800        67
49.820        83
49.840        77
49.860        63
49.880        70
49.900        57
49.920        67
49.940        57
49.960        83
49.980        73
50.000        70
50.020        97
50.040        87
50.060        53
50.080        83
50.100        47
50.120        50
50.140        67
50.160        63
50.180        67
50.200        87
50.220        47
50.240        83
50.260        60
50.280        57
50.300        73
50.320        50
50.340        57
50.360        37
50.380        87
50.400        67
50.420        50
50.440        77
50.460        67
50.480        77
50.500        50
50.520        50
50.540        50
50.560        67
50.580        57
50.600        83
50.620        83
50.640        53
50.660        67
50.680        83
50.700        57
50.720        50
50.740        67
50.760        73
50.780        63
50.800        73
50.820        77
50.840        90
50.860        73
50.880        80
50.900        70
50.920        80
50.940        73
50.960        77
50.980        37
51.000        60
51.020        50
51.040        53
51.060        77
51.080        43
51.100        73
51.120        70
51.140        87
51.160        43
51.180        47
51.200        70
51.220        73
51.240        57
51.260        70
51.280        60
51.300        57
51.320        70
51.340        57
51.360        90
51.380        70
51.400        90
51.420        47
51.440        70
51.460        60
51.480        77
51.500        53
51.520        67
51.540        73
51.560        63
51.580        83
51.600        80
51.620        67
51.640        80
51.660        60
51.680        37
51.700        47
51.720        83
51.740        77
51.760        57
51.780        53
51.800        83
51.820        57
51.840       103
51.860        90
51.880        57
51.900        63
51.920        77
51.940        97
51.960        73
51.980        83
52.000        53
52.020       100
52.040        63
52.060        77
52.080        73
52.100        70
52.120        53
52.140        70
52.160        87
52.180        77
52.200        70
52.220        57
52.240        77
52.260        83
52.280        50
52.300        83
52.320        77
52.340        80
52.360        50
52.380        70
52.400        93
52.420        93
52.440        70
52.460        97
52.480        87
52.500        87
52.520        87
52.540       150
52.560       180
52.580       263
52.600       377
52.620       440
52.640       443
52.660       290
52.680       217
52.700       247
52.720       200
52.740       260
52.760       287
52.780       220
52.800       193
52.820       143
52.840       107
52.860        63
52.880        73
52.900        63
52.920        47
52.940        63
52.960        60
52.980        53
53.000        67
53.020        37
53.040        37
53.060        80
53.080        53
53.100        97
53.120        83
53.140        53
53.160        67
53.180        73
53.200        97
53.220        57
53.240        80
53.260        80
53.280        57
53.300        47
53.320        73
53.340        63
53.360        70
53.380        73
53.400        77
53.420        93
53.440        77
53.460        50
53.480        60
53.500        57
53.520        63
53.540        70
53.560        80
53.580        70
53.600        83
53.620        93
53.640        70
53.660        53
53.680        73
53.700        53
53.720        90
53.740        63
53.760        93
53.780        73
53.800        70
53.820        53
53.840        57
53.860        67
53.880        70
53.900        40
53.920        90
53.940        77
53.960        70
53.980        70
54.000        63
54.020        77
54.040        53
54.060        60
54.080        67
54.100        70
54.120        80
54.140        73
54.160        83
54.180        53
54.200        63
54.220        90
54.240        87
54.260        47
54.280        73
54.300        63
54.320        73
54.340        53
54.360        47
54.380        57
54.400       100
54.420        83
54.440        77
54.460        67
54.480        70
54.500        67
54.520        53
54.540        67
54.560        83
54.580        87
54.600        57
54.620        67
54.640        93
54.660        77
54.680        83
54.700        73
54.720        73
54.740        80
54.760        77
54.780        90
54.800        87
54.820        87
54.840       120
54.860        70
54.880        43
54.900        90
54.920        73
54.940        57
54.960        83
54.980        83
55.000        97
55.020        90
55.040        80
55.060        77
55.080        83
55.100        63
55.120        97
55.140        63
55.160        83
55.180       100
55.200       100
55.220       103
55.240        87
55.260        80
55.280       107
55.300        97
55.320        73
55.340        97
55.360        97
55.380       110
55.400       130
55.420       100
55.440       120
55.460       113
55.480       150
55.500       160
55.520       150
55.540       223
55.560       177
55.580       230
55.600       330
55.620       350
55.640       407
55.660       480
55.680       593
55.700       750
55.720       923
55.740      1103
55.760      1170
55.780      1429
55.800      1936
55.820      1989
55.840      2336
55.860      2259
55.880      2586
55.900      2729
55.920      2749
55.940      2622
55.960      2426
55.980      2242
56.000      2036
56.020      1823
56.040      1776
56.060      1586
56.080      1303
56.100      1203
56.120       913
56.140       830
56.160       690
56.180       533
56.200       390
56.220       380
56.240       333
56.260       260
56.280       217
56.300       240
56.320       170
56.340       200
56.360       177
56.380       137
56.400       143
56.420       123
56.440       130
56.460       113
56.480       107
56.500       107
56.520       123
56.540        83
56.560       100
56.580       120
56.600       103
56.620       137
56.640       107
56.660        77
56.680       150
56.700       133
56.720       133
56.740       110
56.760       107
56.780       103
56.800       113
56.820        87
56.840       103
56.860       100
56.880        97
56.900       127
56.920        80
56.940        93
56.960       100
56.980        73
57.000        93
57.020        73
57.040       110
57.060        57
57.080        77
57.100        90
57.120        77
57.140        60
57.160        70
57.180        73
57.200        90
57.220       100
57.240        67
57.260        67
57.280       103
57.300       100
57.320       137
57.340       107
57.360       130
57.380       117
57.400       173
57.420       150
57.440       240
57.460       243
57.480       363
57.500       513
57.520       596
57.540       850
57.560       940
57.580      1026
57.600       730
57.620       563
57.640       387
57.660       426
57.680       483
57.700       463
57.720       546
57.740       586
57.760       460
57.780       297
57.800       187
57.820       120
57.840       103
57.860        93
57.880       120
57.900       107
57.920        93
57.940        80
57.960        83
57.980        67
58.000        70
58.020        83
58.040        83
58.060        83
58.080       107
58.100        80
58.120        63
58.140        60
58.160        60
58.180        43
58.200        67
58.220        93
58.240        73
58.260        80
58.280        93
58.300        53
58.320        87
58.340        87
58.360        87
58.380       103
58.400        87
58.420        83
58.440        90
58.460        87
58.480        97
58.500        60
58.520        40
58.540       117
58.560        93
58.580       110
58.600       103
58.620        70
58.640        80
58.660        93
58.680        70
58.700       103
58.720        80
58.740        53
58.760        90
58.780        57
58.800        57
58.820        87
58.840       123
58.860        50
58.880        50
58.900       103
58.920        63
58.940        73
58.960        40
58.980        47
59.000        60
59.020        73
59.040        80
59.060        90
59.080        70
59.100        53
59.120        90
59.140        87
59.160        97
59.180        83
59.200        77
59.220        70
59.240        97
59.260        80
59.280        57
59.300        80
59.320        83
59.340        80
59.360        57
59.380        90
59.400        67
59.420        77
59.440        67
59.460        63
59.480        97
59.500       103
59.520        43
59.540        87
59.560        67
59.580        60
59.600        73
59.620        60
59.640        77
59.660        33
59.680        77
59.700        47
59.720        80
59.740        77
59.760        83
59.780        87
59.800        47
59.820        80
59.840        90
59.860        93
59.880        83
59.900        87
59.920        87
59.940        83
59.960        63
59.980        87
60.000        80
