20.000         0
20.020         0
20.040         0
20.060         0
20.080         0
20.100         0
20.120         0
20.140         3
20.160         0
20.180         3
20.200         0
20.220        50
20.240        47
20.260        33
20.280        47
20.300        33
20.320        43
20.340        60
20.360        23
20.380        43
20.400        40
20.420        60
20.440        37
20.460        43
20.480        70
20.500        37
20.520        50
20.540        30
20.560        40
20.580        53
20.600        30
20.620        53
20.640        37
20.660        47
20.680        30
20.700        43
20.720        17
20.740        27
20.760        37
20.780        17
20.800        33
20.820        23
20.840        47
20.860        23
20.880        30
20.900        47
20.920        37
20.940        33
20.960        70
20.980        20
21.000        53
21.020        43
21.040        33
21.060        70
21.080        40
21.100        30
21.120        50
21.140        67
21.160        63
21.180        40
21.200        53
21.220        40
21.240        50
21.260        23
21.280        47
21.300        23
21.320        60
21.340        47
21.360        33
21.380        60
21.400        13
21.420        27
21.440        23
21.460        33
21.480        33
21.500        43
21.520        30
21.540        47
21.560        43
21.580        33
21.600        40
21.620        23
21.640        47
21.660        37
21.680        33
21.700        53
21.720        37
21.740        30
21.760        40
21.780        43
21.800        27
21.820        47
21.840        60
21.860        27
21.880        40
21.900        37
21.920        50
21.940        37
21.960        40
21.980        50
22.000        47
22.020        33
22.040        50
22.060        37
22.080        40
22.100        40
22.120        40
22.140        63
22.160        37
22.180        33
22.200        23
22.220        23
22.240        50
22.260        37
22.280        43
22.300        27
22.320        47
22.340        53
22.360        10
22.380        43
22.400        37
22.420        43
22.440        47
22.460        80
22.480        53
22.500        33
22.520        57
22.540        27
22.560        30
22.580        37
22.600        30
22.620        40
22.640        30
22.660        40
22.680        37
22.700        37
22.720        30
22.740        30
22.760        47
22.780        40
22.800        63
22.820        30
22.840        37
22.860        27
22.880        17
22.900        30
22.920        23
22.940        43
22.960        30
22.980        40
23.000        23
23.020        33
23.040        40
23.060        27
23.080        30
23.100        20
23.120        37
23.140        63
23.160        47
23.180        43
23.200        33
23.220        50
23.240        33
23.260        40
23.280        30
23.300        40
23.320        27
23.340        43
23.360        23
23.380        27
23.400        27
23.420        53
23.440        40
23.460        33
23.480        33
23.500        27
23.520        30
23.540        20
23.560        30
23.580        37
23.600        33
23.620        30
23.640        43
23.660        33
23.680        33
23.700        50
23.720        43
23.740        20
23.760        37
23.780        27
23.800        30
23.820        37
23.840        60
23.860        37
23.880        47
23.900        17
23.920        43
23.940        33
23.960        23
23.980        30
24.000        27
24.020        50
24.040        43
24.060        30
24.080        47
24.100        37
24.120        37
24.140        27
24.160        43
24.180        37
24.200        27
24.220        33
24.240        27
24.260        37
24.280        50
24.300        43
24.320        43
24.340        37
24.360        43
24.380        40
24.400        47
24.420        27
24.440        33
24.460        57
24.480        23
24.500        40
24.520        23
24.540        33
24.560        43
24.580        33
24.600        63
24.620        20
24.640        33
24.660        50
24.680        53
24.700        33
24.720        27
24.740        47
24.760        27
24.780        30
24.800        30
24.820        53
24.840        50
24.860        57
24.880        33
24.900        43
24.920        27
24.940        37
24.960        40
24.980        50
25.000        37
25.020        33
25.040        13
25.060        30
25.080        13
25.100        23
25.120        30
25.140        27
25.160        30
25.180        33
25.200        23
25.220        33
25.240        37
25.260        30
25.280        43
25.300        27
25.320        60
25.340        43
25.360        27
25.380        27
25.400        47
25.420        23
25.440        43
25.460        20
25.480        40
25.500        40
25.520        30
25.540        33
25.560        40
25.580        50
25.600        47
25.620        60
25.640        43
25.660        50
25.680        33
25.700        47
25.720        43
25.740        57
25.760        20
25.780        40
25.800        37
25.820        40
25.840        53
25.860        30
25.880        20
25.900        57
25.920        23
25.940        23
25.960        50
25.980        47
26.000        30
26.020        40
26.040        30
26.060        17
26.080        23
26.100        30
26.120        43
26.140        27
26.160        40
26.180        47
26.200        40
26.220        37
26.240        40
26.260        33
26.280        27
26.300        30
26.320        27
26.340        30
26.360        30
26.380        33
26.400        53
26.420        33
26.440        53
26.460        50
26.480        37
26.500        37
26.520        47
26.540        47
26.560        57
26.580        57
26.600        60
26.620        53
26.640        63
26.660        47
26.680        83
26.700       100
26.720        73
26.740        90
26.760        43
26.780        47
26.800        47
26.820        47
26.840        53
26.860        40
26.880        40
26.900        30
26.920        33
26.940        43
26.960        57
26.980        53
27.000        33
27.020        43
27.040        37
27.060        23
27.080        50
27.100        27
27.120        37
27.140        40
27.160        43
27.180        33
27.200        30
27.220        37
27.240        40
27.260        27
27.280        23
27.300        17
27.320        30
27.340        40
27.360        50
27.380        37
27.400        40
27.420        40
27.440        33
27.460        30
27.480        43
27.500        20
27.520        27
27.540        40
27.560        30
27.580        43
27.600        33
27.620        17
27.640        13
27.660        47
27.680        47
27.700        37
27.720        30
27.740        47
27.760        27
27.780        30
27.800        33
27.820        43
27.840        27
27.860        37
27.880        30
27.900        17
27.920        20
27.940        30
27.960        40
27.980        27
28.000        30
28.020        17
28.040        27
28.060        30
28.080        23
28.100        33
28.120        27
28.140        20
28.160        40
28.180        27
28.200        33
28.220        33
28.240        30
28.260        37
28.280        33
28.300        40
28.320        50
28.340        13
28.360        17
28.380        23
28.400        37
28.420        33
28.440        40
28.460        37
28.480        33
28.500        23
28.520        33
28.540        30
28.560        27
28.580        30
28.600        40
28.620        33
28.640        33
28.660        13
28.680        33
28.700        10
28.720        40
28.740        23
28.760        37
28.780        30
28.800        23
28.820        17
28.840        33
28.860        30
28.880        23
28.900        10
28.920        27
28.940        23
28.960        30
28.980        23
29.000        23
29.020        20
29.040        20
29.060        17
29.080        30
29.100        17
29.120        27
29.140        30
29.160        30
29.180        17
29.200        20
29.220        17
29.240        30
29.260        27
29.280        40
29.300        47
29.320        43
29.340        30
29.360        30
29.380        37
29.400        27
29.420        27
29.440        13
29.460        17
29.480        50
29.500        20
29.520        30
29.540        17
29.560        33
29.580        23
29.600        13
29.620        37
29.640        37
29.660        23
29.680        37
29.700        13
29.720        37
29.740        33
29.760        30
29.780        30
29.800        23
29.820        20
29.840        20
29.860        43
29.880        13
29.900        23
29.920        37
29.940        23
29.960        23
29.980        27
30.000        13
30.020        23
30.040        23
30.060        10
30.080        17
30.100        13
30.120        20
30.140        33
30.160        23
30.180        20
30.200        17
30.220        13
30.240        33
30.260        40
30.280        20
30.300        33
30.320        23
30.340        20
30.360        33
30.380        17
30.400        30
30.420        20
30.440        23
30.460        33
30.480        20
30.500        30
30.520        30
30.540        37
30.560        30
30.580        27
30.600        33
30.620        27
30.640        33
30.660        20
30.680        27
30.700        47
30.720         7
30.740        20
30.760        23
30.780        27
30.800        53
30.820        53
30.840        30
30.860        43
30.880        33
30.900        23
30.920        47
30.940        50
30.960        43
30.980        30
31.000        63
31.020        53
31.040        50
31.060        60
31.080       100
31.100        53
31.120        47
31.140        80
31.160        97
31.180        87
31.200        87
31.220       100
31.240        67
31.260        70
31.280        60
31.300        47
31.320        60
31.340        47
31.360        50
31.380        43
31.400        23
31.420        50
31.440        17
31.460        27
31.480        13
31.500        13
31.520        33
31.540        43
31.560        20
31.580        40
31.600        43
31.620        10
31.640        33
31.660        43
31.680        17
31.700        20
31.720        23
31.740        37
31.760        13
31.780        17
31.800        33
31.820        20
31.840        13
31.860        20
31.880        23
31.900        40
31.920        23
31.940        20
31.960        10
31.980        33
32.000        27
32.020        37
32.040        10
32.060        33
32.080        27
32.100        20
32.120        27
32.140        27
32.160        20
32.180        13
32.200        17
32.220        27
32.240        33
32.260        33
32.280        17
32.300        20
32.320        23
32.340        17
32.360        20
32.380        23
32.400        17
32.420        27
32.440        40
32.460        17
32.480        23
32.500        13
32.520        33
32.540        20
32.560        33
32.580        33
32.600        40
32.620        17
32.640        23
32.660        13
32.680        27
32.700        37
32.720        27
32.740        47
32.760        30
32.780        30
32.800        10
32.820        23
32.840        17
32.860        23
32.880        33
32.900        20
32.920        23
32.940        27
32.960        20
32.980        13
33.000        23
33.020        27
33.040        23
33.060        27
33.080        17
33.100        23
33.120        27
33.140         7
33.160        20
33.180        33
33.200        23
33.220        17
33.240        30
33.260        20
33.280        30
33.300        23
33.320        10
33.340        20
33.360        47
33.380        17
33.400        27
33.420        30
33.440        33
33.460        17
33.480        37
33.500        30
33.520        27
33.540        40
33.560        20
33.580        23
33.600        33
33.620        30
33.640        37
33.660        30
33.680        30
33.700        30
33.720        27
33.740        20
33.760        23
33.780        30
33.800        40
33.820        17
33.840        57
33.860        30
33.880        30
33.900        47
33.920        33
33.940        40
33.960        33
33.980        63
34.000        37
34.020        63
34.040        57
34.060        87
34.080        57
34.100        50
34.120        73
34.140        87
34.160        63
34.180        70
34.200        60
34.220        47
34.240        73
34.260        57
34.280        37
34.300        47
34.320        33
34.340        37
34.360        20
34.380        40
34.400        37
34.420        30
34.440        57
34.460        47
34.480        33
34.500        40
34.520        20
34.540        43
34.560        43
34.580        40
34.600        33
34.620        27
34.640        23
34.660        27
34.680        27
34.700        40
34.720        20
34.740        37
34.760        27
34.780        27
34.800        23
34.820        23
34.840        23
34.860        23
34.880        27
34.900        20
34.920        37
34.940        37
34.960        37
34.980        27
35.000        30
35.020        43
35.040        47
35.060        47
35.080        43
35.100       103
35.120        67
35.140        60
35.160       103
35.180       163
35.200       143
35.220       107
35.240        87
35.260        87
35.280        87
35.300        90
35.320        60
35.340        70
35.360        37
35.380        33
35.400        23
35.420        40
35.440        23
35.460        23
35.480        20
35.500        30
35.520        40
35.540        23
35.560        17
35.580        33
35.600        23
35.620        10
35.640        13
35.660        10
35.680        17
35.700        13
35.720        33
35.740        30
35.760        10
35.780        30
35.800        17
35.820        30
35.840        33
35.860        17
35.880        20
35.900        40
35.920        13
35.940        20
35.960        27
35.980        13
36.000        13
36.020        27
36.040        27
36.060        20
36.080        33
36.100        30
36.120        10
36.140        13
36.160        17
36.180        27
36.200        30
36.220        17
36.240        30
36.260        17
36.280        33
36.300        27
36.320        17
36.340        33
36.360        33
36.380        30
36.400        20
36.420         7
36.440        17
36.460        23
36.480         7
36.500        20
36.520        33
36.540        20
36.560        17
36.580        17
36.600        17
36.620        27
36.640        27
36.660        13
36.680        10
36.700        27
36.720        10
36.740        23
36.760        23
36.780        17
36.800        33
36.820        33
36.840        10
36.860        30
36.880        40
36.900        23
36.920        23
36.940        43
36.960        33
36.980        17
37.000        30
37.020        43
37.040        30
37.060        33
37.080        33
37.100        17
37.120        30
37.140        23
37.160        23
37.180        27
37.200        33
37.220        30
37.240        27
37.260        17
37.280        33
37.300        47
37.320        30
37.340        40
37.360        10
37.380        37
37.400        30
37.420        30
37.440         7
37.460        33
37.480        23
37.500        33
37.520        43
37.540        30
37.560        27
37.580        37
37.600        37
37.620        50
37.640        33
37.660        53
37.680        40
37.700        57
37.720        67
37.740        37
37.760        67
37.780        87
37.800        93
37.820        73
37.840       113
37.860       117
37.880        77
37.900        77
37.920       110
37.940       107
37.960        90
37.980       130
38.000        83
38.020       103
38.040       143
38.060       137
38.080        97
38.100       183
38.120       167
38.140       187
38.160       277
38.180       247
38.200       307
38.220       373
38.240       486
38.260       553
38.280       603
38.300       693
38.320       806
38.340       793
38.360       803
38.380       870
38.400       836
38.420       826
38.440       790
38.460       756
38.480       576
38.500       563
38.520       463
38.540       367
38.560       357
38.580       237
38.600       177
38.620       153
38.640       150
38.660       143
38.680       120
38.700        67
38.720        90
38.740        43
38.760        73
38.780        60
38.800        70
38.820        53
38.840        70
38.860        53
38.880        60
38.900        67
38.920        40
38.940        47
38.960        30
38.980        27
39.000        50
39.020        60
39.040        33
39.060        33
39.080        30
39.100        37
39.120        43
39.140        63
39.160        43
39.180        33
39.200        40
39.220        50
39.240        40
39.260        33
39.280        47
39.300        43
39.320        20
39.340        43
39.360        33
39.380        43
39.400        30
39.420        30
39.440        23
39.460        33
39.480        30
39.500        17
39.520        17
39.540        57
39.560        30
39.580        30
39.600        27
39.620        40
39.640        23
39.660        13
39.680        10
39.700        20
39.720        17
39.740        23
39.760        27
39.780        23
39.800        20
39.820        23
39.840        20
39.860        27
39.880        17
39.900        27
39.920        47
39.940        17
39.960        10
39.980        10
40.000        23
40.020        23
40.040        20
40.060         7
40.080        23
40.100         7
40.120        10
40.140        17
40.160        17
40.180        33
40.200        23
40.220        13
40.240        17
40.260        10
40.280        23
40.300        17
40.320        40
40.340        23
40.360        53
40.380        13
40.400        23
40.420        10
40.440        10
40.460         7
40.480        33
40.500        13
40.520        27
40.540        20
40.560        23
40.580        23
40.600        20
40.620        17
40.640        23
40.660        23
40.680        30
40.700        23
40.720        20
40.740        13
40.760        27
40.780         7
40.800        27
40.820        13
40.840        10
40.860        40
40.880        20
40.900        23
40.920        23
40.940        27
40.960        30
40.980        30
41.000        30
41.020        17
41.040        27
41.060        20
41.080        10
41.100        23
41.120        30
41.140        17
41.160        30
41.180        17
41.200        13
41.220        17
41.240        33
41.260        30
41.280        13
41.300        13
41.320        40
41.340        27
41.360        23
41.380        33
41.400        17
41.420        30
41.440        33
41.460        27
41.480        40
41.500        30
41.520        30
41.540        23
41.560        37
41.580        30
41.600        37
41.620        27
41.640        33
41.660        53
41.680        80
41.700        57
41.720        63
41.740        60
41.760        33
41.780        40
41.800        43
41.820        27
41.840        43
41.860        27
41.880        20
41.900        27
41.920        20
41.940        33
41.960        33
41.980        27
42.000        47
42.020        17
42.040        27
42.060        20
42.080        13
42.100        20
42.120        27
42.140        13
42.160        23
42.180        10
42.200        23
42.220         3
42.240        20
42.260        13
42.280        13
42.300        20
42.320        10
42.340        13
42.360         3
42.380        20
42.400        33
42.420        20
42.440        20
42.460         3
42.480        20
42.500        33
42.520         3
42.540        43
42.560        37
42.580        17
42.600        17
42.620        10
42.640        17
42.660        37
42.680        27
42.700        10
42.720        10
42.740        10
42.760        30
42.780        13
42.800        20
42.820        17
42.840         7
42.860        37
42.880        17
42.900        23
42.920        23
42.940        13
42.960        13
42.980        33
43.000        20
43.020        20
43.040        20
43.060        13
43.080        23
43.100        13
43.120        30
43.140        27
43.160        17
43.180        10
43.200        27
43.220        13
43.240        33
43.260        37
43.280        60
43.300        33
43.320        67
43.340        67
43.360        97
43.380       157
43.400       163
43.420       207
43.440       147
43.460       107
43.480        73
43.500       127
43.520        87
43.540       103
43.560        67
43.580        23
43.600        23
43.620        23
43.640        17
43.660        27
43.680        27
43.700        20
43.720        23
43.740        17
43.760        23
43.780        23
43.800        10
43.820        23
43.840        33
43.860        40
43.880        20
43.900        13
43.920        10
43.940        27
43.960        23
43.980        10
44.000        20
44.020        17
44.040        20
44.060        10
44.080        20
44.100        33
44.120        17
44.140        27
44.160        10
44.180        17
44.200        37
44.220        13
44.240        40
44.260        17
44.280        20
44.300        23
44.320        13
44.340         7
44.360        20
44.380         7
44.400        17
44.420        27
44.440        23
44.460        20
44.480        20
44.500        17
44.520         7
44.540        27
44.560        10
44.580        20
44.600        20
44.620        17
44.640        23
44.660        10
44.680        20
44.700        27
44.720        13
44.740        20
44.760        23
44.780        13
44.800        27
44.820        17
44.840        27
44.860        13
44.880         3
44.900        20
44.920        30
44.940        27
44.960         3
44.980        20
45.000        10
45.020         7
45.040        13
45.060        27
45.080        37
45.100        37
45.120        13
45.140        20
45.160        23
45.180        20
45.200        20
45.220        43
45.240        10
45.260        10
45.280        13
45.300        23
45.320        23
45.340        20
45.360        23
45.380        30
45.400        20
45.420        13
45.440        20
45.460         0
45.480        10
45.500        17
45.520        13
45.540        20
45.560        13
45.580         3
45.600        20
45.620        20
45.640        13
45.660         7
45.680        13
45.700        13
45.720        17
45.740        13
45.760         0
45.780        13
45.800         7
45.820        23
45.840        10
45.860         7
45.880        27
45.900        10
45.920        23
45.940        17
45.960        20
45.980        23
46.000        10
46.020        13
46.040        17
46.060        10
46.080        27
46.100        23
46.120        10
46.140        17
46.160        17
46.180        27
46.200        20
46.220        10
46.240        30
46.260        10
46.280        23
46.300        13
46.320        23
46.340        27
46.360        13
46.380         7
46.400        23
46.420        23
46.440        13
46.460         7
46.480        20
46.500        23
46.520        13
46.540        10
46.560        20
46.580         3
46.600        20
46.620        23
46.640        10
46.660        20
46.680        20
46.700        13
46.720         3
46.740        20
46.760        13
46.780        20
46.800        23
46.820        10
46.840         7
46.860        20
46.880        13
46.900        23
46.920         7
46.940         0
46.960        20
46.980        13
47.000        13
47.020        17
47.040        13
47.060        27
47.080        20
47.100        10
47.120        17
47.140        17
47.160        17
47.180        13
47.200         3
47.220         7
47.240         3
47.260        33
47.280        17
47.300        17
47.320        13
47.340        13
47.360        20
47.380        17
47.400        27
47.420        10
47.440        13
47.460        20
47.480        17
47.500        13
47.520        17
47.540        17
47.560         7
47.580        13
47.600         3
47.620        13
47.640        27
47.660        17
47.680        37
47.700        20
47.720         7
47.740        27
47.760        13
47.780        23
47.800        10
47.820         0
47.840        27
47.860         7
47.880        27
47.900        13
47.920        17
47.940         7
47.960        13
47.980        23
48.000        17
48.020         7
48.040        13
48.060        13
48.080        27
48.100        17
48.120        17
48.140        10
48.160        13
48.180        20
48.200         3
48.220        13
48.240        17
48.260         7
48.280         7
48.300        13
48.320        23
48.340         0
48.360        10
48.380        13
48.400         7
48.420        10
48.440        13
48.460        23
48.480        10
48.500         3
48.520         7
48.540        13
48.560        10
48.580        10
48.600        13
48.620        10
48.640         7
48.660        13
48.680        23
48.700        13
48.720        17
48.740        13
48.760        13
48.780        10
48.800        23
48.820         7
48.840        20
48.860         3
48.880        33
48.900        33
48.920         7
48.940         3
48.960         3
48.980         7
49.000        20
49.020        23
49.040         7
49.060         7
49.080        23
49.100        13
49.120        17
49.140        23
49.160        23
49.180        20
49.200        17
49.220        13
49.240        23
49.260        13
49.280        23
49.300        23
49.320         7
49.340        13
49.360        20
49.380         7
49.400        10
49.420        13
49.440        20
49.460        10
49.480        17
49.500        27
49.520        10
49.540        13
49.560        13
49.580         7
49.600        20
49.620        27
49.640        10
49.660        20
49.680        23
49.700        10
49.720        17
49.740        23
49.760        13
49.780        23
49.800         7
49.820         7
49.840        27
49.860        20
49.880        10
49.900        13
49.920        17
49.940        23
49.960        17
49.980        23
50.000        23
50.020        10
50.040        23
50.060        27
50.080        17
50.100        13
50.120         3
50.140        10
50.160         7
50.180        17
50.200        20
50.220         3
50.240        37
50.260         7
50.280         3
50.300        13
50.320        10
50.340         0
50.360         7
50.380         3
50.400        10
50.420        23
50.440        20
50.460        17
50.480        13
50.500        13
50.520        13
50.540        37
50.560        27
50.580         7
50.600         0
50.620        10
50.640        20
50.660        17
50.680        13
50.700        10
50.720        13
50.740        20
50.760        10
50.780        13
50.800         7
50.820        30
50.840        10
50.860        17
50.880        20
50.900        13
50.920         3
50.940        27
50.960        20
50.980         7
51.000        10
51.020        10
51.040         7
51.060        27
51.080        27
51.100        13
51.120        17
51.140        10
51.160        23
51.180        10
51.200         7
51.220         3
51.240         7
51.260        13
51.280        37
51.300         3
51.320         7
51.340         0
51.360        10
51.380        20
51.400         7
51.420        13
51.440        10
51.460        13
51.480        27
51.500        10
51.520        23
51.540        17
51.560        17
51.580        13
51.600         7
51.620        23
51.640        17
51.660        13
51.680        13
51.700        10
51.720        27
51.740        13
51.760        37
51.780        27
51.800        10
51.820        23
51.840        23
51.860        17
51.880        10
51.900        20
51.920        27
51.940        23
51.960        10
51.980        17
52.000        37
52.020        33
52.040        17
52.060        37
52.080        17
52.100        30
52.120        10
52.140         7
52.160        30
52.180        13
52.200        20
52.220        33
52.240        20
52.260        27
52.280        13
52.300        17
52.320        17
52.340        17
52.360         7
52.380         7
52.400        33
52.420        23
52.440        20
52.460        23
52.480         7
52.500        43
52.520        27
52.540        77
52.560        70
52.580       130
52.600       103
52.620        50
52.640        43
52.660        10
52.680        33
52.700        60
52.720        47
52.740        73
52.760        43
52.780        17
52.800        17
52.820        27
52.840         3
52.860         3
52.880        10
52.900         7
52.920         3
52.940        10
52.960        27
52.980        17
53.000        20
53.020        23
53.040        10
53.060        17
53.080        17
53.100        13
53.120        17
53.140         7
53.160        13
53.180        27
53.200         7
53.220        23
53.240        20
53.260        23
53.280        13
53.300         7
53.320        10
53.340        20
53.360        17
53.380        13
53.400        20
53.420        17
53.440        23
53.460        13
53.480         7
53.500         7
53.520        27
53.540        23
53.560        13
53.580        13
53.600        17
53.620        20
53.640         3
53.660        13
53.680        13
53.700         3
53.720        17
53.740        10
53.760        20
53.780        13
53.800         7
53.820         7
53.840        23
53.860         7
53.880        20
53.900        17
53.920        13
53.940        23
53.960         3
53.980        17
54.000        20
54.020        10
54.040        10
54.060         7
54.080        20
54.100        23
54.120        13
54.140        13
54.160        20
54.180         7
54.200        27
54.220        27
54.240         7
54.260         7
54.280        30
54.300        10
54.320        10
54.340        23
54.360         7
54.380        20
54.400        23
54.420        20
54.440        17
54.460        10
54.480        23
54.500        23
54.520        27
54.540        13
54.560        10
54.580        20
54.600        10
54.620        20
54.640        23
54.660        20
54.680        13
54.700        17
54.720        20
54.740        20
54.760        37
54.780        17
54.800        27
54.820        33
54.840        23
54.860        27
54.880        50
54.900        33
54.920        50
54.940        47
54.960        60
54.980        27
55.000        70
55.020        60
55.040        77
55.060        80
55.080        67
55.100        70
55.120        97
55.140        97
55.160       100
55.180       123
55.200       113
55.220       167
55.240       173
55.260       217
55.280       177
55.300       163
55.320       197
55.340       177
55.360       220
55.380       183
55.400       200
55.420       207
55.440       203
55.460       190
55.480       193
55.500       143
55.520       177
55.540       137
55.560       167
55.580       113
55.600       147
55.620       117
55.640        90
55.660       107
55.680        87
55.700       107
55.720        97
55.740        77
55.760        50
55.780        37
55.800        53
55.820        43
55.840        47
55.860        23
55.880        13
55.900        33
55.920        33
55.940        17
55.960        17
55.980        23
56.000        17
56.020        17
56.040        13
56.060        33
56.080        10
56.100        10
56.120        17
56.140        23
56.160        17
56.180        23
56.200        23
56.220        13
56.240        17
56.260        23
56.280         0
56.300        23
56.320        33
56.340        27
56.360        20
56.380         3
56.400        10
56.420        30
56.440        17
56.460         7
56.480        10
56.500        23
56.520         3
56.540         3
56.560        30
56.580        27
56.600        10
56.620         7
56.640        20
56.660        20
56.680         3
56.700        17
56.720        13
56.740        13
56.760        17
56.780        17
56.800        20
56.820        10
56.840        17
56.860        13
56.880        10
56.900        23
56.920        17
56.940         3
56.960        23
56.980         7
57.000        20
57.020        10
57.040        27
57.060         3
57.080        10
57.100        17
57.120        10
57.140        23
57.160        10
57.180        10
57.200        17
57.220        13
57.240        10
57.260         7
57.280        17
57.300        23
57.320        30
57.340        40
57.360        37
57.380        40
57.400        27
57.420        43
57.440        73
57.460       133
57.480       147
57.500       230
57.520       317
57.540       310
57.560       227
57.580       150
57.600       100
57.620       107
57.640       113
57.660       150
57.680       167
57.700       100
57.720       103
57.740        47
57.760        30
57.780        20
57.800        20
57.820         7
57.840        10
57.860        17
57.880        27
57.900        13
57.920        27
57.940         7
57.960        10
57.980        13
58.000        10
58.020         7
58.040        10
58.060         3
58.080         7
58.100        20
58.120        17
58.140         7
58.160         3
58.180        13
58.200        13
58.220         7
58.240        23
58.260        17
58.280         3
58.300        13
58.320         7
58.340         7
58.360        10
58.380        13
58.400         7
58.420         0
58.440        10
58.460        20
58.480        10
58.500        13
58.520         3
58.540        17
58.560        17
58.580        23
58.600         3
58.620        23
58.640        20
58.660        10
58.680        13
58.700        10
58.720        10
58.740         3
58.760        13
58.780        13
58.800        13
58.820        20
58.840        10
58.860        10
58.880         0
58.900         7
58.920        13
58.940        13
58.960         3
58.980        23
59.000        10
59.020        13
59.040        10
59.060        13
59.080        13
59.100         7
59.120         0
59.140        13
59.160        20
59.180        30
59.200        13
59.220        17
59.240         0
59.260         3
59.280         3
59.300        10
59.320        13
59.340        13
59.360        23
59.380        13
59.400        10
59.420        17
59.440        13
59.460        30
59.480        20
59.500        10
59.520         7
59.540         7
59.560        13
59.580        13
59.600        17
59.620        13
59.640        20
59.660         7
59.680        10
59.700        20
59.720        10
59.740        37
59.760        10
59.780        30
59.800        20
59.820        17
59.840        17
59.860         7
59.880         3
59.900        13
59.920        13
59.940        20
59.960        17
59.980        10
60.000         7
