20.000        50
20.020        63
20.040        67
20.060        40
20.080        53
20.100        40
20.120        30
20.140        47
20.160        43
20.180        57
20.200        30
20.220        67
20.240        60
20.260        33
20.280        43
20.300        37
20.320        67
20.340        43
20.360        67
20.380        43
20.400        53
20.420        23
20.440        37
20.460        77
20.480        50
20.500        50
20.520        53
20.540        53
20.560        37
20.580        37
20.600        47
20.620        40
20.640        40
20.660        40
20.680        37
20.700        50
20.720        60
20.740        30
20.760        27
20.780        60
20.800        27
20.820        67
20.840        50
20.860        47
20.880        63
20.900        47
20.920        40
20.940        60
20.960        70
20.980        40
21.000        33
21.020        60
21.040        47
21.060        20
21.080        67
21.100        50
21.120        57
21.140        30
21.160        30
21.180        47
21.200        47
21.220        23
21.240        33
21.260        47
21.280        27
21.300        57
21.320        40
21.340        53
21.360        30
21.380        37
21.400        40
21.420        30
21.440        43
21.460        40
21.480        47
21.500        53
21.520        53
21.540        47
21.560        50
21.580        33
21.600        40
21.620        43
21.640        40
21.660        50
21.680        30
21.700        47
21.720        23
21.740        27
21.760        37
21.780        57
21.800        30
21.820        53
21.840        53
21.860        43
21.880        33
21.900        47
21.920        37
21.940        23
21.960        60
21.980        50
22.000        50
22.020        27
22.040        47
22.060        33
22.080        40
22.100        23
22.120        33
22.140        23
22.160        43
22.180        43
22.200        30
22.220        33
22.240        43
22.260        37
22.280        53
22.300        27
22.320        53
22.340        60
22.360        50
22.380        53
22.400        30
22.420        37
22.440        43
22.460        27
22.480        23
22.500        27
22.520        33
22.540        47
22.560        17
22.580        20
22.600        20
22.620        33
22.640        33
22.660        40
22.680        43
22.700        33
22.720        30
22.740        27
22.760        33
22.780        37
22.800        27
22.820        40
22.840        23
22.860        37
22.880        33
22.900        47
22.920        50
22.940        37
22.960        40
22.980        40
23.000        43
23.020        33
23.040        57
23.060        50
23.080        27
23.100        33
23.120        63
23.140        47
23.160        27
23.180        53
23.200        33
23.220        40
23.240        40
23.260        37
23.280        47
23.300        23
23.320        43
23.340        37
23.360        43
23.380        30
23.400        43
23.420        57
23.440        33
23.460        50
23.480        47
23.500        53
23.520        43
23.540        33
23.560        27
23.580        47
23.600        27
23.620        33
23.640        37
23.660        37
23.680        17
23.700        40
23.720        37
23.740        37
23.760        27
23.780        33
23.800        20
23.820        47
23.840        33
23.860        47
23.880        30
23.900        43
23.920        27
23.940        27
23.960        37
23.980        33
24.000        40
24.020        20
24.040        30
24.060        33
24.080        40
24.100        30
24.120        37
24.140        47
24.160        37
24.180        33
24.200        37
24.220        50
24.240        27
24.260        47
24.280        50
24.300        37
24.320        33
24.340        40
24.360        27
24.380        47
24.400        43
24.420        33
24.440        37
24.460        37
24.480        30
24.500        37
24.520        40
24.540        43
24.560        47
24.580        27
24.600        27
24.620        20
24.640        47
24.660        17
24.680        23
24.700        23
24.720        43
24.740        37
24.760        27
24.780        33
24.800        27
24.820        20
24.840        30
24.860        30
24.880        40
24.900        23
24.920        33
24.940        47
24.960        30
24.980        40
25.000        43
25.020        47
25.040        33
25.060        30
25.080        40
25.100        30
25.120        33
25.140        30
25.160        37
25.180        33
25.200        33
25.220        37
25.240        37
25.260        37
25.280        23
25.300        37
25.320        30
25.340        40
25.360        37
25.380        40
25.400        47
25.420        63
25.440        40
25.460        50
25.480       100
25.500        57
25.520       107
25.540        77
25.560        70
25.580        70
25.600        90
25.620        47
25.640        73
25.660        30
25.680        57
25.700        40
25.720        43
25.740        43
25.760        30
25.780        17
25.800        33
25.820        47
25.840        17
25.860        27
25.880        30
25.900        27
25.920        50
25.940        33
25.960        40
25.980        43
26.000        20
26.020        33
26.040        33
26.060        27
26.080        50
26.100        50
26.120        43
26.140        33
26.160        27
26.180        37
26.200        37
26.220        40
26.240        23
26.260        33
26.280        30
26.300        27
26.320        37
26.340        50
26.360        20
26.380        47
26.400        30
26.420        33
26.440        23
26.460        40
26.480        40
26.500        33
26.520        13
26.540        30
26.560        33
26.580        20
26.600        40
26.620        40
26.640        27
26.660        23
26.680        33
26.700        30
26.720        40
26.740        43
26.760        30
26.780        30
26.800        37
26.820        30
26.840        30
26.860        43
26.880        17
26.900        40
26.920        17
26.940        23
26.960        43
26.980        57
27.000        47
27.020        23
27.040        43
27.060        33
27.080        27
27.100        57
27.120        27
27.140        30
27.160        47
27.180        37
27.200        27
27.220        43
27.240        17
27.260        37
27.280        30
27.300        37
27.320        40
27.340        30
27.360        27
27.380        37
27.400        37
27.420        30
27.440        60
27.460        27
27.480        40
27.500        57
27.520        40
27.540        43
27.560        37
27.580        37
27.600        53
27.620        30
27.640        30
27.660        57
27.680        20
27.700        20
27.720        37
27.740        33
27.760        57
27.780        33
27.800        27
27.820        27
27.840        40
27.860        30
27.880        43
27.900        23
27.920        33
27.940        27
27.960        17
27.980        50
28.000        37
28.020        27
28.040        47
28.060        37
28.080        40
28.100        17
28.120        33
28.140        33
28.160        37
28.180        37
28.200        57
28.220        30
28.240        40
28.260        33
28.280        30
28.300        23
28.320        40
28.340        40
28.360        33
28.380        47
28.400        23
28.420        27
28.440        40
28.460        37
28.480        53
28.500        40
28.520        33
28.540        23
28.560        63
28.580        50
28.600        33
28.620        43
28.640        33
28.660        60
28.680        50
28.700        17
28.720        50
28.740        50
28.760        30
28.780        53
28.800        50
28.820        63
28.840        47
28.860        33
28.880        40
28.900        63
28.920        53
28.940        53
28.960        60
28.980        53
29.000        53
29.020        53
29.040        43
29.060        80
29.080        47
29.100        67
29.120        47
29.140        70
29.160        83
29.180        77
29.200       100
29.220        70
29.240        93
29.260       107
29.280        57
29.300       113
29.320        87
29.340        93
29.360       107
29.380       123
29.400        93
29.420       100
29.440       130
29.460       157
29.480       173
29.500       150
29.520       153
29.540       200
29.560       163
29.580       243
29.600       257
29.620       190
29.640       323
29.660       350
29.680       327
29.700       423
29.720       417
29.740       443
29.760       453
29.780       560
29.800       576
29.820       586
29.840       713
29.860       720
29.880       780
29.900       750
29.920       870
29.940       986
29.960       900
29.980      1063
30.000      1023
30.020      1036
30.040      1013
30.060      1016
30.080      1140
30.100      1116
30.120      1043
30.140      1093
30.160      1013
30.180      1000
30.200       870
30.220      1003
30.240       963
30.260       846
30.280       663
30.300       696
30.320       630
30.340       603
30.360       560
30.380       523
30.400       470
30.420       403
30.440       440
30.460       373
30.480       377
30.500       340
30.520       323
30.540       263
30.560       293
30.580       223
30.600       227
30.620       213
30.640       197
30.660       253
30.680       243
30.700       250
30.720       170
30.740       213
30.760       187
30.780       170
30.800       143
30.820       157
30.840       147
30.860       110
30.880       140
30.900       133
30.920       110
30.940       150
30.960       127
30.980       147
31.000       117
31.020        87
31.040       123
31.060       120
31.080        73
31.100        93
31.120        80
31.140        80
31.160        70
31.180        93
31.200       127
31.220        97
31.240        73
31.260       103
31.280        77
31.300        77
31.320        97
31.340        93
31.360        83
31.380        83
31.400        40
31.420        73
31.440        50
31.460        70
31.480        30
31.500        70
31.520        90
31.540        50
31.560        53
31.580        33
31.600        77
31.620        47
31.640        33
31.660        47
31.680        70
31.700        37
31.720        17
31.740        37
31.760        70
31.780        67
31.800        33
31.820        47
31.840        40
31.860        47
31.880        53
31.900        33
31.920        57
31.940        40
31.960        27
31.980        60
32.000        33
32.020        47
32.040        60
32.060        77
32.080        37
32.100        43
32.120        30
32.140        50
32.160        40
32.180        43
32.200        43
32.220        33
32.240        60
32.260        47
32.280        57
32.300        30
32.320        43
32.340        47
32.360        50
32.380        30
32.400        17
32.420        40
32.440        40
32.460        27
32.480        20
32.500        37
32.520        33
32.540        60
32.560        43
32.580        23
32.600        37
32.620        30
32.640        50
32.660        37
32.680        50
32.700        40
32.720        23
32.740        37
32.760        33
32.780        37
32.800        27
32.820        43
32.840        30
32.860        37
32.880        43
32.900        30
32.920        57
32.940        33
32.960        33
32.980        30
33.000        53
33.020        50
33.040        27
33.060        40
33.080        53
33.100        37
33.120        27
33.140        20
33.160        30
33.180        33
33.200        17
33.220        23
33.240        33
33.260        40
33.280        33
33.300        57
33.320        30
33.340        27
33.360        37
33.380        23
33.400        17
33.420        33
33.440        23
33.460        20
33.480        43
33.500        27
33.520        20
33.540        20
33.560        33
33.580        33
33.600        23
33.620        10
33.640        30
33.660        23
33.680        33
33.700        23
33.720        33
33.740        33
33.760        17
33.780        40
33.800        37
33.820        33
33.840        27
33.860        47
33.880        30
33.900        27
33.920        17
33.940        33
33.960        13
33.980        23
34.000        33
34.020        50
34.040        20
34.060        40
34.080        27
34.100        37
34.120        40
34.140        53
34.160        23
34.180        27
34.200        30
34.220        47
34.240        33
34.260        30
34.280        27
34.300        43
34.320        23
34.340        33
34.360        37
34.380        27
34.400        30
34.420        10
34.440        40
34.460        23
34.480        17
34.500        40
34.520        27
34.540        30
34.560         7
34.580        37
34.600        13
34.620        20
34.640        30
34.660        13
34.680        30
34.700        27
34.720        20
34.740        27
34.760        53
34.780        33
34.800        10
34.820        30
34.840        20
34.860        40
34.880        23
34.900        50
34.920        30
34.940        40
34.960        27
34.980        60
35.000        53
35.020        73
35.040        50
35.060        83
35.080        83
35.100       183
35.120       243
35.140       280
35.160       430
35.180       503
35.200       367
35.220       230
35.240       137
35.260       217
35.280       240
35.300       100
35.320        77
35.340        47
35.360        40
35.380        30
35.400        47
35.420        27
35.440        33
35.460        30
35.480        37
35.500        40
35.520        33
35.540        20
35.560        23
35.580        17
35.600        23
35.620        13
35.640        30
35.660        23
35.680        50
35.700        33
35.720        27
35.740        23
35.760        27
35.780        17
35.800        40
35.820        10
35.840        23
35.860        20
35.880        33
35.900        43
35.920        23
35.940        30
35.960        47
35.980        20
36.000        23
36.020        23
36.040        17
36.060        40
36.080        37
36.100        43
36.120        47
36.140        23
36.160        13
36.180        27
36.200        10
36.220        43
36.240        27
36.260        13
36.280        30
36.300        43
36.320        37
36.340        30
36.360        20
36.380        20
36.400        27
36.420        30
36.440        40
36.460        37
36.480        10
36.500        27
36.520        43
36.540        30
36.560        40
36.580        37
36.600        43
36.620        40
36.640        33
36.660        37
36.680        23
36.700        27
36.720        47
36.740        37
36.760        47
36.780        47
36.800        33
36.820        80
36.840        70
36.860        40
36.880        73
36.900        73
36.920        53
36.940        73
36.960        77
36.980        93
37.000       113
37.020       127
37.040        83
37.060       147
37.080       117
37.100       137
37.120       193
37.140       183
37.160       150
37.180       167
37.200       147
37.220       213
37.240       183
37.260       173
37.280       150
37.300       133
37.320       160
37.340       157
37.360       143
37.380       160
37.400       120
37.420        97
37.440       117
37.460       100
37.480        80
37.500        80
37.520        53
37.540        70
37.560        67
37.580        50
37.600        73
37.620        50
37.640        57
37.660        57
37.680        33
37.700        27
37.720        47
37.740        73
37.760       100
37.780        93
37.800        83
37.820        57
37.840        67
37.860        73
37.880        50
37.900        47
37.920        53
37.940        47
37.960        40
37.980        30
38.000        33
38.020        10
38.040        43
38.060        27
38.080        27
38.100        20
38.120        50
38.140        27
38.160        37
38.180        40
38.200        23
38.220        30
38.240        37
38.260        30
38.280        23
38.300        40
38.320        27
38.340        30
38.360        37
38.380        40
38.400        30
38.420        23
38.440        30
38.460        27
38.480        33
38.500        17
38.520        30
38.540        23
38.560        13
38.580        20
38.600        47
38.620        23
38.640        20
38.660        37
38.680        37
38.700        33
38.720        23
38.740        13
38.760        40
38.780        20
38.800        27
38.820        27
38.840        10
38.860        27
38.880        10
38.900        27
38.920        20
38.940        37
38.960        17
38.980        30
39.000        37
39.020        47
39.040        37
39.060        20
39.080        23
39.100        33
39.120        10
39.140         7
39.160        33
39.180        27
39.200        30
39.220        13
39.240        30
39.260        23
39.280        23
39.300         7
39.320        30
39.340        17
39.360        20
39.380        23
39.400        30
39.420        23
39.440        13
39.460        13
39.480        17
39.500        40
39.520        20
39.540        23
39.560        27
39.580        13
39.600        30
39.620        17
39.640        17
39.660        20
39.680        20
39.700        23
39.720        20
39.740        17
39.760        23
39.780        37
39.800         7
39.820        30
39.840        23
39.860        13
39.880        20
39.900        13
39.920        20
39.940        17
39.960        30
39.980         7
40.000        13
40.020        27
40.040        17
40.060        43
40.080        30
40.100         7
40.120        17
40.140        13
40.160        27
40.180         7
40.200        27
40.220        10
40.240        30
40.260        30
40.280        30
40.300        23
40.320        27
40.340        23
40.360        20
40.380        23
40.400         3
40.420        17
40.440        13
40.460        20
40.480        13
40.500        17
40.520        17
40.540        20
40.560         3
40.580        17
40.600        23
40.620        33
40.640        17
40.660        33
40.680        23
40.700        13
40.720        27
40.740        33
40.760        27
40.780        27
40.800        17
40.820        17
40.840        13
40.860        10
40.880        17
40.900        27
40.920        20
40.940        20
40.960        17
40.980        13
41.000        17
41.020        13
41.040        27
41.060        13
41.080        27
41.100        23
41.120        13
41.140        17
41.160        10
41.180         7
41.200        13
41.220        17
41.240        13
41.260        30
41.280        20
41.300        30
41.320        17
41.340        17
41.360        33
41.380        17
41.400        30
41.420        20
41.440        33
41.460        10
41.480        27
41.500        27
41.520        37
41.540        27
41.560        40
41.580        37
41.600        13
41.620        37
41.640        73
41.660        53
41.680        63
41.700        37
41.720        30
41.740        33
41.760        60
41.780        60
41.800        57
41.820        33
41.840        30
41.860        30
41.880        10
41.900        13
41.920        27
41.940        43
41.960         7
41.980        17
42.000        20
42.020        10
42.040        20
42.060        30
42.080        33
42.100        13
42.120        13
42.140        30
42.160        23
42.180        20
42.200        23
42.220        27
42.240        27
42.260        43
42.280        10
42.300        13
42.320        37
42.340         7
42.360        17
42.380        20
42.400        37
42.420        17
42.440        20
42.460        23
42.480        30
42.500        13
42.520        23
42.540        30
42.560        27
42.580        30
42.600        37
42.620        17
42.640        13
42.660        23
42.680        17
42.700         0
42.720        17
42.740        30
42.760        23
42.780        20
42.800        20
42.820        17
42.840        23
42.860        20
42.880        17
42.900        50
42.920        23
42.940        30
42.960        37
42.980        30
43.000        10
43.020        30
43.040        33
43.060        27
43.080        30
43.100        30
43.120        23
43.140        43
43.160        33
43.180        23
43.200        43
43.220        50
43.240        80
43.260        87
43.280        93
43.300        67
43.320       110
43.340       170
43.360       237
43.380       167
43.400       187
43.420       143
43.440       127
43.460        87
43.480        87
43.500        80
43.520       110
43.540        60
43.560        30
43.580        30
43.600        40
43.620        30
43.640        30
43.660        23
43.680        20
43.700        17
43.720        13
43.740        17
43.760        17
43.780        20
43.800        17
43.820         7
43.840        27
43.860        27
43.880        23
43.900        17
43.920        13
43.940        23
43.960        13
43.980        20
44.000        13
44.020        30
44.040        20
44.060        13
44.080        23
44.100         7
44.120        10
44.140        17
44.160        13
44.180        23
44.200        10
44.220        20
44.240        20
44.260        13
44.280        20
44.300        20
44.320        13
44.340        20
44.360         0
44.380         7
44.400        23
44.420        27
44.440        10
44.460        20
44.480        17
44.500        13
44.520        13
44.540        33
44.560         7
44.580        20
44.600        30
44.620        20
44.640         7
44.660         7
44.680         7
44.700        23
44.720        17
44.740        10
44.760        20
44.780        13
44.800         7
44.820        13
44.840        33
44.860         7
44.880        23
44.900        17
44.920        13
44.940        23
44.960        20
44.980        27
45.000        20
45.020        30
45.040        17
45.060        37
45.080        17
45.100        23
45.120        13
45.140        23
45.160        17
45.180        17
45.200         7
45.220        13
45.240        20
45.260        23
45.280        17
45.300         7
45.320        17
45.340        17
45.360        10
45.380        10
45.400        20
45.420        27
45.440        27
45.460        20
45.480        23
45.500        30
45.520        17
45.540        10
45.560        13
45.580        20
45.600        20
45.620        30
45.640        27
45.660        27
45.680        17
45.700        13
45.720        13
45.740        20
45.760        20
45.780        17
45.800        10
45.820        17
45.840        10
45.860        17
45.880        10
45.900        27
45.920        17
45.940         7
45.960        13
45.980        10
46.000        13
46.020        37
46.040        20
46.060        40
46.080        13
46.100        13
46.120        27
46.140        30
46.160        20
46.180        10
46.200         7
46.220        10
46.240        20
46.260        17
46.280        17
46.300        30
46.320        30
46.340        10
46.360        20
46.380        13
46.400        23
46.420        37
46.440        17
46.460        27
46.480        10
46.500        13
46.520        27
46.540        20
46.560        30
46.580        17
46.600        17
46.620        13
46.640        13
46.660        13
46.680        23
46.700        10
46.720        30
46.740        17
46.760         7
46.780        10
46.800        17
46.820         7
46.840        23
46.860         3
46.880        20
46.900        13
46.920        23
46.940         7
46.960        17
46.980        20
47.000         3
47.020         3
47.040        17
47.060        10
47.080         7
47.100         7
47.120         7
47.140        17
47.160        10
47.180        20
47.200        17
47.220        17
47.240        10
47.260        20
47.280        17
47.300         7
47.320         7
47.340        13
47.360        23
47.380        13
47.400        23
47.420        20
47.440         7
47.460        10
47.480        17
47.500        13
47.520        23
47.540        17
47.560        27
47.580        17
47.600        10
47.620        17
47.640        10
47.660        27
47.680        20
47.700        10
47.720        17
47.740        17
47.760        17
47.780        20
47.800        10
47.820        17
47.840        23
47.860        10
47.880        17
47.900        23
47.920        40
47.940        17
47.960        23
47.980        20
48.000        10
48.020        20
48.040        13
48.060        10
48.080        13
48.100         7
48.120        20
48.140        10
48.160        23
48.180        17
48.200         7
48.220        23
48.240        23
48.260        23
48.280        10
48.300        20
48.320        33
48.340        37
48.360        20
48.380         3
48.400        30
48.420        27
48.440        13
48.460        20
48.480        17
48.500        20
48.520        17
48.540        33
48.560        20
48.580        17
48.600        30
48.620        10
48.640         7
48.660        23
48.680        20
48.700        10
48.720        23
48.740         7
48.760         7
48.780        23
48.800        10
48.820        27
48.840        13
48.860        33
48.880        17
48.900        13
48.920        13
48.940        17
48.960        10
48.980         7
49.000        23
49.020         7
49.040        10
49.060        13
49.080        17
49.100        20
49.120        20
49.140        50
49.160         3
49.180        17
49.200         3
49.220         7
49.240        20
49.260        37
49.280        27
49.300        30
49.320         0
49.340         7
49.360        13
49.380        13
49.400        10
49.420        13
49.440        13
49.460        23
49.480        10
49.500        23
49.520        13
49.540        13
49.560        17
49.580        37
49.600        13
49.620        13
49.640        27
49.660        27
49.680         3
49.700        20
49.720         3
49.740        13
49.760        23
49.780        17
49.800        27
49.820        20
49.840        23
49.860        23
49.880         3
49.900        20
49.920        20
49.940        10
49.960         3
49.980        27
50.000        10
50.020        13
50.040        10
50.060        10
50.080        17
50.100        17
50.120        13
50.140        23
50.160        20
50.180         3
50.200        20
50.220        20
50.240        10
50.260        17
50.280        17
50.300        10
50.320        23
50.340        23
50.360        13
50.380        23
50.400        10
50.420        13
50.440        20
50.460        13
50.480        10
50.500        17
50.520        20
50.540        20
50.560        23
50.580        13
50.600        23
50.620        23
50.640        10
50.660        10
50.680        13
50.700        17
50.720        23
50.740        10
50.760        17
50.780         7
50.800        30
50.820        20
50.840        10
50.860        20
50.880        10
50.900        20
50.920        10
50.940        13
50.960        13
50.980        23
51.000        43
51.020        13
51.040        20
51.060        13
51.080        20
51.100        13
51.120        27
51.140        20
51.160         7
51.180        13
51.200        10
51.220        17
51.240        17
51.260        27
51.280        27
51.300        13
51.320         7
51.340        20
51.360        13
51.380         3
51.400        13
51.420        17
51.440        17
51.460         7
51.480        17
51.500        27
51.520        10
51.540        23
51.560        13
51.580        20
51.600        30
51.620        10
51.640        17
51.660        17
51.680        20
51.700        10
51.720        30
51.740         7
51.760        13
51.780        17
51.800        17
51.820         3
51.840         7
51.860         7
51.880        17
51.900        20
51.920        17
51.940        10
51.960        13
51.980        27
52.000        17
52.020        17
52.040        13
52.060        13
52.080        10
52.100        33
52.120        13
52.140        23
52.160        17
52.180        20
52.200        10
52.220        17
52.240        27
52.260        10
52.280        20
52.300        10
52.320        20
52.340        17
52.360        23
52.380        13
52.400        13
52.420        27
52.440        20
52.460        30
52.480        27
52.500        27
52.520        23
52.540        50
52.560        57
52.580        43
52.600        40
52.620        33
52.640        27
52.660        33
52.680        27
52.700        30
52.720        27
52.740        30
52.760        30
52.780        43
52.800        30
52.820         7
52.840        33
52.860        30
52.880        20
52.900        20
52.920        37
52.940        37
52.960        43
52.980        10
53.000        43
53.020        20
53.040        50
53.060        30
53.080        20
53.100        13
53.120        27
53.140        37
53.160        20
53.180        33
53.200        63
53.220        30
53.240        43
53.260        60
53.280        67
53.300        37
53.320        47
53.340        47
53.360        70
53.380        67
53.400        60
53.420        60
53.440        53
53.460        50
53.480        87
53.500        90
53.520       113
53.540        80
53.560        63
53.580        77
53.600        90
53.620       100
53.640        93
53.660       120
53.680        90
53.700        97
53.720       110
53.740        97
53.760       107
53.780       120
53.800        83
53.820        77
53.840        57
53.860        83
53.880        83
53.900        83
53.920        67
53.940        63
53.960        37
53.980        37
54.000        43
54.020        57
54.040        40
54.060        47
54.080        40
54.100        47
54.120        53
54.140        17
54.160        37
54.180        33
54.200        33
54.220        53
54.240        30
54.260        23
54.280        13
54.300        30
54.320        20
54.340        23
54.360        37
54.380        33
54.400        23
54.420        27
54.440        20
54.460        13
54.480        23
54.500        33
54.520        30
54.540        23
54.560        30
54.580        30
54.600        17
54.620        20
54.640        30
54.660        23
54.680        13
54.700        23
54.720        27
54.740        20
54.760        20
54.780        20
54.800        20
54.820        23
54.840         7
54.860        37
54.880        13
54.900        20
54.920        17
54.940        17
54.960        27
54.980         7
55.000        37
55.020        33
55.040        17
55.060        13
55.080        17
55.100        20
55.120        23
55.140        13
55.160        27
55.180        17
55.200        30
55.220        17
55.240        20
55.260        33
55.280         7
55.300         3
55.320        10
55.340        23
55.360        17
55.380        17
55.400        13
55.420        13
55.440        17
55.460        33
55.480        13
55.500        27
55.520        17
55.540        23
55.560        20
55.580        20
55.600         7
55.620         7
55.640        13
55.660        13
55.680        10
55.700        20
55.720        17
55.740        20
55.760        27
55.780        20
55.800        10
55.820        20
55.840        17
55.860        10
55.880         7
55.900        40
55.920         7
55.940        13
55.960        23
55.980        17
56.000        10
56.020        10
56.040         3
56.060        10
56.080        30
56.100         7
56.120        17
56.140        13
56.160        10
56.180         7
56.200         3
56.220        20
56.240        17
56.260        17
56.280         7
56.300        10
56.320        13
56.340        23
56.360         7
56.380         3
56.400        23
56.420        13
56.440         7
56.460         7
56.480        13
56.500        10
56.520        13
56.540        13
56.560        23
56.580         3
56.600        13
56.620        17
56.640        10
56.660        17
56.680        10
56.700        10
56.720        10
56.740        23
56.760        20
56.780        27
56.800        33
56.820         7
56.840        10
56.860        20
56.880        17
56.900        10
56.920        13
56.940        17
56.960        10
56.980        17
57.000        13
57.020        23
57.040         7
57.060        13
57.080         7
57.100        13
57.120        13
57.140        17
57.160        13
57.180        23
57.200        13
57.220         7
57.240        23
57.260        13
57.280        23
57.300        10
57.320         7
57.340        20
57.360        27
57.380        37
57.400        50
57.420        30
57.440        37
57.460        53
57.480       110
57.500        87
57.520        77
57.540        50
57.560        33
57.580        37
57.600        67
57.620        33
57.640        40
57.660        63
57.680        67
57.700        50
57.720        23
57.740        30
57.760        17
57.780        17
57.800        23
57.820        10
57.840        20
57.860         7
57.880         3
57.900        23
57.920        13
57.940        10
57.960         7
57.980        13
58.000        23
58.020        23
58.040         7
58.060        13
58.080        10
58.100        10
58.120        23
58.140        13
58.160        13
58.180        40
58.200         7
58.220        10
58.240        13
58.260        10
58.280        13
58.300        20
58.320        20
58.340        10
58.360        13
58.380        20
58.400        17
58.420        17
58.440        17
58.460        20
58.480         7
58.500        20
58.520        23
58.540         7
58.560        13
58.580        13
58.600         7
58.620         7
58.640        10
58.660        10
58.680         7
58.700        10
58.720         7
58.740        13
58.760        17
58.780        10
58.800        13
58.820        10
58.840        13
58.860        17
58.880         7
58.900        10
58.920        27
58.940        10
58.960        13
58.980         7
59.000         7
59.020        13
59.040        13
59.060         7
59.080        20
59.100        13
59.120        17
59.140         7
59.160         7
59.180         3
59.200         7
59.220         3
59.240         3
59.260        17
59.280        10
59.300        13
59.320        13
59.340        17
59.360         3
59.380        13
59.400        37
59.420        10
59.440        17
59.460        13
59.480         7
59.500        33
59.520        27
59.540        23
59.560        23
59.580        10
59.600        23
59.620        13
59.640        17
59.660        13
59.680        17
59.700        10
59.720        37
59.740        17
59.760         3
59.780        20
59.800         3
59.820         0
59.840         0
59.860         0
59.880         0
59.900         0
59.920         0
59.940         0
59.960         0
59.980         0
60.000         0
