20.000         0
20.020         0
20.040         0
20.060         0
20.080         0
20.100         0
20.120         0
20.140         0
20.160        33
20.180        60
20.200        57
20.220        77
20.240        50
20.260        63
20.280        37
20.300        83
20.320        60
20.340        50
20.360        50
20.380        43
20.400        60
20.420        30
20.440        30
20.460        43
20.480        47
20.500        57
20.520        80
20.540        27
20.560        37
20.580        50
20.600        27
20.620        63
20.640        60
20.660        60
20.680        43
20.700        50
20.720        67
20.740        50
20.760        63
20.780        47
20.800        57
20.820        63
20.840        27
20.860        23
20.880        30
20.900        40
20.920        27
20.940        37
20.960        37
20.980        50
21.000        30
21.020        57
21.040        57
21.060        33
21.080        60
21.100        53
21.120        47
21.140        27
21.160        53
21.180        47
21.200        53
21.220        60
21.240        60
21.260        33
21.280        47
21.300        37
21.320        40
21.340        47
21.360        37
21.380        27
21.400        43
21.420        37
21.440        70
21.460        33
21.480        63
21.500        47
21.520        50
21.540        57
21.560        47
21.580        43
21.600        60
21.620        23
21.640        33
21.660        37
21.680        37
21.700        37
21.720        63
21.740        40
21.760        43
21.780        50
21.800        40
21.820        37
21.840        50
21.860        27
21.880        40
21.900        27
21.920        43
21.940        53
21.960        50
21.980        47
22.000        40
22.020        47
22.040        57
22.060        37
22.080        70
22.100        37
22.120        50
22.140        33
22.160        53
22.180        30
22.200        47
22.220        50
22.240        47
22.260        53
22.280        27
22.300        43
22.320        23
22.340        47
22.360        30
22.380        33
22.400        43
22.420        30
22.440        47
22.460        37
22.480        27
22.500        53
22.520        37
22.540        43
22.560        47
22.580        43
22.600        47
22.620        23
22.640        50
22.660        33
22.680        47
22.700        47
22.720        37
22.740        27
22.760        40
22.780        27
22.800        40
22.820        27
22.840        50
22.860        37
22.880        47
22.900        23
22.920        40
22.940        47
22.960        43
22.980        23
23.000        23
23.020        23
23.040        53
23.060        37
23.080        47
23.100        37
23.120        60
23.140        43
23.160        27
23.180        23
23.200        30
23.220        40
23.240        33
23.260        37
23.280        60
23.300        63
23.320        50
23.340        60
23.360        50
23.380        20
23.400        57
23.420        47
23.440        47
23.460        27
23.480        27
23.500        63
23.520        23
23.540        53
23.560        40
23.580        50
23.600        60
23.620        33
23.640        33
23.660        27
23.680        57
23.700        27
23.720        43
23.740        33
23.760        47
23.780        60
23.800        33
23.820        40
23.840        40
23.860        40
23.880        37
23.900        17
23.920        33
23.940        33
23.960        33
23.980        63
24.000        50
24.020        27
24.040        33
24.060        47
24.080        47
24.100        53
24.120        30
24.140        30
24.160        33
24.180        40
24.200        53
24.220        43
24.240        23
24.260        43
24.280        57
24.300        30
24.320        33
24.340        27
24.360        37
24.380        37
24.400        37
24.420        23
24.440        47
24.460        53
24.480        30
24.500        77
24.520        33
24.540        33
24.560        33
24.580        47
24.600        37
24.620        43
24.640        33
24.660        43
24.680        37
24.700        30
24.720        30
24.740        33
24.760        40
24.780        33
24.800        17
24.820        43
24.840        47
24.860        57
24.880        47
24.900        33
24.920        17
24.940        33
24.960        40
24.980        57
25.000        43
25.020        23
25.040        33
25.060        23
25.080        40
25.100        50
25.120        40
25.140        47
25.160        23
25.180        37
25.200        50
25.220        23
25.240        33
25.260        53
25.280        50
25.300        57
25.320        30
25.340        40
25.360        20
25.380        43
25.400        43
25.420        27
25.440        67
25.460        60
25.480        73
25.500        63
25.520        57
25.540       117
25.560        87
25.580       123
25.600       167
25.620       150
25.640       110
25.660        83
25.680        83
25.700        40
25.720        53
25.740        67
25.760        43
25.780        40
25.800        53
25.820        37
25.840        40
25.860        20
25.880        27
25.900        27
25.920        27
25.940        47
25.960        47
25.980        33
26.000        37
26.020        47
26.040        27
26.060        47
26.080        33
26.100        27
26.120        17
26.140        27
26.160        30
26.180        47
26.200        23
26.220        50
26.240        33
26.260        13
26.280        27
26.300        40
26.320        13
26.340        27
26.360        13
26.380        40
26.400        27
26.420        53
26.440        37
26.460        17
26.480        47
26.500        50
26.520        20
26.540        23
26.560        53
26.580        33
26.600        60
26.620        30
26.640        50
26.660        33
26.680        37
26.700        27
26.720        40
26.740        57
26.760        27
26.780        50
26.800        40
26.820        47
26.840        43
26.860        33
26.880        53
26.900        30
26.920        27
26.940        27
26.960        27
26.980        40
27.000        40
27.020        37
27.040        37
27.060        23
27.080        13
27.100        30
27.120        23
27.140        23
27.160        27
27.180        43
27.200        47
27.220        23
27.240        37
27.260        50
27.280        47
27.300        47
27.320        27
27.340        33
27.360        53
27.380        33
27.400        33
27.420        33
27.440        40
27.460        43
27.480        27
27.500        23
27.520        27
27.540        27
27.560        30
27.580        37
27.600        30
27.620        57
27.640        40
27.660        43
27.680        37
27.700        20
27.720        30
27.740        23
27.760        17
27.780        33
27.800        47
27.820        53
27.840        40
27.860        33
27.880        23
27.900        33
27.920        50
27.940        50
27.960        47
27.980        40
28.000        23
28.020        47
28.040        27
28.060        20
28.080        47
28.100        40
28.120        23
28.140        43
28.160        43
28.180        57
28.200        53
28.220        47
28.240        83
28.260        57
28.280        90
28.300        70
28.320       110
28.340       100
28.360       100
28.380        93
28.400        93
28.420        87
28.440        97
28.460        57
28.480        60
28.500        43
28.520        23
28.540        47
28.560        33
28.580        33
28.600        23
28.620        33
28.640        30
28.660        37
28.680        50
28.700        17
28.720        30
28.740        40
28.760        43
28.780        43
28.800        33
28.820        17
28.840        40
28.860        17
28.880        37
28.900        13
28.920        37
28.940        20
28.960        17
28.980        40
29.000        27
29.020        37
29.040        33
29.060        23
29.080        17
29.100        40
29.120        27
29.140        33
29.160        30
29.180        43
29.200        47
29.220        30
29.240        23
29.260        33
29.280        17
29.300        20
29.320        37
29.340        27
29.360        30
29.380        50
29.400        37
29.420        40
29.440        40
29.460        23
29.480        27
29.500        23
29.520        47
29.540        13
29.560        37
29.580        37
29.600        43
29.620        33
29.640        40
29.660        20
29.680        27
29.700        43
29.720        47
29.740        60
29.760        10
29.780        37
29.800        13
29.820        43
29.840        37
29.860        40
29.880        30
29.900        53
29.920        47
29.940        70
29.960        37
29.980        77
30.000        73
30.020        63
30.040        63
30.060        43
30.080        53
30.100        83
30.120       107
30.140       117
30.160       150
30.180       170
30.200       217
30.220       173
30.240       273
30.260       343
30.280       380
30.300       473
30.320       383
30.340       440
30.360       293
30.380       270
30.400       230
30.420       173
30.440       193
30.460       110
30.480       150
30.500       100
30.520       107
30.540        83
30.560       110
30.580        77
30.600        77
30.620        97
30.640        70
30.660        90
30.680        80
30.700        33
30.720        50
30.740        57
30.760        60
30.780        40
30.800        47
30.820        73
30.840        43
30.860        37
30.880        23
30.900        37
30.920        43
30.940        40
30.960        33
30.980        30
31.000        50
31.020        27
31.040        20
31.060        30
31.080        30
31.100        33
31.120        37
31.140        33
31.160        37
31.180        23
31.200        30
31.220        37
31.240        17
31.260        60
31.280        33
31.300        27
31.320        23
31.340        10
31.360        27
31.380        23
31.400        37
31.420        20
31.440        60
31.460        53
31.480        27
31.500        20
31.520        33
31.540        30
31.560        43
31.580        47
31.600        50
31.620        40
31.640        17
31.660        43
31.680        30
31.700        23
31.720        27
31.740        50
31.760        53
31.780        40
31.800        33
31.820         7
31.840        37
31.860        17
31.880        23
31.900        17
31.920        27
31.940        40
31.960        23
31.980        47
32.000        37
32.020        27
32.040        40
32.060        17
32.080        27
32.100        23
32.120        27
32.140        23
32.160        27
32.180        37
32.200        33
32.220        47
32.240        37
32.260        30
32.280        23
32.300        30
32.320        30
32.340        23
32.360        43
32.380        10
32.400        23
32.420        37
32.440        47
32.460        40
32.480        27
32.500        20
32.520        20
32.540        43
32.560        40
32.580        30
32.600        17
32.620        27
32.640        23
32.660        27
32.680        37
32.700        20
32.720        23
32.740        23
32.760        27
32.780        23
32.800        37
32.820        20
32.840        23
32.860        47
32.880        50
32.900        33
32.920        40
32.940        37
32.960        17
32.980        43
33.000        33
33.020        47
33.040        20
33.060        13
33.080        20
33.100        37
33.120        37
33.140        10
33.160        23
33.180        33
33.200        17
33.220        20
33.240        23
33.260        10
33.280        43
33.300        20
33.320        13
33.340        23
33.360        23
33.380        40
33.400        27
33.420        27
33.440        27
33.460        17
33.480        50
33.500        43
33.520        23
33.540        13
33.560        50
33.580        27
33.600        33
33.620        37
33.640        17
33.660        13
33.680        23
33.700        30
33.720        13
33.740        37
33.760        27
33.780        37
33.800        40
33.820        53
33.840        17
33.860        37
33.880        53
33.900        50
33.920        50
33.940        67
33.960        50
33.980        47
34.000        43
34.020        40
34.040        20
34.060        17
34.080        30
34.100        30
34.120        23
34.140        30
34.160        37
34.180        20
34.200        43
34.220        23
34.240        20
34.260        30
34.280        13
34.300        27
34.320        50
34.340        47
34.360        33
34.380        50
34.400        17
34.420        33
34.440        43
34.460        33
34.480        33
34.500        40
34.520        27
34.540        17
34.560        20
34.580        30
34.600        43
34.620        47
34.640        27
34.660        20
34.680        30
34.700        17
34.720        43
34.740        40
34.760        30
34.780        20
34.800        33
34.820        47
34.840        17
34.860        37
34.880        33
34.900        47
34.920        20
34.940        53
34.960        63
34.980        53
35.000        50
35.020        73
35.040        70
35.060        70
35.080       100
35.100       157
35.120       187
35.140       297
35.160       407
35.180       520
35.200       526
35.220       450
35.240       400
35.260       300
35.280       263
35.300       297
35.320       173
35.340       107
35.360        83
35.380        90
35.400        37
35.420        33
35.440        43
35.460        20
35.480        43
35.500        27
35.520        33
35.540        17
35.560        23
35.580        27
35.600        20
35.620        27
35.640        30
35.660        33
35.680        13
35.700        23
35.720        27
35.740        30
35.760        23
35.780        17
35.800        30
35.820        30
35.840        43
35.860        17
35.880        33
35.900        30
35.920        20
35.940        57
35.960        27
35.980        30
36.000        33
36.020        37
36.040        30
36.060        20
36.080        27
36.100        37
36.120        37
36.140        30
36.160        30
36.180        30
36.200        27
36.220        23
36.240        23
36.260        33
36.280        50
36.300        50
36.320        30
36.340        20
36.360        40
36.380        37
36.400        27
36.420        30
36.440        50
36.460        27
36.480        40
36.500        53
36.520        33
36.540        47
36.560        30
36.580        40
36.600        43
36.620        37
36.640        30
36.660        53
36.680        40
36.700        43
36.720        40
36.740        50
36.760        43
36.780        63
36.800        50
36.820        50
36.840        43
36.860        40
36.880        40
36.900        67
36.920        40
36.940        37
36.960        53
36.980        50
37.000        27
37.020        33
37.040        33
37.060        53
37.080        43
37.100        57
37.120        40
37.140        80
37.160        63
37.180        77
37.200        77
37.220        87
37.240       100
37.260        83
37.280       107
37.300       153
37.320       163
37.340       193
37.360       187
37.380       227
37.400       300
37.420       407
37.440       466
37.460       586
37.480       810
37.500      1123
37.520      1449
37.540      2069
37.560      2306
37.580      2616
37.600      2779
37.620      2992
37.640      2942
37.660      2952
37.680      2556
37.700      2496
37.720      2202
37.740      1969
37.760      1726
37.780      1286
37.800      1043
37.820      1013
37.840       800
37.860       990
37.880       720
37.900       633
37.920       493
37.940       463
37.960       446
37.980       317
38.000       270
38.020       260
38.040       200
38.060       180
38.080       173
38.100       163
38.120        93
38.140       123
38.160       110
38.180        83
38.200        77
38.220        77
38.240        93
38.260        63
38.280        77
38.300        63
38.320        67
38.340        40
38.360        57
38.380        80
38.400        37
38.420        17
38.440        43
38.460        60
38.480        47
38.500        30
38.520        60
38.540        47
38.560        43
38.580        40
38.600        50
38.620        53
38.640        47
38.660        20
38.680        40
38.700        13
38.720        47
38.740        37
38.760        50
38.780        23
38.800        50
38.820        33
38.840        30
38.860        30
38.880        37
38.900        27
38.920        30
38.940        33
38.960        57
38.980        37
39.000        50
39.020        67
39.040        33
39.060        37
39.080        57
39.100        40
39.120        27
39.140        33
39.160        50
39.180        27
39.200        50
39.220        37
39.240        47
39.260        43
39.280        37
39.300        27
39.320        43
39.340        13
39.360        17
39.380        43
39.400        37
39.420        30
39.440        30
39.460        20
39.480        43
39.500        37
39.520        20
39.540        60
39.560        33
39.580        30
39.600        30
39.620        23
39.640        20
39.660        43
39.680        20
39.700        40
39.720        27
39.740        27
39.760        27
39.780        43
39.800        23
39.820        53
39.840        17
39.860        33
39.880        40
39.900        13
39.920        53
39.940        20
39.960        40
39.980        23
40.000        57
40.020        43
40.040        30
40.060        33
40.080        27
40.100        47
40.120        40
40.140        37
40.160        20
40.180        17
40.200        33
40.220        20
40.240        30
40.260        37
40.280        30
40.300        23
40.320        43
40.340        23
40.360        23
40.380        57
40.400        57
40.420        27
40.440        20
40.460        30
40.480        27
40.500        37
40.520        37
40.540        40
40.560        27
40.580        30
40.600        43
40.620        33
40.640        20
40.660        17
40.680        60
40.700        20
40.720        30
40.740        40
40.760        53
40.780        17
40.800        30
40.820        33
40.840        43
40.860        17
40.880        33
40.900        43
40.920        17
40.940        33
40.960        37
40.980        43
41.000        43
41.020        33
41.040        43
41.060        40
41.080        53
41.100        33
41.120        57
41.140        50
41.160        53
41.180        50
41.200        40
41.220        37
41.240        57
41.260        57
41.280        50
41.300        73
41.320        60
41.340        30
41.360        47
41.380        23
41.400        30
41.420        23
41.440        13
41.460        30
41.480        20
41.500        13
41.520        23
41.540        20
41.560        53
41.580        43
41.600        53
41.620        53
41.640        47
41.660        37
41.680        53
41.700        53
41.720        63
41.740        83
41.760        70
41.780        63
41.800        53
41.820        53
41.840        60
41.860        17
41.880        37
41.900        23
41.920        23
41.940        23
41.960        27
41.980        27
42.000        33
42.020        40
42.040        23
42.060        27
42.080        27
42.100        27
42.120        33
42.140        43
42.160        23
42.180        13
42.200        23
42.220        40
42.240        20
42.260        40
42.280        33
42.300        40
42.320        27
42.340        23
42.360        20
42.380        17
42.400        37
42.420        37
42.440        27
42.460        20
42.480        27
42.500        13
42.520        27
42.540        10
42.560        17
42.580        20
42.600        30
42.620        27
42.640        27
42.660        27
42.680        13
42.700        23
42.720        37
42.740        20
42.760        17
42.780        17
42.800        20
42.820        30
42.840        40
42.860        10
42.880        20
42.900        23
42.920        27
42.940        20
42.960        30
42.980        37
43.000        43
43.020         3
43.040        30
43.060        17
43.080        40
43.100        33
43.120        13
43.140        17
43.160        40
43.180        33
43.200        70
43.220        33
43.240        23
43.260        47
43.280        73
43.300        57
43.320        97
43.340       150
43.360       340
43.380       330
43.400       370
43.420       417
43.440       297
43.460       197
43.480       170
43.500       247
43.520       260
43.540       220
43.560       110
43.580        87
43.600        63
43.620        53
43.640        40
43.660        20
43.680        53
43.700        17
43.720        27
43.740        40
43.760        23
43.780        13
43.800        17
43.820        37
43.840        30
43.860        47
43.880        17
43.900        23
43.920        20
43.940        17
43.960        23
43.980        23
44.000        20
44.020        13
44.040        27
44.060        10
44.080        20
44.100        13
44.120        23
44.140        13
44.160        10
44.180        20
44.200        30
44.220        33
44.240        23
44.260        27
44.280        13
44.300        10
44.320         7
44.340        23
44.360        20
44.380        23
44.400        10
44.420        23
44.440        30
44.460        27
44.480        17
44.500        23
44.520        27
44.540        10
44.560         7
44.580        27
44.600        17
44.620        33
44.640        23
44.660        33
44.680        27
44.700        10
44.720        27
44.740        23
44.760        23
44.780        13
44.800        23
44.820        23
44.840        27
44.860        17
44.880        17
44.900        27
44.920        13
44.940        30
44.960        33
44.980        27
45.000        27
45.020        27
45.040        10
45.060        27
45.080        47
45.100        20
45.120        23
45.140        23
45.160        17
45.180        10
45.200        23
45.220        47
45.240        23
45.260        17
45.280        20
45.300        23
45.320        10
45.340        30
45.360        23
45.380        30
45.400        33
45.420        30
45.440        23
45.460        13
45.480        30
45.500        10
45.520        10
45.540        13
45.560        13
45.580        17
45.600        27
45.620        10
45.640        17
45.660        17
45.680        30
45.700        23
45.720        30
45.740        20
45.760        23
45.780        30
45.800        33
45.820        23
45.840        23
45.860        30
45.880        40
45.900        33
45.920        47
45.940        50
45.960        33
45.980        30
46.000        37
46.020        20
46.040        50
46.060        27
46.080        47
46.100        53
46.120        40
46.140        30
46.160        30
46.180        30
46.200        20
46.220        17
46.240        40
46.260        47
46.280        23
46.300        27
46.320        30
46.340        10
46.360        27
46.380        13
46.400         7
46.420        20
46.440        13
46.460        17
46.480        27
46.500        10
46.520        17
46.540        23
46.560        17
46.580        17
46.600         7
46.620        13
46.640        30
46.660        20
46.680        23
46.700        20
46.720        10
46.740        23
46.760        23
46.780        27
46.800        23
46.820        20
46.840        27
46.860        23
46.880        27
46.900        13
46.920        27
46.940        33
46.960        23
46.980        17
47.000        13
47.020        13
47.040        17
47.060        13
47.080        20
47.100        17
47.120         3
47.140        13
47.160        17
47.180        13
47.200        10
47.220        40
47.240        13
47.260        30
47.280        23
47.300         7
47.320        13
47.340        23
47.360         0
47.380        23
47.400        17
47.420        23
47.440        30
47.460        23
47.480        13
47.500        10
47.520        13
47.540        17
47.560        13
47.580        10
47.600        23
47.620        27
47.640        17
47.660        20
47.680        27
47.700        10
47.720        27
47.740        23
47.760        23
47.780        20
47.800        23
47.820        17
47.840        20
47.860        10
47.880        17
47.900        33
47.920        17
47.940        13
47.960        27
47.980        10
48.000        13
48.020        10
48.040        20
48.060        30
48.080        23
48.100        13
48.120        23
48.140        10
48.160        10
48.180        13
48.200        20
48.220        10
48.240         7
48.260        30
48.280        13
48.300        17
48.320        13
48.340         3
48.360        20
48.380         7
48.400        10
48.420        23
48.440        23
48.460        17
48.480        13
48.500        13
48.520        23
48.540        13
48.560        20
48.580        10
48.600        30
48.620        17
48.640        23
48.660         7
48.680        10
48.700        10
48.720        13
48.740        33
48.760         7
48.780        13
48.800        17
48.820        10
48.840         7
48.860        13
48.880         7
48.900        20
48.920        17
48.940        10
48.960        30
48.980        20
49.000         3
49.020         0
49.040        23
49.060        17
49.080        20
49.100        40
49.120        27
49.140        20
49.160        17
49.180        17
49.200        13
49.220        20
49.240        17
49.260        30
49.280        20
49.300        37
49.320        23
49.340        27
49.360        17
49.380        20
49.400        23
49.420        17
49.440        20
49.460        20
49.480        13
49.500        17
49.520         3
49.540        20
49.560        13
49.580        10
49.600        20
49.620         7
49.640        27
49.660        23
49.680        13
49.700        10
49.720        20
49.740        13
49.760        10
49.780        17
49.800        23
49.820        20
49.840        27
49.860        17
49.880        23
49.900        30
49.920        13
49.940        10
49.960        17
49.980        17
50.000        13
50.020        33
50.040        20
50.060        17
50.080        27
50.100        37
50.120        27
50.140        27
50.160        40
50.180        33
50.200        23
50.220        33
50.240        47
50.260        37
50.280        47
50.300        57
50.320        63
50.340        63
50.360        47
50.380        63
50.400        67
50.420        57
50.440        40
50.460        30
50.480        30
50.500        17
50.520        17
50.540        27
50.560        10
50.580        23
50.600        23
50.620        43
50.640        10
50.660        20
50.680        30
50.700        27
50.720        20
50.740        33
50.760        43
50.780        57
50.800        47
50.820        50
50.840        30
50.860        30
50.880        23
50.900        30
50.920        27
50.940        23
50.960        37
50.980        40
51.000        40
51.020        27
51.040        23
51.060        10
51.080        20
51.100        17
51.120        10
51.140        20
51.160        23
51.180        17
51.200        17
51.220        27
51.240        23
51.260        23
51.280        13
51.300        20
51.320        30
51.340        10
51.360        20
51.380         7
51.400        10
51.420        30
51.440        20
51.460        17
51.480        17
51.500        23
51.520        23
51.540        17
51.560        40
51.580        20
51.600        20
51.620        23
51.640        23
51.660        13
51.680        13
51.700        23
51.720        23
51.740        20
51.760        30
51.780        20
51.800        17
51.820        10
51.840         7
51.860        27
51.880        20
51.900        10
51.920        17
51.940        23
51.960         7
51.980        13
52.000        23
52.020        27
52.040         0
52.060        20
52.080         3
52.100        23
52.120        10
52.140        27
52.160        17
52.180        13
52.200        20
52.220        27
52.240        17
52.260        23
52.280        10
52.300        17
52.320        20
52.340        17
52.360        23
52.380        23
52.400        40
52.420        20
52.440        60
52.460        37
52.480        67
52.500        43
52.520        53
52.540        57
52.560        93
52.580       133
52.600       140
52.620       153
52.640       163
52.660       117
52.680        77
52.700        67
52.720        73
52.740        80
52.760        70
52.780        77
52.800        50
52.820        40
52.840        30
52.860        20
52.880        30
52.900        47
52.920        30
52.940         3
52.960        23
52.980        23
53.000        17
53.020        23
53.040        10
53.060        17
53.080        23
53.100         7
53.120        17
53.140        23
53.160        13
53.180        10
53.200        13
53.220        27
53.240        13
53.260         7
53.280        10
53.300         0
53.320        20
53.340        17
53.360        17
53.380        17
53.400        17
53.420        20
53.440        10
53.460        17
53.480         7
53.500         3
53.520        17
53.540        23
53.560        17
53.580        17
53.600        10
53.620        23
53.640        10
53.660        17
53.680        13
53.700         7
53.720        23
53.740        23
53.760         7
53.780        17
53.800        13
53.820        13
53.840         7
53.860        13
53.880        13
53.900        13
53.920        13
53.940         7
53.960         7
53.980        27
54.000        10
54.020        20
54.040        13
54.060        20
54.080        20
54.100        20
54.120        40
54.140        37
54.160        20
54.180        27
54.200        40
54.220        40
54.240        33
54.260        40
54.280        70
54.300        33
54.320        63
54.340        70
54.360        37
54.380        63
54.400        73
54.420        47
54.440        57
54.460        37
54.480        47
54.500        27
54.520        37
54.540        27
54.560        43
54.580        33
54.600        13
54.620        27
54.640        23
54.660        27
54.680        50
54.700        43
54.720        33
54.740        17
54.760        27
54.780        27
54.800        30
54.820        13
54.840        23
54.860        13
54.880         3
54.900        37
54.920        10
54.940        23
54.960        20
54.980        20
55.000         7
55.020        20
55.040         7
55.060        13
55.080        10
55.100        13
55.120        10
55.140        27
55.160        10
55.180        13
55.200        13
55.220        23
55.240        23
55.260        17
55.280        10
55.300        10
55.320        13
55.340        30
55.360        13
55.380        23
55.400        23
55.420        17
55.440        17
55.460        17
55.480        10
55.500        17
55.520        13
55.540        17
55.560         7
55.580        10
55.600        17
55.620        27
55.640        10
55.660        17
55.680        10
55.700        20
55.720         7
55.740        13
55.760         7
55.780        27
55.800        13
55.820        17
55.840        13
55.860        23
55.880        20
55.900        33
55.920        27
55.940        27
55.960        23
55.980        13
56.000        20
56.020        10
56.040        27
56.060        20
56.080        13
56.100         7
56.120        20
56.140        10
56.160        20
56.180        20
56.200        20
56.220        23
56.240        10
56.260        13
56.280        23
56.300         7
56.320        30
56.340        23
56.360        33
56.380        17
56.400        13
56.420        17
56.440        10
56.460        20
56.480        27
56.500        13
56.520        30
56.540         3
56.560        20
56.580        17
56.600        13
56.620        13
56.640        23
56.660        13
56.680        13
56.700        13
56.720        10
56.740        27
56.760        23
56.780        10
56.800         3
56.820         3
56.840        20
56.860        20
56.880         7
56.900        17
56.920        10
56.940        13
56.960        17
56.980        13
57.000        17
57.020        10
57.040        23
57.060        23
57.080        27
57.100        17
57.120        27
57.140        23
57.160        20
57.180        27
57.200        23
57.220        27
57.240        17
57.260        23
57.280        17
57.300        47
57.320        57
57.340        27
57.360        23
57.380        33
57.400        37
57.420        30
57.440        77
57.460       110
57.480       173
57.500       300
57.520       493
57.540       670
57.560       730
57.580       570
57.600       383
57.620       200
57.640       190
57.660       200
57.680       257
57.700       350
57.720       333
57.740       273
57.760       147
57.780        67
57.800        67
57.820        57
57.840        20
57.860        30
57.880        37
57.900        13
57.920        10
57.940        20
57.960        20
57.980        13
58.000        20
58.020        10
58.040        17
58.060        20
58.080        27
58.100        17
58.120         3
58.140        20
58.160        27
58.180        10
58.200         7
58.220         7
58.240         7
58.260        23
58.280        23
58.300        30
58.320        30
58.340        20
58.360        17
58.380        20
58.400        17
58.420         7
58.440         7
58.460        20
58.480        10
58.500         3
58.520         7
58.540        13
58.560        13
58.580        33
58.600        23
58.620        13
58.640        33
58.660         7
58.680        10
58.700        20
58.720         7
58.740         3
58.760        27
58.780        17
58.800         3
58.820         7
58.840        27
58.860        20
58.880        30
58.900        13
58.920        13
58.940        23
58.960        23
58.980        13
59.000        10
59.020        10
59.040        23
59.060        20
59.080         7
59.100        23
59.120        17
59.140        23
59.160         0
59.180        13
59.200        17
59.220        27
59.240        27
59.260        17
59.280        23
59.300        33
59.320        20
59.340        10
59.360        43
59.380        43
59.400        23
59.420        33
59.440        40
59.460        10
59.480        30
59.500        20
59.520        13
59.540        23
59.560        17
59.580         3
59.600        23
59.620        23
59.640        13
59.660        23
59.680        13
59.700         7
59.720        20
59.740        10
59.760        17
59.780        13
59.800        13
59.820        13
59.840        27
59.860        27
59.880        27
59.900        23
59.920        20
59.940        13
59.960        20
59.980        20
60.000        27
