20.000        13
20.020        13
20.040        43
20.060        37
20.080        33
20.100        43
20.120        40
20.140        47
20.160        57
20.180        37
20.200        40
20.220        43
20.240        40
20.260        43
20.280        43
20.300        27
20.320        63
20.340        40
20.360        33
20.380        47
20.400        40
20.420        43
20.440        47
20.460        53
20.480        30
20.500        37
20.520        53
20.540        43
20.560        57
20.580        33
20.600        50
20.620        30
20.640        47
20.660        37
20.680        53
20.700        30
20.720        30
20.740        43
20.760        17
20.780        50
20.800        37
20.820        53
20.840        23
20.860        30
20.880        60
20.900        37
20.920        47
20.940        63
20.960        50
20.980        43
21.000        53
21.020        63
21.040        43
21.060        23
21.080        43
21.100        43
21.120        33
21.140        50
21.160        67
21.180        40
21.200        43
21.220        30
21.240        50
21.260        37
21.280        47
21.300        43
21.320        27
21.340        30
21.360        37
21.380        40
21.400        30
21.420        63
21.440        50
21.460        40
21.480        33
21.500        33
21.520        47
21.540        53
21.560        47
21.580        63
21.600        53
21.620        33
21.640        27
21.660        40
21.680        17
21.700        30
21.720        33
21.740        53
21.760        37
21.780        40
21.800        60
21.820        43
21.840        50
21.860        50
21.880        37
21.900        47
21.920        33
21.940        50
21.960        40
21.980        37
22.000        50
22.020        57
22.040        33
22.060        50
22.080        67
22.100        50
22.120        43
22.140        57
22.160        60
22.180        33
22.200        43
22.220        53
22.240        70
22.260        83
22.280        97
22.300        60
22.320        80
22.340        77
22.360        90
22.380        87
22.400       120
22.420        97
22.440        70
22.460        70
22.480        93
22.500       137
22.520       100
22.540        70
22.560        70
22.580        83
22.600        90
22.620        77
22.640        83
22.660        87
22.680       100
22.700       123
22.720        97
22.740        80
22.760        60
22.780        60
22.800        97
22.820        70
22.840        77
22.860        80
22.880        83
22.900        80
22.920        53
22.940        40
22.960        50
22.980        67
23.000        33
23.020        50
23.040        67
23.060        87
23.080        50
23.100        57
23.120        43
23.140        67
23.160        70
23.180        47
23.200        73
23.220        47
23.240        43
23.260        43
23.280        47
23.300        60
23.320        67
23.340        27
23.360        33
23.380        67
23.400        43
23.420        53
23.440        40
23.460        53
23.480        43
23.500        50
23.520        43
23.540        37
23.560        40
23.580        50
23.600        70
23.620        40
23.640        30
23.660        43
23.680        70
23.700        53
23.720        60
23.740        20
23.760        53
23.780        53
23.800        40
23.820        27
23.840        30
23.860        30
23.880        47
23.900        40
23.920        40
23.940        43
23.960        30
23.980        47
24.000        40
24.020        33
24.040        50
24.060        47
24.080        30
24.100        43
24.120        47
24.140        40
24.160        40
24.180        43
24.200        47
24.220        60
24.240        40
24.260        37
24.280        37
24.300        33
24.320        37
24.340        37
24.360        33
24.380        57
24.400        40
24.420        37
24.440        37
24.460        33
24.480        23
24.500        33
24.520        33
24.540        27
24.560        30
24.580        53
24.600        37
24.620        27
24.640        50
24.660        47
24.680        27
24.700        40
24.720        27
24.740        33
24.760        40
24.780        40
24.800        70
24.820        47
24.840        37
24.860        23
24.880        43
24.900        47
24.920        43
24.940        43
24.960        40
24.980        30
25.000        33
25.020        43
25.040        37
25.060        20
25.080        20
25.100        40
25.120        43
25.140        33
25.160        43
25.180        43
25.200        30
25.220        37
25.240        50
25.260        33
25.280        37
25.300        37
25.320        30
25.340        30
25.360        37
25.380        17
25.400        50
25.420        40
25.440        37
25.460        57
25.480        33
25.500        43
25.520        63
25.540        47
25.560        63
25.580        70
25.600        87
25.620        93
25.640       107
25.660        73
25.680        73
25.700        53
25.720        70
25.740        40
25.760        27
25.780        30
25.800        30
25.820        40
25.840        20
25.860        53
25.880        23
25.900        33
25.920        27
25.940        30
25.960        47
25.980        33
26.000        27
26.020        43
26.040        43
26.060        33
26.080        23
26.100        37
26.120        30
26.140        50
26.160        23
26.180        43
26.200        37
26.220        27
26.240        20
26.260        47
26.280        37
26.300        47
26.320        13
26.340        57
26.360        40
26.380        57
26.400        33
26.420        17
26.440        40
26.460        33
26.480        23
26.500        20
26.520        47
26.540        37
26.560        17
26.580        37
26.600        30
26.620        17
26.640        33
26.660        30
26.680        53
26.700        20
26.720        43
26.740        17
26.760        30
26.780        37
26.800        30
26.820        53
26.840        33
26.860        43
26.880        40
26.900        23
26.920        57
26.940        27
26.960        43
26.980        37
27.000        23
27.020        27
27.040        43
27.060        33
27.080        33
27.100        17
27.120        30
27.140        30
27.160        20
27.180        57
27.200        37
27.220        23
27.240        43
27.260        27
27.280        37
27.300        40
27.320        27
27.340        30
27.360        40
27.380        47
27.400        23
27.420        37
27.440        23
27.460        13
27.480        40
27.500        37
27.520        37
27.540        37
27.560        13
27.580        33
27.600        27
27.620        37
27.640        33
27.660        40
27.680        40
27.700        40
27.720        40
27.740        23
27.760        17
27.780        33
27.800        43
27.820        17
27.840        23
27.860        30
27.880        30
27.900        23
27.920        57
27.940        20
27.960        13
27.980        23
28.000        20
28.020        23
28.040        27
28.060        30
28.080        10
28.100        17
28.120        23
28.140        13
28.160        43
28.180        40
28.200        37
28.220        20
28.240        30
28.260        27
28.280        20
28.300        23
28.320        30
28.340        27
28.360        33
28.380        27
28.400        27
28.420        30
28.440        13
28.460        37
28.480        10
28.500        37
28.520        33
28.540        40
28.560        43
28.580        13
28.600        43
28.620        33
28.640        20
28.660        27
28.680        13
28.700        20
28.720        17
28.740        17
28.760        23
28.780        37
28.800        37
28.820        13
28.840        30
28.860        33
28.880        20
28.900        30
28.920        27
28.940        27
28.960        33
28.980        17
29.000        27
29.020        27
29.040        20
29.060        53
29.080        23
29.100        40
29.120        33
29.140        30
29.160        40
29.180        33
29.200        23
29.220        40
29.240        30
29.260        13
29.280        20
29.300        27
29.320        30
29.340        33
29.360        27
29.380        13
29.400        30
29.420        33
29.440        33
29.460        33
29.480        30
29.500        17
29.520        33
29.540        47
29.560        33
29.580        33
29.600        13
29.620        20
29.640        10
29.660        40
29.680        17
29.700        20
29.720        23
29.740        27
29.760        13
29.780        27
29.800        23
29.820        37
29.840        23
29.860        37
29.880        20
29.900        27
29.920        30
29.940        17
29.960        23
29.980        33
30.000        13
30.020        30
30.040        27
30.060        20
30.080        20
30.100        17
30.120        43
30.140        37
30.160        27
30.180        20
30.200        27
30.220        23
30.240        23
30.260        13
30.280        23
30.300        27
30.320        43
30.340        30
30.360        30
30.380         7
30.400        37
30.420        37
30.440        20
30.460        33
30.480        27
30.500        33
30.520        27
30.540        27
30.560        37
30.580        40
30.600        30
30.620        33
30.640        20
30.660        37
30.680        20
30.700        23
30.720        27
30.740        40
30.760         7
30.780        30
30.800        33
30.820        20
30.840        13
30.860        20
30.880        37
30.900        20
30.920        13
30.940        40
30.960        17
30.980        27
31.000        20
31.020        33
31.040        30
31.060        57
31.080        13
31.100        30
31.120        27
31.140        17
31.160        30
31.180        40
31.200        50
31.220        37
31.240        30
31.260        40
31.280        50
31.300        27
31.320        40
31.340        30
31.360        47
31.380        40
31.400        47
31.420        37
31.440        20
31.460        47
31.480        30
31.500        63
31.520        53
31.540        43
31.560        43
31.580        60
31.600        53
31.620        60
31.640        73
31.660        43
31.680        37
31.700        60
31.720        60
31.740        80
31.760        60
31.780        53
31.800        77
31.820        73
31.840       100
31.860        90
31.880        93
31.900       123
31.920       140
31.940       123
31.960       143
31.980       167
32.000       173
32.020       227
32.040       177
32.060       233
32.080       227
32.100       247
32.120       233
32.140       237
32.160       223
32.180       280
32.200       237
32.220       257
32.240       237
32.260       253
32.280       170
32.300       197
32.320       220
32.340       240
32.360       150
32.380       173
32.400       213
32.420       130
32.440       207
32.460       123
32.480       177
32.500       130
32.520       123
32.540        97
32.560       123
32.580        83
32.600       107
32.620        67
32.640       123
32.660        77
32.680        57
32.700        47
32.720        70
32.740        63
32.760        60
32.780        80
32.800        63
32.820        67
32.840        67
32.860        33
32.880        37
32.900        43
32.920        47
32.940        50
32.960        47
32.980        43
33.000        37
33.020        57
33.040        43
33.060        20
33.080        63
33.100        47
33.120        37
33.140        37
33.160        47
33.180        27
33.200        40
33.220        37
33.240        53
33.260        43
33.280        20
33.300        30
33.320        30
33.340        13
33.360        37
33.380        30
33.400        40
33.420        27
33.440        33
33.460        20
33.480        40
33.500        23
33.520        30
33.540        23
33.560        33
33.580        50
33.600        20
33.620        30
33.640        23
33.660        30
33.680        23
33.700        33
33.720        20
33.740        27
33.760        13
33.780        30
33.800        47
33.820        27
33.840        43
33.860        33
33.880        37
33.900        37
33.920        33
33.940        37
33.960        33
33.980        23
34.000        27
34.020        13
34.040        23
34.060        23
34.080        30
34.100        27
34.120        30
34.140        30
34.160        27
34.180        47
34.200         7
34.220         7
34.240        17
34.260        37
34.280        43
34.300        30
34.320        37
34.340        27
34.360        30
34.380        37
34.400        37
34.420        57
34.440        27
34.460        47
34.480        20
34.500        27
34.520        43
34.540        30
34.560        43
34.580        37
34.600        27
34.620        20
34.640        33
34.660        43
34.680        10
34.700        33
34.720        37
34.740        10
34.760        27
34.780        37
34.800        17
34.820        47
34.840        37
34.860        10
34.880        20
34.900        40
34.920        30
34.940        27
34.960        27
34.980        47
35.000        27
35.020        60
35.040        80
35.060        77
35.080        57
35.100        77
35.120       103
35.140       113
35.160       213
35.180       453
35.200       586
35.220       473
35.240       456
35.260       397
35.280       357
35.300       300
35.320       230
35.340       123
35.360        67
35.380        53
35.400        57
35.420        30
35.440        17
35.460        33
35.480        50
35.500        23
35.520        37
35.540        23
35.560        17
35.580        20
35.600        17
35.620        27
35.640        20
35.660        20
35.680        20
35.700        27
35.720        33
35.740        37
35.760        43
35.780        27
35.800        20
35.820        30
35.840        17
35.860        13
35.880        33
35.900        23
35.920        27
35.940        33
35.960         7
35.980        27
36.000        40
36.020        13
36.040        23
36.060        27
36.080        17
36.100        23
36.120        17
36.140        33
36.160        23
36.180        10
36.200        13
36.220        20
36.240        37
36.260        33
36.280        20
36.300        27
36.320        30
36.340        13
36.360        13
36.380        30
36.400        17
36.420        43
36.440        30
36.460        13
36.480        27
36.500        37
36.520        40
36.540         7
36.560        17
36.580        37
36.600        27
36.620         7
36.640        27
36.660        10
36.680        27
36.700        27
36.720        20
36.740        20
36.760        30
36.780        27
36.800        30
36.820        17
36.840        30
36.860        20
36.880        27
36.900        37
36.920        40
36.940        43
36.960        37
36.980        33
37.000        30
37.020        47
37.040        30
37.060        27
37.080        13
37.100        13
37.120        30
37.140        30
37.160        37
37.180        20
37.200        37
37.220        27
37.240        10
37.260        23
37.280        17
37.300        20
37.320        20
37.340        23
37.360        17
37.380        23
37.400        40
37.420        50
37.440        23
37.460        13
37.480        33
37.500        17
37.520        17
37.540        23
37.560        23
37.580        43
37.600        23
37.620        47
37.640        27
37.660        10
37.680        17
37.700        23
37.720        33
37.740        47
37.760        37
37.780        67
37.800        50
37.820        40
37.840        63
37.860        73
37.880        73
37.900        43
37.920        30
37.940        27
37.960        30
37.980        27
38.000        27
38.020        20
38.040        20
38.060        27
38.080        20
38.100         7
38.120        30
38.140        30
38.160        17
38.180        23
38.200        33
38.220        30
38.240        20
38.260        37
38.280        33
38.300        13
38.320        13
38.340        40
38.360        17
38.380        27
38.400        37
38.420        30
38.440        30
38.460        20
38.480        43
38.500        30
38.520        20
38.540        17
38.560        67
38.580        20
38.600        23
38.620        37
38.640        17
38.660        20
38.680        37
38.700        27
38.720        23
38.740        17
38.760        27
38.780        13
38.800        20
38.820        43
38.840        27
38.860        23
38.880        23
38.900        23
38.920        10
38.940        27
38.960        27
38.980        33
39.000        17
39.020        30
39.040        27
39.060        23
39.080        20
39.100         7
39.120        10
39.140        30
39.160        30
39.180        13
39.200        40
39.220        27
39.240        33
39.260        33
39.280        27
39.300        27
39.320        43
39.340        50
39.360        27
39.380        33
39.400        27
39.420        13
39.440        30
39.460        23
39.480        30
39.500        17
39.520        33
39.540        37
39.560        40
39.580        23
39.600        37
39.620        47
39.640        30
39.660        43
39.680        23
39.700        37
39.720        33
39.740        27
39.760        23
39.780        23
39.800        23
39.820        27
39.840        33
39.860        30
39.880        33
39.900        57
39.920        50
39.940        27
39.960        47
39.980        40
40.000        40
40.020        33
40.040        37
40.060        53
40.080        40
40.100        50
40.120        37
40.140        37
40.160        43
40.180        33
40.200        30
40.220        13
40.240        10
40.260        30
40.280        10
40.300        20
40.320        27
40.340        37
40.360        23
40.380        20
40.400        37
40.420        23
40.440        23
40.460        30
40.480        30
40.500        27
40.520        23
40.540        20
40.560        30
40.580        23
40.600        27
40.620        27
40.640        30
40.660        23
40.680        10
40.700        20
40.720        10
40.740        30
40.760        17
40.780        20
40.800        30
40.820        17
40.840        23
40.860        40
40.880        20
40.900        13
40.920        30
40.940        30
40.960        17
40.980        40
41.000        37
41.020        40
41.040        20
41.060        17
41.080        23
41.100        23
41.120        13
41.140        27
41.160        23
41.180        20
41.200        57
41.220        30
41.240        23
41.260        23
41.280        23
41.300        13
41.320        10
41.340        33
41.360        43
41.380        33
41.400        27
41.420        43
41.440        40
41.460        30
41.480        20
41.500        33
41.520        33
41.540        63
41.560        47
41.580        27
41.600        30
41.620        50
41.640        43
41.660        60
41.680        87
41.700       103
41.720       183
41.740       173
41.760       237
41.780       137
41.800       157
41.820       100
41.840        87
41.860       127
41.880        77
41.900       103
41.920        40
41.940        43
41.960        30
41.980        47
42.000        43
42.020        23
42.040        23
42.060        30
42.080        33
42.100        30
42.120        33
42.140        27
42.160        30
42.180        13
42.200        17
42.220        37
42.240        17
42.260        23
42.280        13
42.300        33
42.320         3
42.340        23
42.360        43
42.380        23
42.400        23
42.420        27
42.440        23
42.460        17
42.480        20
42.500        23
42.520        37
42.540        37
42.560        33
42.580        43
42.600        23
42.620        30
42.640        20
42.660        37
42.680        33
42.700        13
42.720        33
42.740        10
42.760        30
42.780        13
42.800         7
42.820        37
42.840        17
42.860        40
42.880        47
42.900        13
42.920        27
42.940        20
42.960        27
42.980        27
43.000        30
43.020         7
43.040        33
43.060        27
43.080        30
43.100        30
43.120        20
43.140        37
43.160        17
43.180        20
43.200        23
43.220        33
43.240        37
43.260        30
43.280        43
43.300        67
43.320        60
43.340        43
43.360        50
43.380        67
43.400       103
43.420        70
43.440        83
43.460       107
43.480        67
43.500        80
43.520        63
43.540        53
43.560        47
43.580        87
43.600        37
43.620        40
43.640        37
43.660        27
43.680        43
43.700        30
43.720        27
43.740        37
43.760        27
43.780        57
43.800        23
43.820        27
43.840        47
43.860        40
43.880        23
43.900        30
43.920        57
43.940        33
43.960        33
43.980        37
44.000        40
44.020        50
44.040        17
44.060        50
44.080        27
44.100        27
44.120        33
44.140        43
44.160        47
44.180        30
44.200        40
44.220        37
44.240        40
44.260        47
44.280        50
44.300        57
44.320        63
44.340        50
44.360        20
44.380        87
44.400        63
44.420        30
44.440        53
44.460        73
44.480        63
44.500        87
44.520        40
44.540        60
44.560        87
44.580        60
44.600        50
44.620        57
44.640        57
44.660        53
44.680        53
44.700        90
44.720        97
44.740        90
44.760       110
44.780        83
44.800        70
44.820        83
44.840       100
44.860       107
44.880       113
44.900       103
44.920       110
44.940       130
44.960       127
44.980       107
45.000       150
45.020       130
45.040       207
45.060       173
45.080       160
45.100       180
45.120       157
45.140       233
45.160       270
45.180       197
45.200       240
45.220       237
45.240       213
45.260       230
45.280       250
45.300       307
45.320       297
45.340       310
45.360       313
45.380       337
45.400       320
45.420       377
45.440       413
45.460       453
45.480       443
45.500       423
45.520       473
45.540       510
45.560       453
45.580       486
45.600       476
45.620       520
45.640       546
45.660       613
45.680       606
45.700       593
45.720       523
45.740       636
45.760       586
45.780       576
45.800       596
45.820       590
45.840       640
45.860       600
45.880       626
45.900       626
45.920       560
45.940       650
45.960       590
45.980       520
46.000       626
46.020       573
46.040       610
46.060       480
46.080       486
46.100       593
46.120       520
46.140       510
46.160       476
46.180       506
46.200       520
46.220       436
46.240       466
46.260       417
46.280       443
46.300       407
46.320       440
46.340       343
46.360       337
46.380       283
46.400       333
46.420       310
46.440       313
46.460       280
46.480       290
46.500       273
46.520       250
46.540       263
46.560       260
46.580       223
46.600       220
46.620       190
46.640       210
46.660       167
46.680       160
46.700       170
46.720       170
46.740       183
46.760       143
46.780       137
46.800       157
46.820       147
46.840       143
46.860       173
46.880        93
46.900        87
46.920       143
46.940        90
46.960       123
46.980        97
47.000       123
47.020        80
47.040       130
47.060       103
47.080       100
47.100       130
47.120       107
47.140        87
47.160        60
47.180        77
47.200        57
47.220        50
47.240        93
47.260        80
47.280        73
47.300        57
47.320        63
47.340        57
47.360        63
47.380        70
47.400        73
47.420        73
47.440        47
47.460        80
47.480        50
47.500        63
47.520        57
47.540        67
47.560        37
47.580        60
47.600        53
47.620        43
47.640        47
47.660        47
47.680        53
47.700        50
47.720        40
47.740        57
47.760        33
47.780        70
47.800        47
47.820        53
47.840        43
47.860        47
47.880        47
47.900        23
47.920        47
47.940        30
47.960        47
47.980        33
48.000        23
48.020        43
48.040        77
48.060        50
48.080        40
48.100        37
48.120        20
48.140        37
48.160        50
48.180        40
48.200        47
48.220        27
48.240        40
48.260        47
48.280        30
48.300        30
48.320        33
48.340        40
48.360        43
48.380        50
48.400        47
48.420        27
48.440        20
48.460        23
48.480        43
48.500        30
48.520        30
48.540        30
48.560        23
48.580        27
48.600        30
48.620        17
48.640        37
48.660        43
48.680        40
48.700        43
48.720        27
48.740        33
48.760        13
48.780        23
48.800        40
48.820        27
48.840        37
48.860        37
48.880        53
48.900        37
48.920        27
48.940        40
48.960        33
48.980        27
49.000        23
49.020        20
49.040        27
49.060        43
49.080        23
49.100        20
49.120        40
49.140        20
49.160        37
49.180        27
49.200        20
49.220        17
49.240        47
49.260        23
49.280        30
49.300        23
49.320        37
49.340        20
49.360        40
49.380        23
49.400        40
49.420        33
49.440        23
49.460        20
49.480        20
49.500        20
49.520        10
49.540        33
49.560        30
49.580        27
49.600         3
49.620        37
49.640        27
49.660        33
49.680        27
49.700        23
49.720        20
49.740        37
49.760        27
49.780        33
49.800        27
49.820        27
49.840        33
49.860        33
49.880        13
49.900        23
49.920        33
49.940        23
49.960        30
49.980        23
50.000        27
50.020        30
50.040        20
50.060        20
50.080        27
50.100        10
50.120        30
50.140        33
50.160        10
50.180        27
50.200        20
50.220        20
50.240        20
50.260        23
50.280        30
50.300        20
50.320        10
50.340        37
50.360        20
50.380        17
50.400        30
50.420        23
50.440        17
50.460        33
50.480        13
50.500        17
50.520        20
50.540        30
50.560        13
50.580        33
50.600        20
50.620        17
50.640        17
50.660        27
50.680        23
50.700        20
50.720        13
50.740         7
50.760        27
50.780        33
50.800        37
50.820        27
50.840        20
50.860        10
50.880        20
50.900        13
50.920         7
50.940         3
50.960        27
50.980        37
51.000        13
51.020        13
51.040        30
51.060        20
51.080        23
51.100        23
51.120        23
51.140        17
51.160        23
51.180        17
51.200        23
51.220        27
51.240        20
51.260        23
51.280        10
51.300        23
51.320        13
51.340        27
51.360        17
51.380        20
51.400        17
51.420        13
51.440        37
51.460        30
51.480        30
51.500        33
51.520        13
51.540        23
51.560        40
51.580        10
51.600        27
51.620         7
51.640        13
51.660        17
51.680        13
51.700        47
51.720        30
51.740        13
51.760        33
51.780        33
51.800        13
51.820        43
51.840        23
51.860        27
51.880        33
51.900         3
51.920        20
51.940        17
51.960        17
51.980        20
52.000        23
52.020        10
52.040        13
52.060        17
52.080        17
52.100        13
52.120        47
52.140        27
52.160        43
52.180        23
52.200        17
52.220        20
52.240        23
52.260        10
52.280        20
52.300        27
52.320        20
52.340        20
52.360        30
52.380        40
52.400        13
52.420         7
52.440        37
52.460        23
52.480        37
52.500        37
52.520        37
52.540        63
52.560        90
52.580        70
52.600        67
52.620        67
52.640        80
52.660       120
52.680       127
52.700       120
52.720        70
52.740        67
52.760        43
52.780        87
52.800        63
52.820        77
52.840        57
52.860        50
52.880        30
52.900        30
52.920        13
52.940        17
52.960        13
52.980        23
53.000        13
53.020        33
53.040        47
53.060        40
53.080        23
53.100        17
53.120        23
53.140        23
53.160        17
53.180        13
53.200        20
53.220        33
53.240        13
53.260        20
53.280        30
53.300        13
53.320        10
53.340        37
53.360         7
53.380        20
53.400        13
53.420        20
53.440        10
53.460        33
53.480        20
53.500        13
53.520        17
53.540        13
53.560        27
53.580        27
53.600        13
53.620        17
53.640        17
53.660         3
53.680        23
53.700        17
53.720        20
53.740        10
53.760        13
53.780        40
53.800        17
53.820        23
53.840         3
53.860        10
53.880         7
53.900        17
53.920        13
53.940        20
53.960        13
53.980         7
54.000        10
54.020        23
54.040        13
54.060         7
54.080        10
54.100        13
54.120        10
54.140        17
54.160        33
54.180        13
54.200         7
54.220        27
54.240        17
54.260        10
54.280        20
54.300        13
54.320        27
54.340        40
54.360        10
54.380         7
54.400        23
54.420        23
54.440        30
54.460        13
54.480        17
54.500        10
54.520         7
54.540        10
54.560         7
54.580        10
54.600        13
54.620         7
54.640        10
54.660        23
54.680        23
54.700        27
54.720        23
54.740        20
54.760        13
54.780        13
54.800        17
54.820        10
54.840        23
54.860        17
54.880        13
54.900        10
54.920        13
54.940         3
54.960        17
54.980        17
55.000        27
55.020        13
55.040        23
55.060         7
55.080        20
55.100        20
55.120        10
55.140        37
55.160        17
55.180        17
55.200        33
55.220        23
55.240        13
55.260        30
55.280        27
55.300        27
55.320        23
55.340        20
55.360        13
55.380        10
55.400        27
55.420        10
55.440        13
55.460        23
55.480        20
55.500        23
55.520        23
55.540         3
55.560        17
55.580        30
55.600        33
55.620        13
55.640        17
55.660        23
55.680        27
55.700        37
55.720        17
55.740        10
55.760         3
55.780        23
55.800        20
55.820        13
55.840        13
55.860        27
55.880        10
55.900        17
55.920        17
55.940        23
55.960        17
55.980        17
56.000        20
56.020        10
56.040        33
56.060        23
56.080         7
56.100        20
56.120         7
56.140        27
56.160         3
56.180        20
56.200        13
56.220        17
56.240        17
56.260        20
56.280        20
56.300        13
56.320        33
56.340        17
56.360        23
56.380        10
56.400        13
56.420        23
56.440        27
56.460        13
56.480        33
56.500        17
56.520         3
56.540         7
56.560         7
56.580        23
56.600        17
56.620        17
56.640        13
56.660        23
56.680        33
56.700        13
56.720        10
56.740        33
56.760         3
56.780        23
56.800        30
56.820        10
56.840        17
56.860        10
56.880        17
56.900         7
56.920        13
56.940        20
56.960        20
56.980        10
57.000        20
57.020         7
57.040        20
57.060        33
57.080        20
57.100        23
57.120        17
57.140        17
57.160        10
57.180        20
57.200        13
57.220        20
57.240        17
57.260        27
57.280        10
57.300        23
57.320        20
57.340        23
57.360        27
57.380        30
57.400        10
57.420        30
57.440        20
57.460        33
57.480        20
57.500        27
57.520        33
57.540        83
57.560        83
57.580        90
57.600       137
57.620       113
57.640       110
57.660        77
57.680        93
57.700        60
57.720        57
57.740        87
57.760        77
57.780        83
57.800        83
57.820        63
57.840        30
57.860        17
57.880        20
57.900        13
57.920        30
57.940        17
57.960        23
57.980        17
58.000        27
58.020        27
58.040        10
58.060        17
58.080        30
58.100        20
58.120        13
58.140        10
58.160        27
58.180        17
58.200        20
58.220        27
58.240        17
58.260         0
58.280         7
58.300        23
58.320        10
58.340        10
58.360        20
58.380        17
58.400        27
58.420        13
58.440        20
58.460        17
58.480        13
58.500        17
58.520        20
58.540        10
58.560        20
58.580        23
58.600         0
58.620        17
58.640        20
58.660        17
58.680         7
58.700        10
58.720        13
58.740        27
58.760        17
58.780        10
58.800        23
58.820        20
58.840         3
58.860        13
58.880        10
58.900        17
58.920        17
58.940        20
58.960        17
58.980        17
59.000        10
59.020        13
59.040        27
59.060        17
59.080        10
59.100        10
59.120        10
59.140        13
59.160         7
59.180        20
59.200        23
59.220        17
59.240         7
59.260        17
59.280        17
59.300        10
59.320        13
59.340         7
59.360        27
59.380        10
59.400        20
59.420        10
59.440         3
59.460        20
59.480         3
59.500        23
59.520        20
59.540        27
59.560        13
59.580        20
59.600        33
59.620        23
59.640        13
59.660        20
59.680        23
59.700        17
59.720        13
59.740        20
59.760        10
59.780        10
59.800        20
59.820        17
59.840        17
59.860        17
59.880        17
59.900        20
59.920        23
59.940        13
59.960         7
59.980         0
60.000        13
