20.000        67
20.020        60
20.040        50
20.060        40
20.080        73
20.100        63
20.120        37
20.140        20
20.160        50
20.180        53
20.200        20
20.220        47
20.240        50
20.260        53
20.280        27
20.300        43
20.320        40
20.340        43
20.360        43
20.380        47
20.400        57
20.420        33
20.440        43
20.460        47
20.480        67
20.500        43
20.520        57
20.540        47
20.560        27
20.580        70
20.600        73
20.620        27
20.640        63
20.660        40
20.680        67
20.700        43
20.720        33
20.740        63
20.760        43
20.780        33
20.800        43
20.820        33
20.840        53
20.860        70
20.880        70
20.900        53
20.920        43
20.940        37
20.960        40
20.980        27
21.000        43
21.020        37
21.040        47
21.060        60
21.080        43
21.100        50
21.120        23
21.140        13
21.160        43
21.180        53
21.200        30
21.220        33
21.240        50
21.260        57
21.280        37
21.300        53
21.320        47
21.340        53
21.360        60
21.380        37
21.400        33
21.420        43
21.440        50
21.460        73
21.480        50
21.500        40
21.520        47
21.540        37
21.560        47
21.580        60
21.600        50
21.620        73
21.640        63
21.660        33
21.680        37
21.700        30
21.720        40
21.740        37
21.760        50
21.780        20
21.800        60
21.820        53
21.840        47
21.860        53
21.880        23
21.900        63
21.920        37
21.940        30
21.960        67
21.980        70
22.000        57
22.020        63
22.040        70
22.060        47
22.080       103
22.100        33
22.120        83
22.140        70
22.160        57
22.180        70
22.200        90
22.220        87
22.240        93
22.260        90
22.280       110
22.300       117
22.320       113
22.340       177
22.360       150
22.380       137
22.400       193
22.420       177
22.440       150
22.460       187
22.480       163
22.500       230
22.520       193
22.540       257
22.560       200
22.580       190
22.600       193
22.620       177
22.640       183
22.660       187
22.680       190
22.700       177
22.720       223
22.740       140
22.760       173
22.780       147
22.800       117
22.820       183
22.840       160
22.860       193
22.880        70
22.900       100
22.920       120
22.940       110
22.960        87
22.980        97
23.000        73
23.020        50
23.040       140
23.060        67
23.080        90
23.100        63
23.120        70
23.140        50
23.160        70
23.180        73
23.200       103
23.220        87
23.240        67
23.260        43
23.280        53
23.300        60
23.320        33
23.340        50
23.360        40
23.380        70
23.400        40
23.420        60
23.440        43
23.460        90
23.480        53
23.500        50
23.520        47
23.540        40
23.560        50
23.580        43
23.600        43
23.620        53
23.640        53
23.660        27
23.680        30
23.700        43
23.720        47
23.740        47
23.760        50
23.780        37
23.800        57
23.820        77
23.840        33
23.860        53
23.880        37
23.900        60
23.920        47
23.940        33
23.960        77
23.980        47
24.000        50
24.020        53
24.040        47
24.060        30
24.080        67
24.100        40
24.120        60
24.140        37
24.160        37
24.180        53
24.200        47
24.220        40
24.240        57
24.260        57
24.280        57
24.300        57
24.320        20
24.340        50
24.360        30
24.380        43
24.400        40
24.420        40
24.440        43
24.460        43
24.480        47
24.500        50
24.520        50
24.540        53
24.560        33
24.580        33
24.600        47
24.620        33
24.640        40
24.660        53
24.680        40
24.700        63
24.720        60
24.740        27
24.760        40
24.780        57
24.800        10
24.820        53
24.840        50
24.860        43
24.880        40
24.900        37
24.920        30
24.940        37
24.960        40
24.980        57
25.000        57
25.020        43
25.040        40
25.060        57
25.080        37
25.100        47
25.120        27
25.140        63
25.160        33
25.180        43
25.200        50
25.220        40
25.240        37
25.260        37
25.280        40
25.300        37
25.320        37
25.340        57
25.360        53
25.380        27
25.400        43
25.420        60
25.440        30
25.460        70
25.480        40
25.500        37
25.520        50
25.540        67
25.560        40
25.580        37
25.600        53
25.620        30
25.640        50
25.660        60
25.680        43
25.700        50
25.720        43
25.740        57
25.760        43
25.780        30
25.800        40
25.820        57
25.840        37
25.860        40
25.880        47
25.900        23
25.920        47
25.940        53
25.960        33
25.980        43
26.000        53
26.020        43
26.040        40
26.060        53
26.080        47
26.100        43
26.120        47
26.140        30
26.160        37
26.180        50
26.200        43
26.220        43
26.240        57
26.260        37
26.280        37
26.300        37
26.320        23
26.340        43
26.360        23
26.380        20
26.400        50
26.420        33
26.440        43
26.460        43
26.480        47
26.500        30
26.520        37
26.540        20
26.560        33
26.580        40
26.600        50
26.620        17
26.640        37
26.660        23
26.680        27
26.700        53
26.720        30
26.740        23
26.760        23
26.780        40
26.800        53
26.820        23
26.840        43
26.860        57
26.880        27
26.900        37
26.920        33
26.940        30
26.960        23
26.980        53
27.000        37
27.020        27
27.040        40
27.060        40
27.080        53
27.100        57
27.120        27
27.140        47
27.160        27
27.180        27
27.200        33
27.220        30
27.240        40
27.260        47
27.280        33
27.300        27
27.320        30
27.340        40
27.360        47
27.380        37
27.400        30
27.420        33
27.440        33
27.460        33
27.480        50
27.500        33
27.520        33
27.540        27
27.560        37
27.580        33
27.600        37
27.620        30
27.640        40
27.660        23
27.680        33
27.700        43
27.720        37
27.740        40
27.760        40
27.780        23
27.800        47
27.820        47
27.840        33
27.860        30
27.880        53
27.900        40
27.920        60
27.940        50
27.960        40
27.980        23
28.000        23
28.020        30
28.040        23
28.060        37
28.080        33
28.100        13
28.120        37
28.140        27
28.160        33
28.180        47
28.200        37
28.220        17
28.240        17
28.260         7
28.280        57
28.300        33
28.320        40
28.340        50
28.360        43
28.380        40
28.400        37
28.420        33
28.440        43
28.460        37
28.480        40
28.500        37
28.520        17
28.540        40
28.560        23
28.580        30
28.600        43
28.620        40
28.640        40
28.660        57
28.680        30
28.700        53
28.720        30
28.740        20
28.760        30
28.780        20
28.800        40
28.820        20
28.840        60
28.860        37
28.880        33
28.900        27
28.920        53
28.940        23
28.960        33
28.980        30
29.000        17
29.020        40
29.040        13
29.060        33
29.080        33
29.100        37
29.120        17
29.140        50
29.160        27
29.180        57
29.200        27
29.220        27
29.240        27
29.260        40
29.280        57
29.300        37
29.320        47
29.340        43
29.360        40
29.380        30
29.400        30
29.420        37
29.440        30
29.460        20
29.480        43
29.500        50
29.520        43
29.540        13
29.560        30
29.580        37
29.600        40
29.620        20
29.640        17
29.660        37
29.680        23
29.700        37
29.720        27
29.740        37
29.760        47
29.780        23
29.800        37
29.820        23
29.840        33
29.860        23
29.880        10
29.900        23
29.920        17
29.940        43
29.960        20
29.980        33
30.000        33
30.020        33
30.040        37
30.060        27
30.080        17
30.100        43
30.120        23
30.140        27
30.160        43
30.180        20
30.200        13
30.220        17
30.240        23
30.260        37
30.280        20
30.300        23
30.320        33
30.340        43
30.360        20
30.380        27
30.400        30
30.420        27
30.440        10
30.460        20
30.480        30
30.500        23
30.520        27
30.540        37
30.560        37
30.580        27
30.600        53
30.620        23
30.640        43
30.660        13
30.680        23
30.700        33
30.720        30
30.740        40
30.760        33
30.780        23
30.800        47
30.820        50
30.840        27
30.860        53
30.880        13
30.900        40
30.920        30
30.940        23
30.960        37
30.980        33
31.000        47
31.020        17
31.040        37
31.060        43
31.080        20
31.100        37
31.120        33
31.140        33
31.160        27
31.180        33
31.200        20
31.220        33
31.240        27
31.260        40
31.280        37
31.300        40
31.320        23
31.340        27
31.360        53
31.380        20
31.400        20
31.420        33
31.440        30
31.460        27
31.480        53
31.500        43
31.520        30
31.540        73
31.560        13
31.580        27
31.600        27
31.620        37
31.640        53
31.660        40
31.680        27
31.700        40
31.720        53
31.740        40
31.760        70
31.780        43
31.800        47
31.820        33
31.840        67
31.860        77
31.880        40
31.900        27
31.920        40
31.940        77
31.960        63
31.980       103
32.000        87
32.020        97
32.040        93
32.060        83
32.080        90
32.100        97
32.120        97
32.140       133
32.160       113
32.180       147
32.200       183
32.220       170
32.240       167
32.260       170
32.280       157
32.300       143
32.320       217
32.340       163
32.360       200
32.380       183
32.400       143
32.420       123
32.440       167
32.460       140
32.480       147
32.500        90
32.520       103
32.540        80
32.560        90
32.580        80
32.600       117
32.620        83
32.640        67
32.660        77
32.680        70
32.700        57
32.720        63
32.740        43
32.760        40
32.780        47
32.800        50
32.820        37
32.840        57
32.860        27
32.880        77
32.900        30
32.920        33
32.940        27
32.960        33
32.980        60
33.000        47
33.020        27
33.040        43
33.060        37
33.080        17
33.100        37
33.120        10
33.140        53
33.160        47
33.180        20
33.200        23
33.220        27
33.240        30
33.260        33
33.280        30
33.300        30
33.320        23
33.340        30
33.360        33
33.380        30
33.400        30
33.420        33
33.440        53
33.460        10
33.480        33
33.500        23
33.520        57
33.540        37
33.560        10
33.580        37
33.600        30
33.620        37
33.640        20
33.660        20
33.680        30
33.700        40
33.720        30
33.740        37
33.760        30
33.780        43
33.800        17
33.820        40
33.840        23
33.860        33
33.880        27
33.900        50
33.920        30
33.940        27
33.960        53
33.980        23
34.000        37
34.020        27
34.040        23
34.060        40
34.080        23
34.100        37
34.120        37
34.140        47
34.160        33
34.180        20
34.200        33
34.220        43
34.240        33
34.260        37
34.280        53
34.300        57
34.320        20
34.340        20
34.360        27
34.380        33
34.400        23
34.420        27
34.440        23
34.460        30
34.480        23
34.500        23
34.520        27
34.540        10
34.560        20
34.580        53
34.600        20
34.620        33
34.640        20
34.660        27
34.680        20
34.700        20
34.720        23
34.740        30
34.760        10
34.780        27
34.800        50
34.820        17
34.840        47
34.860        10
34.880        40
34.900        23
34.920        23
34.940        53
34.960        33
34.980        33
35.000        50
35.020        30
35.040        20
35.060        33
35.080        37
35.100        80
35.120       113
35.140       163
35.160       180
35.180       143
35.200       137
35.220       107
35.240       107
35.260       117
35.280        83
35.300        73
35.320        57
35.340        60
35.360        30
35.380        37
35.400        40
35.420        43
35.440        33
35.460        17
35.480        33
35.500        33
35.520        37
35.540        30
35.560        23
35.580        23
35.600        33
35.620        33
35.640        30
35.660        23
35.680        33
35.700        17
35.720        33
35.740        30
35.760        27
35.780        40
35.800        30
35.820        27
35.840        30
35.860        23
35.880        33
35.900        17
35.920        30
35.940        13
35.960        27
35.980        17
36.000        37
36.020        37
36.040        27
36.060        27
36.080        27
36.100        40
36.120        13
36.140        33
36.160        13
36.180        30
36.200        23
36.220        30
36.240        10
36.260        43
36.280        47
36.300        27
36.320        23
36.340        33
36.360        37
36.380        40
36.400        17
36.420        43
36.440        37
36.460        20
36.480        33
36.500        30
36.520        20
36.540        13
36.560        27
36.580        33
36.600        30
36.620        27
36.640        23
36.660        30
36.680        40
36.700        27
36.720        23
36.740        37
36.760        20
36.780        33
36.800        40
36.820        23
36.840        33
36.860        37
36.880        27
36.900        33
36.920        27
36.940        53
36.960        43
36.980        60
37.000        27
37.020        20
37.040        30
37.060        33
37.080        27
37.100        47
37.120        23
37.140        30
37.160        30
37.180        23
37.200        33
37.220        20
37.240        17
37.260        33
37.280        20
37.300        23
37.320        23
37.340        23
37.360        47
37.380        37
37.400        13
37.420        23
37.440        17
37.460        40
37.480        23
37.500        37
37.520        30
37.540        33
37.560         7
37.580        23
37.600        47
37.620        20
37.640        27
37.660        40
37.680        30
37.700        50
37.720        63
37.740       117
37.760       193
37.780       177
37.800       137
37.820       150
37.840        93
37.860       127
37.880       133
37.900       113
37.920        50
37.940        40
37.960        23
37.980        37
38.000        20
38.020        23
38.040        20
38.060        10
38.080        47
38.100        20
38.120        37
38.140        20
38.160        33
38.180        33
38.200        20
38.220        27
38.240        40
38.260        10
38.280        20
38.300        30
38.320        23
38.340        33
38.360        23
38.380        33
38.400        20
38.420        33
38.440        30
38.460        27
38.480        20
38.500        17
38.520        27
38.540        20
38.560        37
38.580        20
38.600        23
38.620        13
38.640        20
38.660        27
38.680        20
38.700        30
38.720        57
38.740        27
38.760        27
38.780        33
38.800        13
38.820        13
38.840        27
38.860        27
38.880        13
38.900        37
38.920        13
38.940        17
38.960        43
38.980        37
39.000        23
39.020        23
39.040        13
39.060        13
39.080        20
39.100        17
39.120        13
39.140        37
39.160        33
39.180        17
39.200        23
39.220        23
39.240        37
39.260        30
39.280        30
39.300        13
39.320        23
39.340        30
39.360        20
39.380        20
39.400        33
39.420        30
39.440        17
39.460        17
39.480        27
39.500        10
39.520        43
39.540        33
39.560        40
39.580        43
39.600        30
39.620        20
39.640        13
39.660        53
39.680        37
39.700        27
39.720        50
39.740        33
39.760        27
39.780        20
39.800        40
39.820        30
39.840        47
39.860        53
39.880        23
39.900        33
39.920        20
39.940        50
39.960        40
39.980        47
40.000        50
40.020        27
40.040        60
40.060        33
40.080        43
40.100        33
40.120        77
40.140        53
40.160        33
40.180        43
40.200        40
40.220        30
40.240        30
40.260        33
40.280        43
40.300        40
40.320        33
40.340        30
40.360        27
40.380        23
40.400        33
40.420        33
40.440        17
40.460        23
40.480        50
40.500        33
40.520        20
40.540        17
40.560        37
40.580        23
40.600        17
40.620        27
40.640        27
40.660        27
40.680        33
40.700        30
40.720        17
40.740        30
40.760        33
40.780         7
40.800        20
40.820        27
40.840        40
40.860        23
40.880        37
40.900        33
40.920        27
40.940        43
40.960        30
40.980        27
41.000        37
41.020        27
41.040        23
41.060        33
41.080        17
41.100        27
41.120        50
41.140        20
41.160        53
41.180        20
41.200        23
41.220        30
41.240        30
41.260        17
41.280        20
41.300        47
41.320        27
41.340        47
41.360        33
41.380        43
41.400        27
41.420        17
41.440        40
41.460        37
41.480        30
41.500        53
41.520        57
41.540        47
41.560        77
41.580        57
41.600        77
41.620       107
41.640       163
41.660       200
41.680       220
41.700       200
41.720       160
41.740       150
41.760       117
41.780        97
41.800       117
41.820        77
41.840        87
41.860        60
41.880        20
41.900        27
41.920        27
41.940        27
41.960        27
41.980        50
42.000        40
42.020        37
42.040        27
42.060        30
42.080        47
42.100        30
42.120        30
42.140        50
42.160        27
42.180        23
42.200        23
42.220        20
42.240        23
42.260        17
42.280        30
42.300        20
42.320        30
42.340        17
42.360        17
42.380        20
42.400        30
42.420        17
42.440        43
42.460        33
42.480        27
42.500        30
42.520        27
42.540        20
42.560        33
42.580        43
42.600        20
42.620        43
42.640        20
42.660        37
42.680        40
42.700        37
42.720        13
42.740        23
42.760        20
42.780        27
42.800        37
42.820        40
42.840        30
42.860        17
42.880        40
42.900        30
42.920        30
42.940        43
42.960        43
42.980        17
43.000        23
43.020        43
43.040        57
43.060        17
43.080        27
43.100        30
43.120        47
43.140        33
43.160        23
43.180        43
43.200        30
43.220        37
43.240        37
43.260        30
43.280        30
43.300        53
43.320        73
43.340        90
43.360       107
43.380        83
43.400        67
43.420        47
43.440        40
43.460        63
43.480        83
43.500        37
43.520        37
43.540        30
43.560        57
43.580        33
43.600        47
43.620        23
43.640        27
43.660        40
43.680        43
43.700        37
43.720        27
43.740        50
43.760        30
43.780        37
43.800        37
43.820        27
43.840        47
43.860        33
43.880        27
43.900        53
43.920        30
43.940        17
43.960        40
43.980        53
44.000        27
44.020        43
44.040        30
44.060        37
44.080        50
44.100        53
44.120        57
44.140        43
44.160        33
44.180        53
44.200        50
44.220        53
44.240        80
44.260        70
44.280        40
44.300        63
44.320        63
44.340        60
44.360        40
44.380        47
44.400        47
44.420        63
44.440        53
44.460        30
44.480        80
44.500        83
44.520        60
44.540        60
44.560       107
44.580        93
44.600        47
44.620        80
44.640        73
44.660       130
44.680        80
44.700        87
44.720        83
44.740        77
44.760       117
44.780       110
44.800       107
44.820       130
44.840       127
44.860        83
44.880       110
44.900       113
44.920       170
44.940       130
44.960       137
44.980       100
45.000       143
45.020       147
45.040       160
45.060       207
45.080       117
45.100       180
45.120       140
45.140       207
45.160       210
45.180       190
45.200       243
45.220       207
45.240       227
45.260       200
45.280       273
45.300       253
45.320       283
45.340       270
45.360       343
45.380       347
45.400       383
45.420       400
45.440       456
45.460       456
45.480       360
45.500       483
45.520       550
45.540       653
45.560       610
45.580       690
45.600       660
45.620       720
45.640       756
45.660       773
45.680       830
45.700       776
45.720       886
45.740       990
45.760      1076
45.780      1056
45.800      1156
45.820      1250
45.840      1083
45.860      1166
45.880      1203
45.900      1269
45.920      1379
45.940      1489
45.960      1329
45.980      1423
46.000      1406
46.020      1453
46.040      1373
46.060      1493
46.080      1446
46.100      1513
46.120      1436
46.140      1413
46.160      1433
46.180      1396
46.200      1286
46.220      1230
46.240      1273
46.260      1296
46.280      1176
46.300      1200
46.320      1176
46.340      1056
46.360      1016
46.380      1020
46.400       923
46.420       883
46.440       846
46.460       803
46.480       793
46.500       820
46.520       800
46.540       650
46.560       656
46.580       673
46.600       623
46.620       530
46.640       480
46.660       526
46.680       436
46.700       486
46.720       417
46.740       450
46.760       460
46.780       370
46.800       377
46.820       310
46.840       337
46.860       347
46.880       317
46.900       257
46.920       240
46.940       233
46.960       230
46.980       217
47.000       200
47.020       203
47.040       207
47.060       197
47.080       163
47.100       180
47.120       137
47.140       127
47.160       173
47.180       157
47.200       130
47.220       170
47.240       140
47.260       123
47.280       123
47.300        87
47.320        90
47.340        97
47.360        97
47.380        90
47.400        93
47.420        70
47.440        83
47.460        77
47.480        70
47.500        87
47.520        93
47.540        80
47.560       107
47.580        80
47.600       100
47.620        90
47.640        83
47.660        50
47.680        57
47.700        60
47.720        60
47.740        60
47.760        73
47.780        93
47.800        73
47.820        57
47.840        63
47.860        63
47.880        30
47.900        33
47.920        47
47.940        63
47.960        60
47.980        53
48.000        70
48.020        40
48.040        53
48.060        53
48.080        57
48.100        83
48.120        40
48.140        60
48.160        50
48.180        77
48.200        63
48.220        50
48.240        57
48.260        50
48.280        30
48.300        63
48.320        53
48.340        57
48.360        30
48.380        60
48.400        67
48.420        37
48.440        67
48.460        43
48.480        40
48.500        17
48.520        57
48.540        33
48.560        23
48.580        53
48.600        30
48.620        20
48.640        23
48.660        23
48.680        53
48.700        50
48.720        37
48.740        60
48.760        67
48.780        47
48.800        30
48.820        60
48.840        43
48.860        23
48.880        47
48.900        20
48.920        27
48.940        30
48.960        43
48.980        27
49.000        43
49.020        40
49.040        37
49.060        30
49.080        53
49.100        23
49.120        43
49.140        20
49.160        27
49.180        40
49.200        33
49.220        37
49.240        33
49.260        43
49.280        40
49.300        33
49.320        30
49.340        30
49.360        27
49.380        30
49.400        43
49.420        37
49.440        37
49.460        53
49.480        20
49.500        33
49.520        27
49.540        30
49.560        37
49.580        33
49.600        33
49.620        23
49.640        50
49.660        13
49.680        43
49.700        20
49.720        40
49.740        20
49.760        40
49.780        33
49.800        23
49.820        40
49.840        37
49.860        33
49.880        23
49.900        27
49.920        20
49.940        37
49.960        20
49.980        40
50.000        37
50.020        10
50.040        37
50.060        47
50.080        27
50.100        40
50.120         3
50.140        20
50.160        40
50.180        33
50.200        33
50.220        27
50.240        30
50.260        40
50.280        20
50.300        43
50.320        30
50.340        20
50.360        20
50.380        27
50.400        27
50.420        27
50.440        30
50.460        43
50.480        17
50.500        37
50.520        33
50.540         7
50.560        17
50.580        33
50.600        10
50.620        30
50.640        33
50.660        43
50.680        30
50.700        30
50.720        27
50.740        53
50.760        20
50.780        20
50.800        27
50.820        53
50.840        40
50.860        53
50.880        17
50.900        20
50.920        10
50.940        40
50.960        23
50.980        13
51.000        23
51.020        33
51.040        27
51.060        23
51.080        23
51.100        30
51.120        23
51.140        27
51.160        23
51.180        33
51.200        27
51.220        17
51.240        13
51.260        23
51.280        37
51.300        33
51.320        37
51.340        10
51.360        13
51.380        40
51.400        23
51.420        30
51.440        20
51.460        43
51.480        23
51.500        33
51.520        37
51.540        20
51.560        43
51.580        27
51.600        23
51.620        27
51.640        47
51.660        30
51.680        20
51.700        33
51.720        43
51.740        27
51.760        13
51.780        17
51.800        10
51.820        13
51.840        20
51.860        20
51.880        23
51.900        23
51.920         7
51.940        20
51.960        23
51.980        23
52.000        20
52.020        20
52.040        33
52.060        27
52.080        40
52.100        20
52.120        40
52.140        17
52.160        30
52.180        20
52.200        20
52.220        40
52.240        33
52.260        27
52.280        33
52.300        17
52.320        27
52.340        13
52.360        30
52.380        13
52.400        23
52.420        10
52.440        47
52.460        23
52.480        30
52.500        17
52.520        27
52.540        50
52.560        17
52.580        33
52.600        23
52.620        33
52.640        17
52.660        30
52.680        37
52.700        40
52.720        17
52.740        23
52.760        23
52.780        27
52.800        17
52.820        20
52.840        20
52.860        20
52.880        27
52.900        33
52.920        20
52.940        30
52.960        17
52.980        17
53.000         7
53.020        13
53.040        27
53.060        27
53.080        10
53.100        30
53.120        23
53.140         7
53.160        33
53.180        27
53.200        17
53.220        10
53.240        23
53.260        20
53.280        17
53.300        23
53.320        37
53.340        27
53.360        10
53.380        13
53.400        20
53.420        27
53.440        23
53.460        27
53.480        40
53.500        17
53.520        17
53.540        27
53.560        13
53.580        20
53.600        10
53.620        30
53.640        23
53.660        13
53.680        27
53.700        23
53.720        30
53.740        10
53.760        23
53.780        17
53.800        33
53.820        17
53.840        23
53.860        27
53.880        27
53.900        13
53.920         7
53.940        23
53.960        10
53.980        13
54.000        20
54.020        23
54.040        17
54.060        17
54.080        10
54.100        20
54.120        23
54.140        17
54.160        17
54.180        13
54.200        17
54.220         3
54.240        13
54.260        13
54.280        13
54.300        33
54.320         3
54.340        17
54.360        23
54.380        13
54.400        27
54.420        10
54.440        20
54.460         7
54.480        37
54.500        27
54.520        27
54.540        13
54.560        17
54.580        37
54.600        13
54.620        17
54.640        10
54.660        17
54.680        23
54.700        17
54.720        27
54.740        23
54.760        10
54.780         3
54.800        17
54.820        27
54.840        23
54.860        23
54.880        17
54.900        17
54.920        33
54.940        17
54.960        23
54.980        20
55.000        23
55.020        20
55.040        30
55.060        17
55.080        13
55.100        13
55.120        23
55.140        20
55.160        33
55.180        13
55.200        13
55.220        27
55.240        20
55.260        20
55.280        23
55.300        17
55.320         7
55.340        17
55.360        13
55.380        33
55.400         7
55.420        17
55.440         7
55.460        33
55.480        10
55.500        37
55.520        30
55.540        17
55.560        13
55.580        13
55.600        33
55.620         7
55.640        17
55.660        10
55.680        17
55.700        10
55.720        10
55.740        10
55.760        17
55.780        20
55.800        10
55.820        13
55.840        23
55.860        13
55.880        10
55.900        23
55.920        13
55.940        17
55.960        23
55.980         3
56.000        17
56.020         7
56.040        20
56.060        43
56.080        10
56.100        13
56.120        20
56.140        10
56.160        27
56.180        10
56.200        13
56.220        33
56.240        30
56.260        20
56.280        23
56.300         7
56.320        20
56.340        20
56.360        13
56.380         0
56.400        17
56.420        10
56.440        23
56.460         7
56.480        17
56.500        27
56.520        13
56.540         7
56.560        13
56.580        23
56.600         3
56.620        37
56.640        17
56.660        20
56.680        30
56.700        10
56.720        30
56.740        17
56.760        20
56.780        27
56.800        30
56.820        13
56.840        17
56.860        10
56.880        20
56.900        13
56.920        20
56.940        17
56.960        23
56.980        33
57.000        23
57.020        10
57.040        20
57.060        27
57.080        33
57.100        23
57.120        37
57.140         7
57.160        10
57.180        20
57.200        23
57.220        27
57.240        30
57.260        33
57.280        20
57.300        23
57.320        30
57.340        20
57.360         7
57.380        20
57.400        30
57.420        37
57.440        57
57.460        73
57.480        73
57.500       177
57.520       187
57.540       167
57.560       133
57.580        87
57.600        67
57.620        80
57.640        73
57.660       127
57.680        90
57.700        90
57.720        67
57.740        50
57.760        40
57.780        17
57.800        30
57.820        37
57.840        33
57.860        20
57.880        43
57.900        33
57.920        17
57.940         7
57.960        33
57.980        33
58.000        33
58.020         7
58.040        27
58.060        30
58.080        33
58.100        23
58.120        17
58.140        53
58.160        23
58.180        23
58.200        33
58.220        17
58.240        37
58.260        10
58.280        17
58.300        13
58.320        13
58.340        13
58.360        37
58.380        27
58.400        20
58.420        27
58.440        20
58.460        23
58.480        13
58.500         7
58.520        10
58.540        17
58.560        13
58.580        23
58.600        27
58.620        23
58.640        13
58.660        20
58.680        10
58.700        13
58.720         7
58.740        10
58.760        20
58.780        13
58.800        20
58.820        23
58.840         7
58.860        27
58.880        13
58.900        20
58.920        17
58.940        20
58.960        20
58.980        17
59.000        17
59.020        17
59.040        10
59.060        10
59.080        10
59.100        17
59.120        10
59.140        10
59.160        37
59.180        30
59.200         7
59.220        17
59.240         3
59.260        27
59.280        17
59.300        27
59.320        13
59.340        20
59.360         3
59.380        17
59.400        10
59.420         7
59.440         3
59.460        17
59.480        17
59.500        17
59.520        27
59.540        17
59.560        27
59.580         3
59.600        13
59.620        17
59.640        13
59.660        23
59.680        27
59.700        10
59.720        27
59.740        17
59.760        17
59.780        23
59.800        27
59.820        20
59.840        17
59.860        10
59.880        23
59.900         7
59.920        33
59.940        10
59.960        20
59.980         7
60.000         7
