20.000        23
20.020        23
20.040        53
20.060        60
20.080        30
20.100        77
20.120        47
20.140        53
20.160        50
20.180        60
20.200        70
20.220        43
20.240        53
20.260        67
20.280        33
20.300        40
20.320        50
20.340        43
20.360        23
20.380        33
20.400        57
20.420        60
20.440        63
20.460        50
20.480        67
20.500        43
20.520        60
20.540        37
20.560        27
20.580        53
20.600        53
20.620        40
20.640        27
20.660        43
20.680        37
20.700        27
20.720        40
20.740        33
20.760        37
20.780        40
20.800        63
20.820        37
20.840        53
20.860        30
20.880        53
20.900        27
20.920        23
20.940        30
20.960        27
20.980        50
21.000        50
21.020        43
21.040        63
21.060        77
21.080        33
21.100        43
21.120        43
21.140        57
21.160        47
21.180        40
21.200        57
21.220        53
21.240        40
21.260        37
21.280        57
21.300        40
21.320        50
21.340        40
21.360        73
21.380        43
21.400        43
21.420        40
21.440        57
21.460        60
21.480        67
21.500        40
21.520        57
21.540        40
21.560        50
21.580        33
21.600        43
21.620        20
21.640        60
21.660        30
21.680        60
21.700        37
21.720        53
21.740        53
21.760        60
21.780        43
21.800        40
21.820        40
21.840        30
21.860        57
21.880        30
21.900        67
21.920        57
21.940        40
21.960        50
21.980        40
22.000        63
22.020        67
22.040        47
22.060        53
22.080        73
22.100        37
22.120        60
22.140        37
22.160        87
22.180        70
22.200        70
22.220        67
22.240        83
22.260        77
22.280        93
22.300        83
22.320       110
22.340        90
22.360       113
22.380       120
22.400        90
22.420       110
22.440       127
22.460       103
22.480       130
22.500       107
22.520        90
22.540       130
22.560       123
22.580       153
22.600       140
22.620       120
22.640       140
22.660        97
22.680       100
22.700        90
22.720       123
22.740       127
22.760       107
22.780       140
22.800       113
22.820        70
22.840        83
22.860       117
22.880        83
22.900        87
22.920        90
22.940        53
22.960        93
22.980        83
23.000        97
23.020        90
23.040       100
23.060        97
23.080        80
23.100        47
23.120        90
23.140        67
23.160        67
23.180        63
23.200        73
23.220        47
23.240        63
23.260        63
23.280        70
23.300        73
23.320        87
23.340        50
23.360        53
23.380        60
23.400        57
23.420        77
23.440        53
23.460        57
23.480        27
23.500        50
23.520        37
23.540        47
23.560        50
23.580        70
23.600        43
23.620        67
23.640        50
23.660        53
23.680        40
23.700        57
23.720        60
23.740        40
23.760        47
23.780        60
23.800        40
23.820        50
23.840        27
23.860        57
23.880        67
23.900        50
23.920        57
23.940        37
23.960        50
23.980        33
24.000        37
24.020        43
24.040        40
24.060        43
24.080        37
24.100        43
24.120        43
24.140        33
24.160        40
24.180        37
24.200        43
24.220        37
24.240        27
24.260        40
24.280        57
24.300        43
24.320        37
24.340        23
24.360        57
24.380        63
24.400        37
24.420        40
24.440        73
24.460        40
24.480        30
24.500        33
24.520        23
24.540        33
24.560        17
24.580        40
24.600        23
24.620        33
24.640        37
24.660        33
24.680        30
24.700        30
24.720        40
24.740        37
24.760        37
24.780        47
24.800        50
24.820        47
24.840        23
24.860        50
24.880        43
24.900        57
24.920        33
24.940        37
24.960        30
24.980        60
25.000        27
25.020        53
25.040        30
25.060        47
25.080        30
25.100        37
25.120        30
25.140        27
25.160        53
25.180        53
25.200        63
25.220        60
25.240        47
25.260        23
25.280        37
25.300        37
25.320        47
25.340        43
25.360        30
25.380        40
25.400        47
25.420        33
25.440        40
25.460        23
25.480        47
25.500        37
25.520        33
25.540        63
25.560        30
25.580        50
25.600        73
25.620        83
25.640        73
25.660        47
25.680        63
25.700        70
25.720        67
25.740        30
25.760        43
25.780        53
25.800        57
25.820        57
25.840        30
25.860        43
25.880        40
25.900        23
25.920        37
25.940        57
25.960        53
25.980        50
26.000        37
26.020        37
26.040        33
26.060        47
26.080        47
26.100        50
26.120        50
26.140        37
26.160        33
26.180        30
26.200        27
26.220        53
26.240        57
26.260        47
26.280        33
26.300        53
26.320        33
26.340        63
26.360        30
26.380        60
26.400        37
26.420        57
26.440        30
26.460        13
26.480        33
26.500        37
26.520        40
26.540        33
26.560        33
26.580        50
26.600        37
26.620        23
26.640        23
26.660        33
26.680        23
26.700        47
26.720        30
26.740        37
26.760        60
26.780        53
26.800        53
26.820        47
26.840        37
26.860        43
26.880        23
26.900        23
26.920        40
26.940        47
26.960        33
26.980        47
27.000        40
27.020        50
27.040        43
27.060        33
27.080        43
27.100        20
27.120        23
27.140        37
27.160        33
27.180        37
27.200        33
27.220        30
27.240        33
27.260        57
27.280        20
27.300        20
27.320        33
27.340        20
27.360        33
27.380        17
27.400        37
27.420        13
27.440        30
27.460        37
27.480        17
27.500        27
27.520        37
27.540        30
27.560        27
27.580        53
27.600        50
27.620        27
27.640        27
27.660        33
27.680        20
27.700        23
27.720        27
27.740        47
27.760        20
27.780        27
27.800        40
27.820        23
27.840        27
27.860        23
27.880        13
27.900        30
27.920        40
27.940        40
27.960        30
27.980        10
28.000        47
28.020        50
28.040        40
28.060        20
28.080        27
28.100        43
28.120        33
28.140        23
28.160        37
28.180        20
28.200        50
28.220        33
28.240        30
28.260        37
28.280        33
28.300        33
28.320        30
28.340        27
28.360        40
28.380        10
28.400        23
28.420        37
28.440        37
28.460        20
28.480        47
28.500        27
28.520        40
28.540        30
28.560        30
28.580        47
28.600        53
28.620        43
28.640        23
28.660        30
28.680        23
28.700        33
28.720        33
28.740        23
28.760        37
28.780        33
28.800        23
28.820        40
28.840        30
28.860        27
28.880        47
28.900        33
28.920        37
28.940        17
28.960        30
28.980        20
29.000        40
29.020        13
29.040        33
29.060        23
29.080        20
29.100        47
29.120        43
29.140        40
29.160        33
29.180        33
29.200        33
29.220        27
29.240        33
29.260        23
29.280        20
29.300        23
29.320        30
29.340        27
29.360        40
29.380        33
29.400        50
29.420        20
29.440        43
29.460        53
29.480        30
29.500        33
29.520        33
29.540        37
29.560        33
29.580        27
29.600        37
29.620        20
29.640        23
29.660        30
29.680        37
29.700        23
29.720        27
29.740        37
29.760        37
29.780        33
29.800        40
29.820        20
29.840        37
29.860        27
29.880        27
29.900        50
29.920        37
29.940        40
29.960        27
29.980        37
30.000        30
30.020        27
30.040        23
30.060        33
30.080        27
30.100        17
30.120        33
30.140        37
30.160        17
30.180        17
30.200        20
30.220        30
30.240        37
30.260        23
30.280        20
30.300        23
30.320        37
30.340        33
30.360        27
30.380        37
30.400        30
30.420        30
30.440        33
30.460        23
30.480        30
30.500        30
30.520        23
30.540        33
30.560        33
30.580        37
30.600        13
30.620        27
30.640        67
30.660        43
30.680        37
30.700        23
30.720        37
30.740        37
30.760        30
30.780        40
30.800        23
30.820        40
30.840        27
30.860        17
30.880        27
30.900        33
30.920        33
30.940        33
30.960        17
30.980        27
31.000        27
31.020        40
31.040        40
31.060        37
31.080        40
31.100        23
31.120        37
31.140        30
31.160        40
31.180        23
31.200        27
31.220        20
31.240        30
31.260        37
31.280        50
31.300        33
31.320        33
31.340        27
31.360        27
31.380        33
31.400        47
31.420        17
31.440        40
31.460        30
31.480        47
31.500        27
31.520        30
31.540        20
31.560        40
31.580        37
31.600        33
31.620        33
31.640        30
31.660        33
31.680        43
31.700        40
31.720        23
31.740        60
31.760        40
31.780        53
31.800        53
31.820        70
31.840        57
31.860        63
31.880        63
31.900        83
31.920       103
31.940        77
31.960        93
31.980       130
32.000       107
32.020       117
32.040       163
32.060       113
32.080       177
32.100       150
32.120       147
32.140       160
32.160       187
32.180       157
32.200       210
32.220       193
32.240       213
32.260       187
32.280       180
32.300       180
32.320       227
32.340       213
32.360       167
32.380       190
32.400       200
32.420       203
32.440       177
32.460       170
32.480       110
32.500       167
32.520       157
32.540       163
32.560       123
32.580       110
32.600       110
32.620       127
32.640        97
32.660       127
32.680       100
32.700        87
32.720       103
32.740        80
32.760        90
32.780        80
32.800        50
32.820        67
32.840        43
32.860        27
32.880        47
32.900        30
32.920        53
32.940        37
32.960        43
32.980        43
33.000        33
33.020        57
33.040        20
33.060        50
33.080        43
33.100        37
33.120        30
33.140        53
33.160        20
33.180        60
33.200        20
33.220        20
33.240        43
33.260        37
33.280        43
33.300        37
33.320        37
33.340        30
33.360        37
33.380        40
33.400        17
33.420        40
33.440        20
33.460        23
33.480        30
33.500        27
33.520        33
33.540        20
33.560        37
33.580        37
33.600        20
33.620        27
33.640        37
33.660        30
33.680        30
33.700        37
33.720        30
33.740        27
33.760        33
33.780        10
33.800        27
33.820        13
33.840        17
33.860        30
33.880        27
33.900        33
33.920        33
33.940        17
33.960        40
33.980        27
34.000        27
34.020        20
34.040        30
34.060         7
34.080        20
34.100        37
34.120        10
34.140        27
34.160        33
34.180        47
34.200        37
34.220        27
34.240        30
34.260        10
34.280        27
34.300        27
34.320        27
34.340        27
34.360         7
34.380        17
34.400        23
34.420        23
34.440        27
34.460        30
34.480        23
34.500        23
34.520        30
34.540        13
34.560        20
34.580        37
34.600        10
34.620        20
34.640         7
34.660        33
34.680        23
34.700        13
34.720        33
34.740        23
34.760        13
34.780        33
34.800        27
34.820        30
34.840        10
34.860        17
34.880        13
34.900        10
34.920        33
34.940        17
34.960        23
34.980        37
35.000        20
35.020        13
35.040        20
35.060        20
35.080        17
35.100        20
35.120        23
35.140        17
35.160        20
35.180        20
35.200        23
35.220        13
35.240        20
35.260        30
35.280        33
35.300        23
35.320        10
35.340        27
35.360        17
35.380        20
35.400        23
35.420        17
35.440        13
35.460        27
35.480         7
35.500        27
35.520        13
35.540        17
35.560        23
35.580        27
35.600        17
35.620        10
35.640        23
35.660        10
35.680        27
35.700         3
35.720        40
35.740        23
35.760         7
35.780        23
35.800         7
35.820        23
35.840        20
35.860        13
35.880        37
35.900        13
35.920        20
35.940        43
35.960        17
35.980        27
36.000        27
36.020         7
36.040        30
36.060        20
36.080        20
36.100        30
36.120        20
36.140        20
36.160        13
36.180        33
36.200        30
36.220        40
36.240         7
36.260        30
36.280        23
36.300        27
36.320        13
36.340        17
36.360        17
36.380        10
36.400        27
36.420        17
36.440        17
36.460        20
36.480        20
36.500         7
36.520        27
36.540        27
36.560        27
36.580        40
36.600        17
36.620        23
36.640        13
36.660        43
36.680        17
36.700        13
36.720        27
36.740        20
36.760         7
36.780        17
36.800        27
36.820        20
36.840        13
36.860        53
36.880        27
36.900        13
36.920        20
36.940         0
36.960        37
36.980        23
37.000        37
37.020        17
37.040        33
37.060        27
37.080        30
37.100        13
37.120        17
37.140        30
37.160        10
37.180        20
37.200        23
37.220         0
37.240        23
37.260        23
37.280        27
37.300        17
37.320        17
37.340        30
37.360        17
37.380        33
37.400        33
37.420        17
37.440        13
37.460        17
37.480        17
37.500         3
37.520        13
37.540        30
37.560        27
37.580        17
37.600        13
37.620        13
37.640        33
37.660        37
37.680        23
37.700        13
37.720        17
37.740        13
37.760        20
37.780        20
37.800        40
37.820        23
37.840        27
37.860        23
37.880        17
37.900        33
37.920        23
37.940        17
37.960        33
37.980        13
38.000        13
38.020        20
38.040        17
38.060        37
38.080        20
38.100        10
38.120        13
38.140        23
38.160        13
38.180        23
38.200        13
38.220        13
38.240        20
38.260        20
38.280        33
38.300        17
38.320        13
38.340        13
38.360        20
38.380        20
38.400        40
38.420        30
38.440        27
38.460        17
38.480        13
38.500        17
38.520        13
38.540        20
38.560        30
38.580        10
38.600        13
38.620        27
38.640        20
38.660        20
38.680        10
38.700        20
38.720        13
38.740        30
38.760        23
38.780        23
38.800        30
38.820        30
38.840        10
38.860        13
38.880        10
38.900        17
38.920        27
38.940        30
38.960        17
38.980        20
39.000        20
39.020        17
39.040        30
39.060        30
39.080        30
39.100        20
39.120        10
39.140        17
39.160        10
39.180        23
39.200        27
39.220        43
39.240        50
39.260        17
39.280        20
39.300        33
39.320        30
39.340        27
39.360         3
39.380        20
39.400        13
39.420        23
39.440        27
39.460        20
39.480        13
39.500        33
39.520        10
39.540        33
39.560        40
39.580        23
39.600        17
39.620        10
39.640        23
39.660        17
39.680        17
39.700        23
39.720        17
39.740        33
39.760        10
39.780        30
39.800        30
39.820        13
39.840        13
39.860        23
39.880        33
39.900        23
39.920        23
39.940        30
39.960        27
39.980        13
40.000        33
40.020        37
40.040        17
40.060        30
40.080        13
40.100        37
40.120        30
40.140        20
40.160        23
40.180        17
40.200        20
40.220        20
40.240        23
40.260        27
40.280        40
40.300        37
40.320        17
40.340        27
40.360        37
40.380        27
40.400        30
40.420        23
40.440        23
40.460        27
40.480        33
40.500        30
40.520        23
40.540        13
40.560        30
40.580        30
40.600        13
40.620        20
40.640        13
40.660        17
40.680        13
40.700        27
40.720        27
40.740        23
40.760        20
40.780        10
40.800        27
40.820        37
40.840        47
40.860        20
40.880        37
40.900        20
40.920        17
40.940        13
40.960        37
40.980        20
41.000        17
41.020        17
41.040        23
41.060        30
41.080        30
41.100        23
41.120        27
41.140        27
41.160        20
41.180        33
41.200        27
41.220        33
41.240        30
41.260        30
41.280        43
41.300        23
41.320        37
41.340        20
41.360        20
41.380        37
41.400        23
41.420        10
41.440        37
41.460        23
41.480        20
41.500        17
41.520        27
41.540        43
41.560        13
41.580        23
41.600        30
41.620        27
41.640        30
41.660        37
41.680        33
41.700        27
41.720        27
41.740        17
41.760        23
41.780        23
41.800        27
41.820        27
41.840        37
41.860        27
41.880        40
41.900        33
41.920        37
41.940        23
41.960        43
41.980        27
42.000        17
42.020        27
42.040        50
42.060        23
42.080        20
42.100        33
42.120        13
42.140        20
42.160        13
42.180        20
42.200        13
42.220        27
42.240        37
42.260        27
42.280        13
42.300        17
42.320        17
42.340        23
42.360        17
42.380        30
42.400        27
42.420        27
42.440        23
42.460        27
42.480        13
42.500        13
42.520        13
42.540        27
42.560        27
42.580        20
42.600        37
42.620        27
42.640        13
42.660        27
42.680        40
42.700        13
42.720        33
42.740        20
42.760        23
42.780        27
42.800        17
42.820        20
42.840        27
42.860        33
42.880        27
42.900        13
42.920        33
42.940        20
42.960        20
42.980        37
43.000        30
43.020        10
43.040        27
43.060        43
43.080        40
43.100        37
43.120        23
43.140        33
43.160        23
43.180        33
43.200        43
43.220        37
43.240        23
43.260        23
43.280        37
43.300        20
43.320        17
43.340        30
43.360        37
43.380        40
43.400        37
43.420        33
43.440        30
43.460        50
43.480        17
43.500        40
43.520        13
43.540        30
43.560        43
43.580        40
43.600        27
43.620        33
43.640        37
43.660        33
43.680        33
43.700        50
43.720        37
43.740        23
43.760        43
43.780        47
43.800        40
43.820        27
43.840        40
43.860        40
43.880        40
43.900        50
43.920        27
43.940        43
43.960        47
43.980        53
44.000        40
44.020        53
44.040        33
44.060        47
44.080        23
44.100        13
44.120        40
44.140        57
44.160        60
44.180        53
44.200        40
44.220        40
44.240        47
44.260        67
44.280        33
44.300        57
44.320        60
44.340        53
44.360        73
44.380        50
44.400        87
44.420        83
44.440        37
44.460        47
44.480        80
44.500        70
44.520       103
44.540        53
44.560        50
44.580        83
44.600        63
44.620        83
44.640        90
44.660        67
44.680       120
44.700       100
44.720       113
44.740       110
44.760        90
44.780       117
44.800        87
44.820        93
44.840       140
44.860        80
44.880       133
44.900       133
44.920       117
44.940       150
44.960       140
44.980       150
45.000       213
45.020       170
45.040       180
45.060       223
45.080       177
45.100       200
45.120       180
45.140       227
45.160       277
45.180       253
45.200       303
45.220       277
45.240       363
45.260       357
45.280       370
45.300       390
45.320       413
45.340       407
45.360       357
45.380       410
45.400       523
45.420       506
45.440       516
45.460       593
45.480       583
45.500       633
45.520       723
45.540       740
45.560       656
45.580       753
45.600       773
45.620       790
45.640       753
45.660       833
45.680       913
45.700       956
45.720       966
45.740       993
45.760      1010
45.780      1103
45.800      1113
45.820      1110
45.840      1106
45.860      1113
45.880      1123
45.900      1133
45.920      1150
45.940      1116
45.960      1003
45.980      1130
46.000      1173
46.020      1146
46.040      1110
46.060      1103
46.080      1113
46.100      1010
46.120       956
46.140       913
46.160      1050
46.180       873
46.200       873
46.220       926
46.240       936
46.260       816
46.280       740
46.300       796
46.320       853
46.340       776
46.360       700
46.380       706
46.400       726
46.420       600
46.440       570
46.460       680
46.480       510
46.500       596
46.520       553
46.540       516
46.560       480
46.580       486
46.600       377
46.620       440
46.640       453
46.660       393
46.680       380
46.700       330
46.720       317
46.740       350
46.760       370
46.780       320
46.800       337
46.820       287
46.840       217
46.860       257
46.880       263
46.900       273
46.920       203
46.940       227
46.960       237
46.980       193
47.000       180
47.020       160
47.040       187
47.060       190
47.080       150
47.100       160
47.120       160
47.140       177
47.160       130
47.180       153
47.200       137
47.220       140
47.240       173
47.260       143
47.280       127
47.300        90
47.320        87
47.340       110
47.360        77
47.380       107
47.400       123
47.420        90
47.440       100
47.460        97
47.480       103
47.500       117
47.520        90
47.540       123
47.560        67
47.580       100
47.600       103
47.620        63
47.640        77
47.660        93
47.680        97
47.700        90
47.720        60
47.740        80
47.760        90
47.780        70
47.800        63
47.820        80
47.840        70
47.860        80
47.880        83
47.900        33
47.920        47
47.940        70
47.960        43
47.980        73
48.000        50
48.020        57
48.040        53
48.060        50
48.080        73
48.100        87
48.120        33
48.140        57
48.160        53
48.180        30
48.200        57
48.220        30
48.240        57
48.260        53
48.280        47
48.300        47
48.320        40
48.340        50
48.360        40
48.380        50
48.400        60
48.420        70
48.440        50
48.460        57
48.480        60
48.500        20
48.520        53
48.540        60
48.560        27
48.580        33
48.600        40
48.620        23
48.640        50
48.660        27
48.680        40
48.700        37
48.720        50
48.740        40
48.760        60
48.780        40
48.800        30
48.820        30
48.840        40
48.860        40
48.880        33
48.900        37
48.920        37
48.940        43
48.960        40
48.980        40
49.000        33
49.020        47
49.040        43
49.060        40
49.080        43
49.100        40
49.120        37
49.140        33
49.160        33
49.180        40
49.200        33
49.220        37
49.240        30
49.260        20
49.280        20
49.300        57
49.320        30
49.340        33
49.360        30
49.380        33
49.400        40
49.420        57
49.440        37
49.460        37
49.480        53
49.500        20
49.520        27
49.540        43
49.560        30
49.580        33
49.600        40
49.620        37
49.640        20
49.660        30
49.680        20
49.700        33
49.720        27
49.740        23
49.760        50
49.780        47
49.800        23
49.820        30
49.840        23
49.860        37
49.880        30
49.900        43
49.920        50
49.940        33
49.960        43
49.980        50
50.000        30
50.020        20
50.040        47
50.060        30
50.080        20
50.100        27
50.120        40
50.140        27
50.160        40
50.180        37
50.200        23
50.220        27
50.240        10
50.260        30
50.280        20
50.300        30
50.320        77
50.340        20
50.360        30
50.380        40
50.400        37
50.420        27
50.440        27
50.460        30
50.480        23
50.500        30
50.520        37
50.540        30
50.560        23
50.580        27
50.600        33
50.620        20
50.640        57
50.660        23
50.680        27
50.700        37
50.720        30
50.740        40
50.760        37
50.780        37
50.800        40
50.820        27
50.840        37
50.860        17
50.880        20
50.900        40
50.920        43
50.940        37
50.960        23
50.980        27
51.000        33
51.020        40
51.040        40
51.060        33
51.080        40
51.100        33
51.120        27
51.140        17
51.160        37
51.180        40
51.200        43
51.220        47
51.240        47
51.260        33
51.280        30
51.300        53
51.320        27
51.340        30
51.360        20
51.380        37
51.400        47
51.420        27
51.440        47
51.460        40
51.480        30
51.500        57
51.520        47
51.540        40
51.560        50
51.580        43
51.600        57
51.620        43
51.640        53
51.660        60
51.680        43
51.700        50
51.720        50
51.740        50
51.760        37
51.780        33
51.800        33
51.820        43
51.840        60
51.860        40
51.880        43
51.900        53
51.920        30
51.940        50
51.960        73
51.980        60
52.000        67
52.020        57
52.040        43
52.060        53
52.080        43
52.100        53
52.120        43
52.140        47
52.160        73
52.180        47
52.200        77
52.220        40
52.240        47
52.260        63
52.280        87
52.300        43
52.320        50
52.340       113
52.360        57
52.380        53
52.400        87
52.420        77
52.440       120
52.460        50
52.480        97
52.500       113
52.520        87
52.540       110
52.560        80
52.580       133
52.600       143
52.620       143
52.640       247
52.660       357
52.680       483
52.700       823
52.720      1010
52.740      1033
52.760       866
52.780       543
52.800       473
52.820       360
52.840       426
52.860       543
52.880       563
52.900       470
52.920       320
52.940       153
52.960        97
52.980        80
53.000        67
53.020        63
53.040        77
53.060        73
53.080        87
53.100        70
53.120        67
53.140        80
53.160        57
53.180        73
53.200        60
53.220        57
53.240        47
53.260        63
53.280        37
53.300        43
53.320        70
53.340        80
53.360        50
53.380        53
53.400        33
53.420        43
53.440        40
53.460        33
53.480        60
53.500        30
53.520        37
53.540        40
53.560        27
53.580        27
53.600        37
53.620        30
53.640        27
53.660        50
53.680        27
53.700        37
53.720        47
53.740        13
53.760        20
53.780        30
53.800        27
53.820        33
53.840        43
53.860        23
53.880        47
53.900        20
53.920        43
53.940        17
53.960        27
53.980        27
54.000        23
54.020        40
54.040        27
54.060        23
54.080        43
54.100        37
54.120        27
54.140        33
54.160        40
54.180        37
54.200        40
54.220        33
54.240        33
54.260        27
54.280        27
54.300        33
54.320        23
54.340        40
54.360        13
54.380        27
54.400        27
54.420        17
54.440        27
54.460        23
54.480        30
54.500        13
54.520        37
54.540        43
54.560        10
54.580        30
54.600        17
54.620        13
54.640        33
54.660        40
54.680        43
54.700        43
54.720        33
54.740        27
54.760        23
54.780        10
54.800        40
54.820        30
54.840        13
54.860        17
54.880        50
54.900        23
54.920        30
54.940        27
54.960        30
54.980         7
55.000        13
55.020        27
55.040        27
55.060        30
55.080        27
55.100        13
55.120        23
55.140        23
55.160        13
55.180        27
55.200        33
55.220        23
55.240        13
55.260        20
55.280        30
55.300        17
55.320        17
55.340        13
55.360        27
55.380        17
55.400        33
55.420        27
55.440        30
55.460        37
55.480        20
55.500        17
55.520        23
55.540        20
55.560        20
55.580        33
55.600        20
55.620        33
55.640        27
55.660        23
55.680         3
55.700        27
55.720        33
55.740        23
55.760        33
55.780        20
55.800         7
55.820        23
55.840        10
55.860        17
55.880        17
55.900        33
55.920        23
55.940        17
55.960        10
55.980        30
56.000        10
56.020        13
56.040        40
56.060        20
56.080        27
56.100        20
56.120        13
56.140        17
56.160        17
56.180        17
56.200        27
56.220        30
56.240        30
56.260        23
56.280        27
56.300         7
56.320        37
56.340        23
56.360        17
56.380        30
56.400        23
56.420        23
56.440        20
56.460        17
56.480        20
56.500        20
56.520        23
56.540        30
56.560        30
56.580        20
56.600        20
56.620        23
56.640        23
56.660        23
56.680        30
56.700        23
56.720        27
56.740        30
56.760        17
56.780         7
56.800        30
56.820        17
56.840        23
56.860        17
56.880        20
56.900        27
56.920        17
56.940        10
56.960        33
56.980        13
57.000        37
57.020        23
57.040        13
57.060         3
57.080        17
57.100        27
57.120        20
57.140        23
57.160        27
57.180        13
57.200        27
57.220        23
57.240        23
57.260        23
57.280        20
57.300        10
57.320        23
57.340        17
57.360        17
57.380        23
57.400        43
57.420        27
57.440        13
57.460         3
57.480        13
57.500        27
57.520        33
57.540        20
57.560        30
57.580        27
57.600        20
57.620        43
57.640        20
57.660        17
57.680        23
57.700        17
57.720        33
57.740        20
57.760        17
57.780        17
57.800        37
57.820        27
57.840        27
57.860        30
57.880        33
57.900        33
57.920        40
57.940        23
57.960        13
57.980        20
58.000        37
58.020        23
58.040        20
58.060        10
58.080        20
58.100        17
58.120        13
58.140        30
58.160        17
58.180        27
58.200        17
58.220        17
58.240        37
58.260        20
58.280        23
58.300        13
58.320        23
58.340         3
58.360        13
58.380        10
58.400        17
58.420        23
58.440        17
58.460        20
58.480        30
58.500        37
58.520         3
58.540        23
58.560         7
58.580        23
58.600        27
58.620        20
58.640        17
58.660        17
58.680        13
58.700        20
58.720        23
58.740        33
58.760         7
58.780        13
58.800        23
58.820        10
58.840        27
58.860         7
58.880        10
58.900        13
58.920        23
58.940        27
58.960         7
58.980        23
59.000        17
59.020        37
59.040        10
59.060        30
59.080        20
59.100        20
59.120        17
59.140        17
59.160        13
59.180        17
59.200        13
59.220        30
59.240        17
59.260        20
59.280        20
59.300        17
59.320        20
59.340        20
59.360        20
59.380         3
59.400        20
59.420        23
59.440        20
59.460        10
59.480        13
59.500        23
59.520        30
59.540        13
59.560        10
59.580        10
59.600        13
59.620        20
59.640        23
59.660        10
59.680        13
59.700        13
59.720        13
59.740        17
59.760        17
59.780        20
59.800        37
59.820         7
59.840        20
59.860        20
59.880        23
59.900        20
59.920        27
59.940        20
59.960        20
59.980        10
60.000        33
