20.000        53
20.010        40
20.020        13
20.030        40
20.040        53
20.050        27
20.060        53
20.070        80
20.080         0
20.090        13
20.100        27
20.110        53
20.120        67
20.130        27
20.140        40
20.150        40
20.160        13
20.170        93
20.180        27
20.190        67
20.200        13
20.210         0
20.220        27
20.230        40
20.240        27
20.250        53
20.260        13
20.270        53
20.280        40
20.290        27
20.300        53
20.310        27
20.320        67
20.330        40
20.340        40
20.350        67
20.360        40
20.370        27
20.380        80
20.390        53
20.400        67
20.410        53
20.420        53
20.430        53
20.440        27
20.450        27
20.460        53
20.470        27
20.480        27
20.490        40
20.500        40
20.510        27
20.520        27
20.530        80
20.540        40
20.550        13
20.560        40
20.570        53
20.580        67
20.590        67
20.600        67
20.610        27
20.620        13
20.630        27
20.640        40
20.650        13
20.660        40
20.670        53
20.680        53
20.690        27
20.700        67
20.710        40
20.720        40
20.730        53
20.740        53
20.750        13
20.760        27
20.770         0
20.780        40
20.790        40
20.800        67
20.810         0
20.820        13
20.830        80
20.840        93
20.850        40
20.860        93
20.870        80
20.880        13
20.890        53
20.900        13
20.910        27
20.920        53
20.930        13
20.940        40
20.950        67
20.960        13
20.970        53
20.980        40
20.990        40
21.000        80
21.010         0
21.020        13
21.030        80
21.040        80
21.050        53
21.060        40
21.070        53
21.080        27
21.090        27
21.100        27
21.110        13
21.120        67
21.130        67
21.140        27
21.150        67
21.160        13
21.170        40
21.180        27
21.190        13
21.200       107
21.210        13
21.220        40
21.230        53
21.240        80
21.250        40
21.260        67
21.270        13
21.280        40
21.290        53
21.300        27
21.310        40
21.320        13
21.330        53
21.340        93
21.350        13
21.360        67
21.370        27
21.380        67
21.390        80
21.400        13
21.410        40
21.420        40
21.430        13
21.440        53
21.450        13
21.460        13
21.470        53
21.480        27
21.490        27
21.500        53
21.510        67
21.520        53
21.530        53
21.540        53
21.550        93
21.560        53
21.570        67
21.580        40
21.590        40
21.600        67
21.610        13
21.620        53
21.630        53
21.640        53
21.650        40
21.660        93
21.670        40
21.680        40
21.690        80
21.700         0
21.710        93
21.720        40
21.730        80
21.740        53
21.750        53
21.760        53
21.770        27
21.780        27
21.790        27
21.800        27
21.810        27
21.820        40
21.830        53
21.840        53
21.850        53
21.860        13
21.870        53
21.880        40
21.890        40
21.900        13
21.910        13
21.920        40
21.930        53
21.940        27
21.950        53
21.960        27
21.970        40
21.980         0
21.990        27
22.000         0
22.010        27
22.020        53
22.030        53
22.040        27
22.050        40
22.060        40
22.070        27
22.080        80
22.090        27
22.100        27
22.110        13
22.120        40
22.130        13
22.140        27
22.150        13
22.160        40
22.170        27
22.180        80
22.190        67
22.200         0
22.210         0
22.220        40
22.230        27
22.240        40
22.250        40
22.260        13
22.270        40
22.280        40
22.290        67
22.300        80
22.310        40
22.320        13
22.330        80
22.340        40
22.350        13
22.360        27
22.370         0
22.380        13
22.390        67
22.400        27
22.410        27
22.420        67
22.430        67
22.440        27
22.450        27
22.460        40
22.470        27
22.480         0
22.490        40
22.500        27
22.510        40
22.520        40
22.530        53
22.540        67
22.550        27
22.560        13
22.570         0
22.580        40
22.590        53
22.600        13
22.610        13
22.620        40
22.630        53
22.640        40
22.650        67
22.660        40
22.670        27
22.680        13
22.690        27
22.700        40
22.710        40
22.720        13
22.730        40
22.740        40
22.750        80
22.760        53
22.770        40
22.780        27
22.790        40
22.800         0
22.810         0
22.820        27
22.830        53
22.840         0
22.850        67
22.860        27
22.870        67
22.880        40
22.890        40
22.900        40
22.910        27
22.920        40
22.930         0
22.940        13
22.950        40
22.960        67
22.970        53
22.980        13
22.990        67
23.000         0
23.010        40
23.020        27
23.030        40
23.040         0
23.050        67
23.060        40
23.070        27
23.080        53
23.090        13
23.100        53
23.110        40
23.120        40
23.130        27
23.140        27
23.150         0
23.160         0
23.170        67
23.180        93
23.190        80
23.200        67
23.210        53
23.220        13
23.230        67
23.240         0
23.250        13
23.260        13
23.270        67
23.280        53
23.290        40
23.300        27
23.310        40
23.320         0
23.330        27
23.340        93
23.350        67
23.360        13
23.370        27
23.380        40
23.390        27
23.400        27
23.410        27
23.420        53
23.430        13
23.440         0
23.450        67
23.460         0
23.470        53
23.480        27
23.490        40
23.500         0
23.510        53
23.520        27
23.530        13
23.540        13
23.550        40
23.560        27
23.570        13
23.580        13
23.590        27
23.600        40
23.610        53
23.620        53
23.630        53
23.640        27
23.650        53
23.660        13
23.670        13
23.680        27
23.690         0
23.700        13
23.710        27
23.720        40
23.730        13
23.740        27
23.750        67
23.760        13
23.770        40
23.780        27
23.790        27
23.800        53
23.810        93
23.820        13
23.830        53
23.840        67
23.850        13
23.860        53
23.870        27
23.880        67
23.890        53
23.900        67
23.910         0
23.920        53
23.930        40
23.940        53
23.950        27
23.960        27
23.970        13
23.980        27
23.990        27
24.000        13
24.010        67
24.020        53
24.030         0
24.040        53
24.050        40
24.060        13
24.070        27
24.080        40
24.090        53
24.100        13
24.110        53
24.120        27
24.130        80
24.140        13
24.150        40
24.160         0
24.170        13
24.180        27
24.190         0
24.200        40
24.210         0
24.220        13
24.230        13
24.240        13
24.250        27
24.260        80
24.270        40
24.280         0
24.290        13
24.300        40
24.310        80
24.320        27
24.330         0
24.340        53
24.350        27
24.360        67
24.370        40
24.380        53
24.390        13
24.400        27
24.410        80
24.420        40
24.430        13
24.440        27
24.450        80
24.460        13
24.470        67
24.480        27
24.490        13
24.500        13
24.510        27
24.520        67
24.530        27
24.540         0
24.550        27
24.560        53
24.570        53
24.580        27
24.590        40
24.600        40
24.610        27
24.620        53
24.630        40
24.640        27
24.650        27
24.660        27
24.670        13
24.680        53
24.690        53
24.700        40
24.710        13
24.720        53
24.730        27
24.740        27
24.750        80
24.760        40
24.770        13
24.780        53
24.790        67
24.800        53
24.810        13
24.820        13
24.830        40
24.840        40
24.850        27
24.860         0
24.870        27
24.880        13
24.890       107
24.900        40
24.910        40
24.920        53
24.930        67
24.940        13
24.950        67
24.960        13
24.970        40
24.980        13
24.990        40
25.000        27
25.010        80
25.020        40
25.030        53
25.040        13
25.050        27
25.060        27
25.070        27
25.080        40
25.090        40
25.100        13
25.110        13
25.120        13
25.130        13
25.140        27
25.150         0
25.160        27
25.170        53
25.180         0
25.190        53
25.200        27
25.210        93
25.220        27
25.230        40
25.240        27
25.250        53
25.260        27
25.270        40
25.280        13
25.290        40
25.300        13
25.310        53
25.320        13
25.330        13
25.340        13
25.350         0
25.360        80
25.370        40
25.380        40
25.390        40
25.400        40
25.410         0
25.420        13
25.430        27
25.440        53
25.450        67
25.460        40
25.470        67
25.480        40
25.490        27
25.500         0
25.510        27
25.520        27
25.530        80
25.540        13
25.550         0
25.560        53
25.570         0
25.580        53
25.590        27
25.600        27
25.610        40
25.620        27
25.630        40
25.640        67
25.650        40
25.660        53
25.670        80
25.680        13
25.690        13
25.700        40
25.710        53
25.720        13
25.730        13
25.740        27
25.750        40
25.760        13
25.770        27
25.780        53
25.790        53
25.800        27
25.810        27
25.820        27
25.830        27
25.840         0
25.850        40
25.860        40
25.870        80
25.880        67
25.890        53
25.900        13
25.910        13
25.920        13
25.930        40
25.940        40
25.950        27
25.960        13
25.970        27
25.980        53
25.990        40
26.000         0
26.010         0
26.020         0
26.030         0
26.040        13
26.050        40
26.060        13
26.070         0
26.080        67
26.090        27
26.100        53
26.110        53
26.120         0
26.130        40
26.140        13
26.150        13
26.160        40
26.170        13
26.180        13
26.190        40
26.200        40
26.210        13
26.220        27
26.230        67
26.240        40
26.250        27
26.260        27
26.270        53
26.280        40
26.290        40
26.300        27
26.310        27
26.320        27
26.330        53
26.340        13
26.350        27
26.360        27
26.370         0
26.380        67
26.390        53
26.400        40
26.410         0
26.420        27
26.430        13
26.440        27
26.450        53
26.460        53
26.470         0
26.480         0
26.490        53
26.500        53
26.510        13
26.520        13
26.530        40
26.540        67
26.550        27
26.560        27
26.570        27
26.580        27
26.590        27
26.600        40
26.610        13
26.620        27
26.630        27
26.640         0
26.650        67
26.660        40
26.670        27
26.680         0
26.690        53
26.700        40
26.710        13
26.720        13
26.730         0
26.740        27
26.750        40
26.760        53
26.770        13
26.780        40
26.790        27
26.800         0
26.810        27
26.820        93
26.830        13
26.840        13
26.850        27
26.860        40
26.870        27
26.880        13
26.890        13
26.900         0
26.910        27
26.920        27
26.930        27
26.940        53
26.950        40
26.960        40
26.970        13
26.980        53
26.990        13
27.000        27
27.010        53
27.020        80
27.030        40
27.040        13
27.050        53
27.060        27
27.070        13
27.080        40
27.090        53
27.100        27
27.110         0
27.120        40
27.130        13
27.140        13
27.150        40
27.160        13
27.170        40
27.180        13
27.190        27
27.200        13
27.210        13
27.220         0
27.230        27
27.240        27
27.250        53
27.260        67
27.270        13
27.280        40
27.290        27
27.300        40
27.310        27
27.320        13
27.330        13
27.340        40
27.350        27
27.360        27
27.370        13
27.380         0
27.390        27
27.400        53
27.410        13
27.420        13
27.430        53
27.440        13
27.450        27
27.460        27
27.470        53
27.480        13
27.490        27
27.500         0
27.510        27
27.520        27
27.530        40
27.540        13
27.550        40
27.560        13
27.570        40
27.580        40
27.590        13
27.600         0
27.610        27
27.620         0
27.630        40
27.640        53
27.650        40
27.660         0
27.670        53
27.680        13
27.690        40
27.700        40
27.710        27
27.720        40
27.730        13
27.740        40
27.750        67
27.760        40
27.770        53
27.780        67
27.790        53
27.800        80
27.810        13
27.820        27
27.830        93
27.840        67
27.850        53
27.860        93
27.870        80
27.880        53
27.890        27
27.900       120
27.910        40
27.920        53
27.930        40
27.940        40
27.950        40
27.960        40
27.970        40
27.980        13
27.990        13
28.000         0
28.010        27
28.020        27
28.030        93
28.040        40
28.050        13
28.060        27
28.070        27
28.080        40
28.090        27
28.100        53
28.110         0
28.120        53
28.130        27
28.140        27
28.150        67
28.160        27
28.170        13
28.180        53
28.190        53
28.200        13
28.210        13
28.220        27
28.230        27
28.240        40
28.250        13
28.260        27
28.270        27
28.280        40
28.290         0
28.300        40
28.310        13
28.320        40
28.330        67
28.340         0
28.350        27
28.360         0
28.370        67
28.380        40
28.390        53
28.400        27
28.410         0
28.420        53
28.430        53
28.440        80
28.450        40
28.460        40
28.470        13
28.480        27
28.490        13
28.500        80
28.510         0
28.520        53
28.530        53
28.540        27
28.550        67
28.560        27
28.570        27
28.580        13
28.590        27
28.600        53
28.610        67
28.620        53
28.630        13
28.640        40
28.650        27
28.660        13
28.670        27
28.680        67
28.690        27
28.700        13
28.710        27
28.720        27
28.730        53
28.740        27
28.750        27
28.760         0
28.770        13
28.780        40
28.790        27
28.800        53
28.810         0
28.820        80
28.830        40
28.840        40
28.850         0
28.860        13
28.870        27
28.880        13
28.890        40
28.900        13
28.910        27
28.920        40
28.930        40
28.940        27
28.950        80
28.960        40
28.970        40
28.980        53
28.990        27
29.000        53
29.010        53
29.020        13
29.030        13
29.040        13
29.050        40
29.060        53
29.070        53
29.080        27
29.090        27
29.100         0
29.110        27
29.120        40
29.130        40
29.140        13
29.150         0
29.160        40
29.170        40
29.180        13
29.190        53
29.200        93
29.210        53
29.220         0
29.230         0
29.240        40
29.250        27
29.260         0
29.270        53
29.280        53
29.290        27
29.300        27
29.310        53
29.320         0
29.330        13
29.340        13
29.350        27
29.360        53
29.370        40
29.380        13
29.390        13
29.400        13
29.410        13
29.420        13
29.430        13
29.440        27
29.450        13
29.460        13
29.470        13
29.480        40
29.490        13
29.500        40
29.510        13
29.520        27
29.530        13
29.540        13
29.550         0
29.560        53
29.570        27
29.580        53
29.590        27
29.600        40
29.610        40
29.620        40
29.630        53
29.640        13
29.650        13
29.660        27
29.670        13
29.680        27
29.690        27
29.700        27
29.710        53
29.720        53
29.730        27
29.740        13
29.750        53
29.760        13
29.770        80
29.780        27
29.790        67
29.800        13
29.810        13
29.820        53
29.830        53
29.840        27
29.850        40
29.860        40
29.870        40
29.880        53
29.890         0
29.900        27
29.910        40
29.920       107
29.930        13
29.940        67
29.950       107
29.960        40
29.970        40
29.980        67
29.990        13
30.000        27
30.010        67
30.020        67
30.030        40
30.040        93
30.050        40
30.060        53
30.070        53
30.080        40
30.090        27
30.100        40
30.110        53
30.120        53
30.130        27
30.140        80
30.150       133
30.160       107
30.170        80
30.180       120
30.190        53
30.200        40
30.210       107
30.220        53
30.230        93
30.240        93
30.250        13
30.260        13
30.270        40
30.280        80
30.290        13
30.300        27
30.310        67
30.320        67
30.330        53
30.340        80
30.350       120
30.360        53
30.370        53
30.380        27
30.390        93
30.400        80
30.410        80
30.420        80
30.430        53
30.440        80
30.450         0
30.460        67
30.470        80
30.480        93
30.490        67
30.500        93
30.510        40
30.520       133
30.530       187
30.540       133
30.550        67
30.560       107
30.570       120
30.580       213
30.590        80
30.600       147
30.610       133
30.620       187
30.630       253
30.640       320
30.650       293
30.660       240
30.670       253
30.680       347
30.690       360
30.700       520
30.710       600
30.720       680
30.730       520
30.740       746
30.750       786
30.760       973
30.770       906
30.780      1319
30.790      1573
30.800      1240
30.810      1706
30.820      2053
30.830      2159
30.840      2279
30.850      2932
30.860      3332
30.870      3359
30.880      4012
30.890      3798
30.900      4771
30.910      4465
30.920      4798
30.930      4212
30.940      4865
30.950      4345
30.960      4265
30.970      4145
30.980      3758
30.990      3905
31.000      3425
31.010      2839
31.020      2652
31.030      2132
31.040      1919
31.050      1626
31.060      1466
31.070      1053
31.080      1026
31.090       746
31.100       640
31.110       640
31.120       387
31.130       387
31.140       253
31.150       280
31.160       307
31.170       107
31.180       147
31.190       213
31.200       133
31.210       213
31.220       133
31.230       173
31.240       173
31.250       120
31.260        93
31.270       107
31.280       120
31.290        80
31.300       133
31.310       187
31.320        67
31.330        93
31.340        67
31.350       107
31.360        93
31.370        80
31.380        80
31.390        80
31.400        53
31.410       120
31.420        93
31.430        93
31.440       147
31.450        67
31.460        53
31.470       107
31.480        27
31.490        53
31.500        93
31.510        40
31.520        40
31.530        53
31.540        27
31.550        27
31.560        93
31.570        80
31.580        40
31.590       107
31.600        40
31.610        67
31.620        53
31.630        40
31.640        93
31.650       107
31.660        80
31.670       107
31.680        80
31.690        67
31.700        67
31.710        53
31.720        40
31.730       107
31.740        67
31.750        27
31.760        13
31.770        53
31.780        40
31.790        53
31.800        80
31.810       107
31.820        27
31.830        27
31.840        40
31.850        40
31.860        53
31.870        80
31.880        67
31.890       107
31.900        27
31.910        53
31.920        53
31.930        53
31.940        80
31.950        93
31.960        13
31.970        27
31.980        67
31.990        80
32.000        67
32.010        40
32.020        53
32.030        27
32.040        27
32.050        80
32.060        27
32.070        13
32.080        53
32.090        53
32.100        27
32.110        13
32.120        40
32.130        67
32.140        80
32.150        40
32.160        67
32.170        40
32.180        53
32.190        53
32.200        13
32.210        80
32.220        80
32.230        40
32.240        80
32.250        27
32.260        27
32.270        27
32.280        53
32.290        27
32.300         0
32.310        40
32.320        93
32.330        13
32.340        27
32.350         0
32.360        13
32.370        27
32.380         0
32.390        40
32.400         0
32.410        40
32.420        93
32.430        53
32.440        80
32.450        13
32.460        27
32.470        13
32.480        40
32.490        40
32.500        27
32.510        13
32.520        13
32.530        53
32.540        13
32.550        27
32.560        53
32.570        53
32.580        27
32.590        67
32.600         0
32.610        40
32.620        80
32.630        27
32.640         0
32.650        67
32.660        40
32.670        27
32.680        27
32.690        40
32.700        27
32.710        53
32.720        13
32.730        40
32.740        40
32.750        93
32.760        40
32.770        67
32.780        40
32.790        13
32.800        53
32.810        27
32.820        13
32.830        53
32.840         0
32.850        67
32.860         0
32.870        53
32.880        67
32.890        67
32.900        40
32.910        27
32.920        13
32.930        80
32.940        40
32.950        53
32.960        53
32.970        27
32.980        13
32.990        13
33.000        40
33.010        67
33.020        40
33.030        53
33.040        27
33.050        67
33.060        40
33.070        53
33.080        67
33.090        27
33.100        53
33.110        40
33.120        53
33.130        13
33.140        53
33.150        40
33.160        13
33.170        67
33.180        40
33.190        27
33.200        40
33.210        13
33.220        27
33.230        53
33.240        53
33.250        53
33.260        13
33.270        27
33.280        27
33.290        27
33.300        67
33.310        27
33.320        67
33.330        67
33.340        53
33.350        27
33.360        13
33.370        27
33.380        27
33.390        27
33.400        67
33.410        27
33.420        27
33.430        27
33.440        40
33.450        80
33.460        40
33.470        93
33.480        27
33.490        13
33.500        13
33.510        40
33.520        13
33.530        27
33.540        40
33.550        53
33.560        27
33.570        40
33.580        13
33.590        40
33.600        40
33.610        13
33.620        53
33.630        80
33.640        40
33.650        53
33.660        67
33.670        53
33.680        53
33.690        13
33.700        67
33.710        53
33.720        40
33.730        40
33.740         0
33.750        53
33.760        13
33.770         0
33.780         0
33.790        27
33.800         0
33.810        67
33.820        40
33.830        13
33.840        53
33.850        40
33.860         0
33.870         0
33.880        27
33.890        27
33.900        53
33.910        67
33.920        40
33.930        53
33.940         0
33.950        27
33.960        13
33.970        53
33.980        80
33.990        13
34.000        13
34.010        13
34.020        67
34.030         0
34.040        53
34.050        40
34.060        27
34.070        13
34.080        53
34.090        40
34.100        27
34.110        40
34.120        40
34.130        53
34.140         0
34.150        13
34.160        40
34.170        13
34.180        53
34.190        53
34.200        13
34.210        27
34.220        27
34.230         0
34.240         0
34.250        53
34.260        53
34.270        67
34.280        53
34.290        40
34.300        13
34.310        13
34.320        13
34.330        27
34.340        27
34.350        40
34.360        40
34.370        13
34.380        67
34.390        40
34.400        13
34.410         0
34.420        27
34.430        27
34.440         0
34.450        40
34.460        13
34.470        53
34.480        27
34.490         0
34.500        80
34.510        40
34.520        27
34.530        40
34.540         0
34.550        13
34.560        27
34.570        27
34.580        27
34.590        27
34.600        40
34.610        27
34.620        67
34.630        27
34.640        27
34.650        27
34.660        40
34.670        13
34.680        53
34.690         0
34.700        27
34.710        13
34.720         0
34.730        13
34.740        13
34.750        40
34.760        53
34.770         0
34.780        40
34.790        40
34.800        53
34.810        13
34.820        13
34.830        53
34.840        80
34.850        27
34.860        27
34.870        13
34.880        13
34.890        13
34.900        53
34.910        13
34.920        27
34.930        27
34.940        13
34.950         0
34.960         0
34.970        13
34.980        27
34.990        53
35.000        40
35.010        13
35.020        40
35.030        40
35.040        13
35.050        67
35.060        40
35.070        80
35.080       133
35.090       147
35.100        80
35.110        80
35.120        53
35.130        13
35.140        53
35.150        67
35.160        80
35.170       133
35.180       107
35.190        53
35.200        67
35.210        40
35.220        80
35.230        53
35.240        67
35.250        27
35.260        53
35.270        40
35.280        40
35.290        27
35.300        13
35.310        27
35.320        53
35.330        13
35.340         0
35.350        13
35.360        13
35.370        13
35.380        40
35.390        27
35.400        27
35.410        13
35.420        27
35.430        67
35.440        40
35.450        27
35.460        40
35.470        13
35.480       107
35.490        40
35.500        40
35.510        13
35.520         0
35.530        13
35.540        13
35.550        13
35.560        27
35.570         0
35.580         0
35.590         0
35.600        40
35.610        27
35.620        53
35.630        67
35.640        13
35.650        13
35.660         0
35.670        13
35.680        13
35.690        27
35.700        67
35.710        40
35.720         0
35.730        40
35.740        27
35.750        40
35.760        13
35.770        13
35.780        13
35.790        40
35.800         0
35.810        27
35.820         0
35.830         0
35.840        13
35.850        27
35.860        27
35.870        27
35.880        40
35.890        13
35.900        27
35.910         0
35.920        53
35.930         0
35.940        13
35.950        13
35.960        13
35.970         0
35.980         0
35.990        13
36.000        40
36.010        13
36.020        27
36.030         0
36.040        13
36.050        40
36.060        27
36.070        27
36.080        13
36.090        53
36.100        53
36.110        13
36.120         0
36.130        27
36.140        27
36.150        13
36.160        40
36.170        27
36.180        13
36.190        40
36.200        53
36.210        40
36.220        13
36.230        67
36.240        27
36.250        53
36.260        27
36.270        13
36.280        13
36.290        27
36.300        40
36.310        67
36.320        13
36.330        27
36.340        27
36.350        13
36.360        40
36.370        53
36.380        27
36.390        27
36.400        53
36.410        13
36.420         0
36.430        13
36.440        13
36.450        27
36.460        27
36.470        13
36.480        40
36.490        13
36.500        40
36.510         0
36.520        13
36.530        13
36.540        40
36.550        13
36.560         0
36.570        27
36.580        27
36.590        27
36.600         0
36.610        27
36.620        13
36.630        13
36.640        53
36.650        27
36.660        13
36.670        13
36.680        13
36.690        27
36.700        53
36.710        13
36.720        40
36.730        53
36.740        13
36.750        13
36.760        13
36.770        40
36.780        67
36.790        13
36.800        40
36.810         0
36.820        13
36.830        13
36.840        40
36.850        67
36.860        13
36.870        53
36.880        13
36.890        67
36.900        27
36.910        53
36.920         0
36.930        13
36.940        13
36.950         0
36.960        40
36.970        27
36.980        13
36.990        27
37.000        27
37.010        27
37.020        13
37.030        13
37.040        40
37.050        40
37.060         0
37.070         0
37.080        40
37.090        40
37.100         0
37.110         0
37.120        40
37.130        40
37.140        13
37.150        13
37.160         0
37.170        27
37.180        53
37.190        27
37.200        40
37.210        27
37.220        27
37.230        27
37.240         0
37.250        27
37.260        27
37.270        27
37.280        13
37.290        27
37.300        13
37.310        13
37.320         0
37.330        40
37.340        80
37.350        13
37.360        80
37.370        13
37.380        27
37.390        53
37.400        13
37.410        27
37.420        27
37.430        27
37.440        13
37.450        27
37.460         0
37.470        13
37.480        53
37.490        40
37.500        13
37.510        40
37.520        27
37.530        13
37.540         0
37.550        27
37.560        27
37.570        13
37.580        27
37.590        13
37.600        27
37.610        53
37.620        53
37.630        13
37.640        40
37.650        40
37.660        13
37.670        40
37.680        27
37.690        53
37.700        27
37.710         0
37.720        13
37.730        13
37.740        40
37.750        53
37.760        13
37.770        13
37.780        13
37.790        13
37.800        13
37.810        27
37.820        13
37.830        40
37.840         0
37.850        53
37.860        40
37.870        40
37.880        80
37.890        13
37.900         0
37.910        13
37.920        40
37.930        27
37.940        27
37.950        53
37.960        27
37.970        67
37.980        27
37.990        53
38.000        27
38.010         0
38.020        80
38.030        53
38.040        13
38.050         0
38.060        27
38.070        13
38.080        40
38.090        13
38.100        27
38.110        67
38.120        13
38.130        40
38.140        67
38.150        53
38.160        67
38.170        27
38.180        53
38.190        53
38.200        53
38.210        53
38.220        13
38.230        80
38.240        27
38.250        53
38.260        67
38.270        27
38.280        53
38.290        40
38.300        27
38.310        13
38.320        27
38.330        27
38.340        67
38.350        67
38.360        40
38.370        53
38.380        27
38.390         0
38.400         0
38.410        53
38.420        40
38.430        13
38.440        53
38.450        13
38.460        40
38.470        40
38.480         0
38.490        40
38.500        13
38.510         0
38.520        40
38.530        40
38.540        40
38.550        53
38.560        40
38.570        13
38.580         0
38.590        27
38.600        27
38.610        27
38.620        27
38.630        40
38.640        67
38.650        27
38.660        40
38.670        13
38.680        13
38.690        53
38.700        53
38.710        67
38.720        40
38.730        27
38.740        27
38.750        40
38.760        40
38.770         0
38.780        27
38.790        27
38.800        80
38.810       107
38.820        13
38.830        27
38.840        27
38.850        40
38.860        13
38.870         0
38.880        27
38.890        27
38.900        27
38.910        27
38.920        13
38.930        27
38.940        13
38.950        27
38.960         0
38.970        27
38.980        13
38.990        53
39.000         0
39.010         0
39.020        27
39.030        40
39.040         0
39.050        40
39.060        27
39.070         0
39.080        27
39.090        40
39.100        40
39.110        40
39.120        27
39.130        13
39.140        27
39.150        27
39.160        27
39.170        27
39.180        13
39.190        27
39.200        40
39.210        53
39.220        13
39.230        27
39.240        53
39.250        27
39.260        40
39.270        40
39.280         0
39.290         0
39.300        13
39.310        13
39.320        13
39.330        27
39.340         0
39.350        40
39.360        13
39.370        27
39.380        53
39.390         0
39.400        53
39.410        13
39.420        67
39.430        27
39.440        40
39.450        27
39.460        13
39.470         0
39.480        13
39.490        27
39.500        40
39.510        13
39.520         0
39.530        13
39.540         0
39.550        27
39.560        13
39.570        27
39.580        40
39.590        13
39.600        13
39.610        80
39.620        40
39.630         0
39.640        40
39.650        40
39.660        13
39.670        13
39.680        40
39.690        13
39.700         0
39.710         0
39.720        40
39.730        13
39.740        40
39.750        40
39.760         0
39.770        13
39.780        13
39.790        13
39.800         0
39.810         0
39.820        13
39.830        40
39.840        40
39.850        13
39.860        40
39.870        27
39.880         0
39.890        27
39.900         0
39.910        40
39.920         0
39.930         0
39.940        13
39.950        13
39.960        53
39.970        13
39.980        13
39.990        13
40.000        13
40.010        27
40.020        13
40.030        27
40.040        40
40.050        40
40.060        27
40.070        13
40.080        13
40.090         0
40.100        27
40.110        27
40.120        13
40.130        13
40.140        27
40.150        40
40.160         0
40.170        13
40.180        53
40.190        27
40.200        13
40.210        13
40.220        27
40.230         0
40.240        13
40.250         0
40.260        27
40.270        27
40.280         0
40.290        27
40.300         0
40.310        13
40.320        27
40.330        53
40.340        27
40.350        13
40.360         0
40.370        13
40.380         0
40.390        27
40.400        53
40.410        27
40.420        40
40.430         0
40.440         0
40.450         0
40.460        13
40.470         0
40.480        13
40.490        13
40.500        40
40.510        27
40.520        13
40.530         0
40.540         0
40.550        53
40.560        13
40.570        13
40.580        13
40.590        27
40.600        13
40.610         0
40.620        40
40.630         0
40.640         0
40.650        27
40.660        13
40.670        40
40.680        13
40.690        13
40.700         0
40.710        13
40.720         0
40.730        13
40.740        27
40.750        53
40.760        27
40.770        13
40.780        13
40.790        13
40.800         0
40.810        27
40.820        13
40.830         0
40.840         0
40.850        27
40.860         0
40.870        40
40.880        13
40.890        27
40.900         0
40.910        40
40.920         0
40.930         0
40.940         0
40.950        40
40.960        53
40.970        13
40.980        27
40.990        53
41.000        13
41.010        13
41.020        53
41.030        27
41.040        27
41.050        13
41.060        13
41.070        13
41.080        13
41.090        27
41.100        27
41.110        13
41.120        13
41.130         0
41.140        27
41.150        13
41.160        13
41.170        13
41.180        13
41.190        53
41.200        53
41.210        27
41.220         0
41.230        27
41.240        53
41.250         0
41.260        27
41.270         0
41.280         0
41.290        13
41.300         0
41.310         0
41.320        40
41.330         0
41.340        13
41.350        27
41.360         0
41.370        27
41.380         0
41.390         0
41.400         0
41.410        13
41.420        27
41.430        40
41.440        27
41.450        13
41.460        40
41.470        27
41.480        27
41.490         0
41.500        27
41.510        13
41.520        27
41.530        27
41.540        13
41.550         0
41.560         0
41.570        40
41.580        40
41.590        27
41.600        53
41.610         0
41.620        67
41.630        40
41.640        67
41.650        40
41.660        13
41.670        67
41.680        80
41.690        53
41.700        67
41.710        53
41.720        27
41.730        67
41.740        27
41.750        27
41.760        13
41.770        40
41.780        27
41.790        53
41.800        13
41.810        40
41.820        27
41.830         0
41.840        53
41.850        13
41.860        40
41.870        40
41.880        80
41.890         0
41.900        13
41.910         0
41.920        13
41.930         0
41.940         0
41.950        27
41.960         0
41.970         0
41.980        40
41.990        27
42.000         0
42.010        27
42.020        13
42.030        27
42.040        53
42.050        40
42.060        13
42.070        13
42.080         0
42.090         0
42.100         0
42.110        27
42.120        27
42.130         0
42.140        27
42.150         0
42.160         0
42.170        13
42.180         0
42.190        40
42.200         0
42.210        27
42.220        13
42.230         0
42.240        27
42.250         0
42.260        13
42.270         0
42.280         0
42.290        13
42.300        13
42.310        27
42.320        13
42.330        40
42.340         0
42.350        13
42.360        13
42.370        13
42.380        13
42.390        13
42.400        40
42.410        53
42.420        13
42.430         0
42.440        27
42.450        13
42.460        27
42.470        27
42.480        13
42.490        13
42.500        27
42.510        40
42.520         0
42.530        40
42.540        13
42.550        67
42.560         0
42.570        27
42.580         0
42.590        53
42.600        27
42.610        13
42.620        13
42.630        13
42.640        67
42.650        13
42.660         0
42.670        13
42.680        13
42.690        13
42.700        40
42.710         0
42.720         0
42.730         0
42.740         0
42.750         0
42.760        13
42.770        53
42.780         0
42.790        13
42.800        27
42.810        53
42.820        40
42.830        13
42.840        40
42.850        13
42.860        40
42.870        13
42.880        40
42.890        27
42.900        27
42.910        27
42.920        27
42.930        13
42.940        40
42.950        13
42.960         0
42.970         0
42.980        13
42.990         0
43.000        13
43.010        40
43.020         0
43.030        40
43.040        27
43.050        53
43.060        40
43.070        13
43.080        13
43.090        40
43.100        40
43.110        13
43.120         0
43.130        13
43.140        13
43.150        13
43.160         0
43.170         0
43.180        13
43.190        13
43.200        27
43.210         0
43.220        40
43.230        53
43.240        13
43.250        40
43.260        67
43.270        67
43.280        67
43.290        53
43.300        27
43.310        27
43.320         0
43.330        27
43.340        53
43.350        40
43.360        27
43.370         0
43.380        27
43.390        13
43.400        67
43.410        13
43.420        40
43.430        67
43.440        40
43.450        27
43.460        40
43.470        40
43.480        13
43.490        67
43.500        27
43.510        27
43.520        27
43.530         0
43.540        13
43.550        13
43.560        13
43.570        13
43.580        40
43.590        13
43.600        27
43.610        40
43.620        27
43.630        27
43.640        27
43.650        67
43.660         0
43.670         0
43.680        13
43.690        53
43.700        13
43.710         0
43.720         0
43.730         0
43.740        27
43.750        13
43.760        27
43.770        13
43.780        13
43.790        40
43.800        13
43.810        27
43.820         0
43.830        27
43.840        40
43.850        40
43.860        27
43.870        13
43.880        40
43.890        13
43.900        27
43.910        13
43.920        27
43.930        13
43.940        13
43.950         0
43.960        40
43.970         0
43.980        40
43.990        53
44.000        27
44.010        27
44.020        27
44.030         0
44.040        53
44.050        13
44.060        27
44.070         0
44.080        27
44.090        13
44.100        13
44.110        13
44.120        53
44.130        27
44.140        13
44.150        27
44.160        67
44.170        27
44.180        27
44.190        40
44.200         0
44.210        13
44.220        27
44.230        27
44.240        13
44.250        27
44.260        27
44.270        27
44.280        27
44.290        13
44.300        13
44.310        27
44.320        27
44.330        27
44.340         0
44.350        13
44.360        40
44.370        27
44.380        40
44.390        40
44.400        13
44.410        53
44.420        40
44.430        13
44.440        40
44.450        27
44.460        27
44.470        40
44.480        80
44.490         0
44.500        27
44.510        40
44.520         0
44.530        13
44.540         0
44.550        13
44.560        13
44.570         0
44.580        27
44.590        67
44.600        27
44.610        13
44.620         0
44.630        27
44.640         0
44.650        40
44.660         0
44.670        27
44.680        27
44.690        27
44.700         0
44.710        67
44.720        13
44.730        13
44.740        40
44.750         0
44.760         0
44.770         0
44.780        13
44.790         0
44.800        40
44.810        27
44.820         0
44.830        53
44.840         0
44.850        40
44.860        40
44.870        40
44.880        40
44.890        13
44.900        40
44.910        27
44.920        53
44.930         0
44.940        13
44.950        40
44.960        67
44.970        40
44.980        27
44.990        93
45.000        27
45.010        53
45.020        13
45.030         0
45.040        40
45.050        40
45.060        27
45.070        27
45.080        40
45.090        27
45.100         0
45.110        13
45.120        40
45.130        13
45.140        40
45.150        13
45.160        13
45.170         0
45.180        13
45.190         0
45.200        13
45.210        67
45.220         0
45.230        13
45.240        40
45.250         0
45.260        40
45.270         0
45.280        13
45.290         0
45.300        13
45.310        13
45.320        13
45.330        40
45.340        13
45.350        40
45.360         0
45.370        13
45.380         0
45.390        27
45.400         0
45.410        40
45.420        27
45.430        13
45.440         0
45.450        27
45.460        40
45.470        27
45.480        13
45.490        27
45.500        13
45.510         0
45.520        27
45.530        27
45.540        27
45.550         0
45.560        53
45.570        27
45.580         0
45.590        27
45.600         0
45.610        13
45.620         0
45.630         0
45.640        13
45.650        13
45.660         0
45.670        40
45.680         0
45.690        13
45.700        40
45.710        27
45.720         0
45.730        27
45.740        13
45.750        40
45.760        13
45.770        27
45.780        13
45.790        13
45.800        27
45.810        13
45.820        27
45.830         0
45.840        13
45.850        13
45.860        13
45.870         0
45.880        27
45.890         0
45.900        53
45.910        13
45.920        40
45.930        40
45.940         0
45.950        13
45.960        40
45.970        13
45.980         0
45.990        13
46.000        27
46.010        27
46.020        13
46.030        13
46.040         0
46.050         0
46.060        40
46.070        13
46.080        13
46.090        13
46.100         0
46.110        27
46.120        40
46.130        40
46.140         0
46.150        27
46.160        27
46.170        27
46.180        53
46.190        13
46.200         0
46.210        13
46.220        27
46.230         0
46.240        27
46.250        13
46.260        13
46.270        27
46.280        27
46.290        13
46.300        27
46.310         0
46.320        13
46.330        40
46.340        13
46.350         0
46.360        27
46.370        13
46.380        53
46.390        27
46.400        40
46.410        27
46.420        13
46.430        40
46.440        27
46.450        67
46.460        13
46.470        13
46.480        13
46.490        13
46.500        27
46.510        13
46.520        40
46.530        40
46.540        27
46.550        13
46.560        27
46.570        27
46.580        13
46.590         0
46.600         0
46.610        13
46.620        13
46.630        53
46.640         0
46.650        13
46.660        13
46.670         0
46.680         0
46.690        40
46.700        27
46.710        13
46.720         0
46.730         0
46.740         0
46.750        13
46.760        40
46.770         0
46.780        13
46.790        13
46.800        13
46.810        13
46.820        13
46.830         0
46.840        27
46.850        13
46.860        27
46.870        27
46.880        40
46.890         0
46.900         0
46.910         0
46.920        53
46.930        27
46.940        27
46.950        27
46.960        27
46.970         0
46.980         0
46.990         0
47.000        13
47.010        13
47.020        13
47.030        13
47.040         0
47.050        40
47.060        13
47.070        13
47.080        40
47.090        27
47.100         0
47.110        13
47.120         0
47.130        13
47.140        13
47.150         0
47.160        13
47.170        13
47.180         0
47.190        40
47.200        27
47.210         0
47.220        27
47.230        13
47.240         0
47.250        13
47.260         0
47.270        27
47.280        13
47.290        40
47.300        13
47.310         0
47.320        27
47.330         0
47.340         0
47.350        27
47.360        13
47.370         0
47.380        13
47.390         0
47.400         0
47.410        13
47.420        13
47.430         0
47.440         0
47.450         0
47.460         0
47.470        27
47.480        13
47.490         0
47.500        27
47.510         0
47.520        27
47.530        40
47.540        13
47.550        40
47.560        13
47.570        13
47.580        13
47.590        13
47.600        27
47.610        13
47.620         0
47.630        13
47.640        13
47.650         0
47.660         0
47.670        13
47.680         0
47.690         0
47.700        13
47.710        40
47.720         0
47.730        13
47.740        13
47.750        13
47.760        13
47.770        40
47.780         0
47.790         0
47.800        13
47.810        13
47.820        13
47.830        13
47.840        13
47.850         0
47.860        13
47.870        13
47.880        40
47.890        27
47.900        40
47.910        13
47.920        40
47.930        27
47.940        27
47.950        27
47.960        13
47.970        13
47.980         0
47.990        27
48.000        27
48.010         0
48.020        13
48.030        40
48.040        13
48.050        13
48.060        53
48.070        13
48.080        27
48.090        27
48.100         0
48.110        27
48.120         0
48.130         0
48.140        13
48.150        13
48.160        27
48.170         0
48.180        27
48.190        40
48.200        27
48.210        27
48.220         0
48.230        13
48.240        27
48.250         0
48.260        53
48.270        13
48.280         0
48.290        40
48.300        40
48.310         0
48.320        13
48.330        13
48.340        13
48.350        13
48.360        40
48.370        27
48.380        27
48.390        13
48.400        40
48.410        27
48.420        27
48.430         0
48.440        40
48.450        40
48.460        27
48.470        53
48.480         0
48.490        40
48.500         0
48.510         0
48.520        13
48.530        13
48.540        40
48.550         0
48.560         0
48.570        13
48.580        13
48.590        27
48.600        13
48.610        13
48.620        13
48.630         0
48.640        13
48.650         0
48.660        53
48.670         0
48.680        27
48.690        13
48.700        13
48.710        53
48.720        40
48.730         0
48.740        13
48.750        27
48.760        13
48.770         0
48.780        13
48.790        13
48.800        40
48.810        13
48.820         0
48.830        27
48.840        40
48.850        13
48.860        13
48.870        13
48.880        27
48.890         0
48.900        27
48.910        13
48.920         0
48.930        13
48.940        40
48.950        13
48.960        27
48.970         0
48.980         0
48.990        27
49.000        27
49.010         0
49.020         0
49.030        27
49.040         0
49.050         0
49.060         0
49.070         0
49.080         0
49.090         0
49.100        27
49.110        13
49.120        13
49.130        13
49.140        13
49.150         0
49.160         0
49.170        13
49.180        13
49.190        27
49.200        13
49.210        13
49.220        53
49.230        27
49.240         0
49.250        27
49.260        40
49.270        27
49.280         0
49.290        13
49.300        40
49.310        27
49.320         0
49.330        40
49.340        27
49.350        27
49.360         0
49.370        53
49.380        13
49.390        27
49.400         0
49.410        27
49.420         0
49.430        13
49.440        13
49.450        13
49.460         0
49.470        40
49.480        40
49.490        13
49.500         0
49.510        13
49.520        27
49.530        13
49.540        27
49.550        13
49.560        27
49.570        27
49.580         0
49.590        27
49.600        13
49.610        13
49.620        13
49.630        40
49.640        13
49.650         0
49.660        40
49.670        13
49.680        27
49.690         0
49.700        27
49.710         0
49.720        27
49.730         0
49.740        27
49.750        13
49.760        27
49.770        13
49.780        27
49.790        27
49.800         0
49.810        27
49.820         0
49.830        13
49.840         0
49.850        27
49.860        13
49.870         0
49.880        27
49.890        27
49.900        13
49.910        13
49.920        40
49.930         0
49.940        13
49.950         0
49.960        13
49.970        27
49.980        13
49.990         0
50.000        13
50.010        27
50.020        13
50.030        27
50.040         0
50.050        13
50.060        27
50.070        13
50.080        13
50.090        53
50.100         0
50.110        40
50.120         0
50.130        13
50.140         0
50.150        27
50.160        40
50.170        53
50.180         0
50.190        27
50.200         0
50.210        13
50.220        13
50.230        13
50.240        40
50.250        27
50.260        13
50.270        13
50.280        27
50.290         0
50.300        27
50.310         0
50.320        13
50.330         0
50.340        13
50.350        13
50.360        27
50.370        27
50.380         0
50.390        13
50.400        13
50.410        27
50.420        27
50.430        27
50.440         0
50.450        40
50.460        27
50.470        27
50.480        13
50.490         0
50.500        13
50.510        13
50.520        27
50.530         0
50.540         0
50.550         0
50.560        13
50.570        13
50.580         0
50.590        27
50.600        13
50.610        13
50.620         0
50.630         0
50.640        13
50.650        40
50.660        13
50.670        40
50.680        13
50.690         0
50.700        27
50.710        13
50.720        13
50.730        13
50.740        13
50.750        13
50.760         0
50.770        27
50.780        27
50.790        13
50.800         0
50.810         0
50.820        40
50.830         0
50.840        40
50.850        27
50.860         0
50.870        13
50.880        27
50.890        13
50.900         0
50.910         0
50.920        40
50.930        40
50.940        13
50.950        40
50.960        40
50.970        27
50.980        13
50.990         0
51.000        13
51.010         0
51.020        27
51.030         0
51.040         0
51.050        13
51.060        27
51.070        13
51.080        27
51.090        27
51.100        13
51.110         0
51.120        13
51.130        13
51.140        53
51.150        27
51.160        13
51.170         0
51.180        13
51.190         0
51.200        27
51.210        27
51.220        13
51.230         0
51.240        40
51.250        13
51.260         0
51.270         0
51.280         0
51.290        27
51.300        27
51.310         0
51.320         0
51.330         0
51.340         0
51.350        27
51.360         0
51.370        13
51.380        13
51.390         0
51.400        13
51.410        13
51.420        13
51.430        13
51.440         0
51.450         0
51.460        13
51.470         0
51.480        13
51.490         0
51.500         0
51.510        13
51.520        13
51.530         0
51.540        27
51.550        27
51.560        27
51.570        13
51.580        13
51.590        13
51.600         0
51.610        13
51.620        13
51.630         0
51.640        27
51.650        27
51.660         0
51.670        13
51.680        27
51.690         0
51.700        27
51.710        13
51.720         0
51.730        13
51.740         0
51.750        13
51.760         0
51.770        13
51.780        40
51.790        27
51.800        27
51.810         0
51.820         0
51.830        13
51.840        13
51.850         0
51.860         0
51.870        13
51.880         0
51.890         0
51.900        13
51.910        13
51.920        13
51.930        27
51.940        13
51.950         0
51.960        40
51.970         0
51.980         0
51.990        40
52.000        53
52.010         0
52.020        13
52.030        27
52.040         0
52.050         0
52.060         0
52.070         0
52.080        40
52.090        13
52.100        40
52.110         0
52.120         0
52.130        13
52.140         0
52.150        27
52.160         0
52.170         0
52.180         0
52.190        13
52.200        13
52.210        13
52.220         0
52.230        13
52.240        13
52.250        13
52.260        13
52.270         0
52.280        13
52.290        27
52.300         0
52.310         0
52.320        13
52.330        13
52.340        27
52.350        13
52.360        13
52.370         0
52.380        13
52.390        13
52.400        13
52.410        27
52.420         0
52.430        27
52.440        13
52.450        40
52.460         0
52.470        27
52.480        13
52.490         0
52.500        27
52.510        13
52.520         0
52.530        13
52.540         0
52.550         0
52.560        40
52.570       133
52.580       120
52.590       133
52.600        40
52.610       147
52.620        67
52.630        93
52.640        40
52.650        40
52.660        80
52.670        27
52.680        13
52.690        53
52.700        27
52.710        27
52.720        53
52.730        80
52.740        80
52.750       107
52.760        53
52.770        53
52.780        80
52.790        40
52.800        53
52.810        27
52.820        27
52.830        27
52.840        27
52.850        13
52.860        27
52.870        13
52.880        27
52.890        13
52.900        13
52.910        13
52.920        13
52.930         0
52.940        27
52.950        13
52.960        27
52.970        13
52.980        13
52.990        13
53.000         0
53.010        27
53.020        13
53.030        13
53.040         0
53.050        13
53.060         0
53.070        13
53.080        53
53.090         0
53.100        13
53.110        13
53.120        13
53.130        13
53.140        40
53.150         0
53.160        40
53.170         0
53.180        27
53.190         0
53.200        27
53.210        13
53.220        13
53.230        40
53.240        27
53.250        13
53.260         0
53.270         0
53.280         0
53.290        27
53.300        13
53.310         0
53.320         0
53.330        40
53.340        13
53.350         0
53.360        53
53.370         0
53.380         0
53.390         0
53.400        13
53.410        13
53.420        13
53.430        13
53.440        27
53.450        13
53.460        27
53.470        27
53.480        40
53.490         0
53.500        40
53.510        13
53.520        40
53.530         0
53.540         0
53.550        40
53.560        13
53.570        13
53.580        13
53.590        13
53.600        13
53.610         0
53.620         0
53.630         0
53.640         0
53.650        13
53.660         0
53.670        13
53.680        13
53.690         0
53.700        40
53.710        27
53.720        27
53.730        27
53.740        53
53.750         0
53.760         0
53.770         0
53.780        27
53.790        27
53.800        13
53.810        13
53.820        13
53.830        27
53.840        13
53.850        13
53.860         0
53.870         0
53.880         0
53.890        27
53.900         0
53.910        27
53.920        13
53.930        27
53.940         0
53.950        13
53.960        27
53.970        13
53.980        27
53.990        53
54.000        27
54.010        13
54.020        13
54.030         0
54.040        27
54.050         0
54.060         0
54.070         0
54.080        40
54.090         0
54.100        40
54.110         0
54.120         0
54.130        40
54.140        13
54.150         0
54.160        13
54.170         0
54.180        13
54.190         0
54.200        27
54.210         0
54.220        27
54.230        27
54.240        13
54.250        13
54.260        13
54.270         0
54.280        40
54.290        13
54.300        13
54.310        27
54.320        13
54.330        40
54.340        27
54.350        40
54.360        40
54.370         0
54.380        13
54.390        13
54.400        27
54.410        13
54.420        13
54.430        13
54.440         0
54.450        13
54.460         0
54.470        40
54.480        40
54.490        13
54.500         0
54.510         0
54.520        27
54.530        13
54.540        40
54.550         0
54.560        13
54.570        27
54.580        27
54.590        13
54.600        13
54.610        13
54.620         0
54.630         0
54.640        27
54.650        40
54.660        27
54.670        13
54.680        40
54.690        13
54.700        27
54.710        13
54.720        13
54.730        13
54.740        13
54.750        13
54.760        13
54.770        27
54.780        13
54.790        13
54.800        13
54.810        27
54.820        27
54.830        13
54.840        13
54.850        27
54.860        67
54.870        27
54.880        13
54.890        13
54.900        53
54.910        40
54.920       133
54.930        40
54.940       107
54.950        80
54.960        27
54.970        80
54.980       120
54.990        93
55.000        80
55.010        27
55.020        80
55.030       147
55.040        67
55.050        80
55.060        67
55.070        80
55.080        93
55.090       173
55.100        67
55.110       107
55.120       120
55.130        67
55.140       160
55.150        67
55.160        80
55.170        93
55.180        80
55.190       120
55.200        93
55.210        53
55.220        93
55.230        40
55.240        40
55.250        53
55.260        53
55.270        67
55.280        40
55.290        13
55.300         0
55.310        40
55.320        67
55.330        67
55.340        40
55.350        27
55.360        13
55.370        13
55.380        40
55.390         0
55.400        27
55.410        40
55.420        27
55.430        40
55.440        13
55.450        13
55.460        53
55.470        27
55.480        27
55.490        40
55.500        27
55.510        27
55.520        40
55.530        40
55.540        13
55.550        13
55.560        13
55.570         0
55.580        53
55.590        40
55.600        13
55.610         0
55.620        13
55.630        13
55.640         0
55.650        13
55.660        13
55.670         0
55.680         0
55.690        13
55.700        13
55.710        13
55.720         0
55.730        27
55.740         0
55.750        13
55.760        53
55.770        13
55.780        40
55.790        27
55.800         0
55.810        53
55.820         0
55.830        13
55.840        27
55.850        27
55.860        13
55.870         0
55.880        27
55.890         0
55.900         0
55.910        27
55.920        13
55.930        13
55.940        13
55.950         0
55.960         0
55.970        13
55.980         0
55.990        13
56.000         0
56.010        13
56.020        27
56.030         0
56.040        13
56.050        27
56.060        13
56.070         0
56.080        27
56.090        27
56.100         0
56.110         0
56.120         0
56.130        27
56.140        13
56.150         0
56.160        40
56.170        27
56.180         0
56.190         0
56.200         0
56.210        13
56.220        13
56.230        13
56.240         0
56.250         0
56.260        13
56.270        27
56.280        13
56.290         0
56.300        27
56.310        40
56.320         0
56.330        27
56.340         0
56.350        27
56.360        13
56.370        13
56.380         0
56.390        27
56.400        13
56.410        40
56.420        27
56.430        13
56.440        13
56.450        27
56.460        13
56.470         0
56.480         0
56.490         0
56.500         0
56.510        13
56.520        27
56.530        13
56.540        40
56.550        40
56.560        27
56.570        67
56.580         0
56.590        27
56.600         0
56.610        40
56.620        13
56.630         0
56.640        27
56.650        13
56.660        13
56.670         0
56.680         0
56.690        27
56.700        53
56.710        27
56.720        27
56.730        13
56.740        27
56.750         0
56.760         0
56.770         0
56.780         0
56.790        27
56.800        13
56.810        13
56.820        13
56.830        13
56.840        27
56.850        13
56.860        27
56.870        27
56.880        13
56.890         0
56.900        27
56.910         0
56.920        40
56.930        27
56.940         0
56.950        13
56.960        13
56.970         0
56.980        13
56.990        13
57.000        27
57.010        27
57.020         0
57.030        40
57.040        27
57.050        13
57.060        53
57.070         0
57.080        40
57.090         0
57.100         0
57.110        27
57.120         0
57.130        13
57.140         0
57.150         0
57.160        27
57.170        13
57.180        13
57.190        27
57.200         0
57.210        13
57.220        27
57.230        13
57.240        40
57.250         0
57.260        13
57.270        13
57.280        27
57.290         0
57.300        53
57.310        40
57.320         0
57.330        40
57.340        13
57.350         0
57.360        27
57.370        27
57.380        13
57.390        27
57.400        13
57.410        13
57.420        27
57.430        27
57.440        27
57.450        27
57.460        53
57.470        40
57.480       107
57.490        53
57.500        67
57.510        67
57.520        40
57.530        53
57.540        53
57.550        13
57.560        40
57.570         0
57.580        40
57.590        13
57.600        27
57.610         0
57.620        67
57.630        53
57.640        67
57.650        13
57.660        27
57.670        27
57.680        40
57.690        53
57.700        27
57.710        27
57.720        13
57.730        13
57.740         0
57.750         0
57.760        27
57.770         0
57.780        13
57.790        40
57.800        13
57.810        27
57.820         0
57.830         0
57.840        27
57.850        40
57.860        13
57.870         0
57.880         0
57.890        13
57.900        40
57.910         0
57.920        13
57.930        13
57.940         0
57.950        53
57.960        13
57.970        27
57.980        13
57.990        27
58.000         0
58.010         0
58.020         0
58.030        27
58.040        13
58.050        27
58.060         0
58.070        13
58.080         0
58.090        13
58.100        27
58.110         0
58.120         0
58.130        13
58.140        13
58.150        13
58.160        27
58.170        27
58.180        27
58.190         0
58.200         0
58.210        13
58.220        40
58.230        13
58.240        13
58.250        13
58.260        27
58.270        13
58.280         0
58.290         0
58.300        53
58.310        13
58.320         0
58.330         0
58.340        27
58.350        13
58.360         0
58.370        13
58.380        27
58.390         0
58.400         0
58.410        13
58.420         0
58.430         0
58.440        13
58.450        13
58.460        13
58.470         0
58.480        13
58.490         0
58.500        13
58.510        27
58.520         0
58.530        40
58.540         0
58.550         0
58.560         0
58.570        13
58.580        13
58.590        13
58.600         0
58.610        27
58.620         0
58.630        40
58.640        13
58.650         0
58.660         0
58.670         0
58.680        27
58.690         0
58.700        27
58.710         0
58.720        13
58.730        13
58.740        13
58.750         0
58.760        13
58.770        13
58.780        13
58.790         0
58.800         0
58.810        27
58.820        40
58.830         0
58.840         0
58.850         0
58.860        27
58.870        13
58.880        13
58.890         0
58.900        27
58.910         0
58.920         0
58.930         0
58.940         0
58.950         0
58.960         0
58.970        27
58.980        27
58.990        27
59.000         0
59.010         0
59.020        27
59.030        27
59.040         0
59.050         0
59.060        13
59.070        13
59.080        27
59.090        13
59.100        27
59.110         0
59.120        13
59.130        13
59.140         0
59.150         0
59.160        53
59.170        13
59.180        13
59.190         0
59.200         0
59.210         0
59.220         0
59.230         0
59.240        13
59.250         0
59.260        13
59.270        40
59.280         0
59.290         0
59.300        53
59.310        27
59.320        27
59.330         0
59.340        13
59.350        27
59.360         0
59.370        13
59.380        27
59.390         0
59.400         0
59.410         0
59.420         0
59.430        40
59.440        27
59.450        40
59.460        13
59.470        27
59.480        13
59.490         0
59.500        27
59.510         0
59.520        53
59.530        27
59.540        13
59.550         0
59.560        13
59.570         0
59.580        13
59.590        13
59.600        13
59.610        13
59.620        40
59.630        13
59.640        13
59.650        13
59.660         0
59.670        40
59.680        13
59.690         0
59.700        53
59.710        27
59.720        13
59.730        27
59.740        27
59.750        27
59.760        27
59.770         0
59.780        67
59.790         0
59.800        27
59.810         0
59.820         0
59.830        13
59.840        13
59.850        13
59.860         0
59.870        13
59.880        27
59.890        27
59.900        13
59.910        53
59.920        13
59.930        13
59.940        13
59.950         0
59.960        13
59.970        13
59.980        13
59.990         0
60.000         0
