20.000        80
20.010        27
20.020        40
20.030        40
20.040        40
20.050        67
20.060        27
20.070        40
20.080        73
20.090        27
20.100        40
20.110        47
20.120        27
20.130         7
20.140        40
20.150        33
20.160        47
20.170        53
20.180        33
20.190        67
20.200        40
20.210        20
20.220        40
20.230        53
20.240        73
20.250        13
20.260        20
20.270        13
20.280        53
20.290        67
20.300        47
20.310        47
20.320        40
20.330        47
20.340        73
20.350        20
20.360        40
20.370        20
20.380        40
20.390        73
20.400        33
20.410        47
20.420        33
20.430        33
20.440        40
20.450        33
20.460        20
20.470        60
20.480        53
20.490        47
20.500        53
20.510        47
20.520        60
20.530        60
20.540        47
20.550        40
20.560        87
20.570        20
20.580        40
20.590        40
20.600        33
20.610        47
20.620        53
20.630        40
20.640        27
20.650        13
20.660        40
20.670        33
20.680        47
20.690        40
20.700        33
20.710        27
20.720        67
20.730        33
20.740        60
20.750        27
20.760        60
20.770        27
20.780        27
20.790        60
20.800        33
20.810        33
20.820        53
20.830        20
20.840        40
20.850        33
20.860        33
20.870        40
20.880        40
20.890        40
20.900        27
20.910        33
20.920        20
20.930        13
20.940        27
20.950         7
20.960        53
20.970        47
20.980        60
20.990        53
21.000        53
21.010        33
21.020        33
21.030        40
21.040        67
21.050        53
21.060        27
21.070        73
21.080        33
21.090        40
21.100        40
21.110        73
21.120        67
21.130        53
21.140        27
21.150        80
21.160        33
21.170        20
21.180        53
21.190        47
21.200        40
21.210        33
21.220        40
21.230        40
21.240        53
21.250        40
21.260        33
21.270        20
21.280        53
21.290       100
21.300        47
21.310        60
21.320        27
21.330        13
21.340        73
21.350        33
21.360        87
21.370        40
21.380        33
21.390        33
21.400        47
21.410        53
21.420        53
21.430        27
21.440        60
21.450        60
21.460        40
21.470        47
21.480        20
21.490        47
21.500        40
21.510        27
21.520        33
21.530        80
21.540        40
21.550        13
21.560        27
21.570        87
21.580        27
21.590        60
21.600        13
21.610        27
21.620        67
21.630        47
21.640        40
21.650        20
21.660        53
21.670        33
21.680        67
21.690        27
21.700        33
21.710        20
21.720        40
21.730        33
21.740        27
21.750        53
21.760        27
21.770        33
21.780         7
21.790        27
21.800        33
21.810        47
21.820        27
21.830        33
21.840        40
21.850        53
21.860        40
21.870        67
21.880        40
21.890        53
21.900        33
21.910        60
21.920        53
21.930        53
21.940        33
21.950        53
21.960        40
21.970        47
21.980        47
21.990        47
22.000        20
22.010        53
22.020        67
22.030        33
22.040        80
22.050        67
22.060        33
22.070        40
22.080        47
22.090        60
22.100        27
22.110        87
22.120        53
22.130        47
22.140        67
22.150        27
22.160        40
22.170        33
22.180        47
22.190        60
22.200        67
22.210        33
22.220        53
22.230        47
22.240        20
22.250        33
22.260        47
22.270        47
22.280        47
22.290        27
22.300        40
22.310        60
22.320        47
22.330        73
22.340        93
22.350        40
22.360        53
22.370        33
22.380        80
22.390        80
22.400        93
22.410        87
22.420        53
22.430        93
22.440        60
22.450        80
22.460        87
22.470       107
22.480       100
22.490       153
22.500       127
22.510       153
22.520       153
22.530       140
22.540       167
22.550       207
22.560       233
22.570       200
22.580       153
22.590       200
22.600       320
22.610       267
22.620       253
22.630       273
22.640       267
22.650       273
22.660       287
22.670       293
22.680       320
22.690       340
22.700       380
22.710       333
22.720       280
22.730       300
22.740       287
22.750       313
22.760       287
22.770       280
22.780       213
22.790       347
22.800       253
22.810       187
22.820       193
22.830       213
22.840       193
22.850       160
22.860       120
22.870       127
22.880       133
22.890       167
22.900       140
22.910       100
22.920        93
22.930       167
22.940       133
22.950        87
22.960       100
22.970        87
22.980        60
22.990        47
23.000        87
23.010        67
23.020        47
23.030        47
23.040       120
23.050        60
23.060        80
23.070        80
23.080        27
23.090        80
23.100        73
23.110        40
23.120        27
23.130        60
23.140        73
23.150        73
23.160        33
23.170        87
23.180       107
23.190        67
23.200        47
23.210        80
23.220        40
23.230        60
23.240        67
23.250        40
23.260        20
23.270        53
23.280        53
23.290        67
23.300        60
23.310        53
23.320        67
23.330        53
23.340        27
23.350        20
23.360        40
23.370        60
23.380        93
23.390        40
23.400        40
23.410        47
23.420        33
23.430        87
23.440        40
23.450       113
23.460        40
23.470        47
23.480        27
23.490        20
23.500        53
23.510        53
23.520        20
23.530        27
23.540        73
23.550        33
23.560        67
23.570        60
23.580        47
23.590        27
23.600        33
23.610        60
23.620        67
23.630        40
23.640        33
23.650        47
23.660        33
23.670        73
23.680        40
23.690        73
23.700        40
23.710        20
23.720        47
23.730        53
23.740        40
23.750        47
23.760        13
23.770        40
23.780        67
23.790        27
23.800        40
23.810        27
23.820        33
23.830        47
23.840        27
23.850        47
23.860        60
23.870        27
23.880        20
23.890        40
23.900        47
23.910        33
23.920        47
23.930        13
23.940        53
23.950        47
23.960        40
23.970        47
23.980        40
23.990        73
24.000        40
24.010        20
24.020        33
24.030        53
24.040        47
24.050        20
24.060        53
24.070        47
24.080        40
24.090        20
24.100        33
24.110        60
24.120        27
24.130        53
24.140        73
24.150        53
24.160        53
24.170        13
24.180        47
24.190        27
24.200        60
24.210        40
24.220        47
24.230        20
24.240        33
24.250        33
24.260        33
24.270        20
24.280        53
24.290        40
24.300        60
24.310        40
24.320        53
24.330        40
24.340        27
24.350        33
24.360        33
24.370        53
24.380        33
24.390        33
24.400        47
24.410        40
24.420        47
24.430        33
24.440        40
24.450        20
24.460        33
24.470        53
24.480        53
24.490        60
24.500        47
24.510        33
24.520        20
24.530        40
24.540        13
24.550        33
24.560         7
24.570        60
24.580        40
24.590       107
24.600        27
24.610        47
24.620        67
24.630        27
24.640        53
24.650        27
24.660        53
24.670         7
24.680        27
24.690        67
24.700        33
24.710         0
24.720        60
24.730        27
24.740        33
24.750        53
24.760        13
24.770        47
24.780        20
24.790        60
24.800        47
24.810        40
24.820        33
24.830        20
24.840        27
24.850        33
24.860        53
24.870        40
24.880        33
24.890        13
24.900        60
24.910        47
24.920        53
24.930        20
24.940        40
24.950        33
24.960        40
24.970        27
24.980        40
24.990        20
25.000        27
25.010        40
25.020        40
25.030        27
25.040        13
25.050        20
25.060        40
25.070        20
25.080        33
25.090        47
25.100         7
25.110        67
25.120        13
25.130        33
25.140        40
25.150        40
25.160        40
25.170        47
25.180        13
25.190        13
25.200        20
25.210        27
25.220        20
25.230         7
25.240        40
25.250        80
25.260        73
25.270        47
25.280        47
25.290        33
25.300        40
25.310        13
25.320        40
25.330        60
25.340        33
25.350        33
25.360        53
25.370        27
25.380        20
25.390        20
25.400        67
25.410        67
25.420        67
25.430        33
25.440        53
25.450        33
25.460        40
25.470        20
25.480        47
25.490        53
25.500        60
25.510        27
25.520        53
25.530        67
25.540        53
25.550        40
25.560        40
25.570        73
25.580        27
25.590        27
25.600        40
25.610        60
25.620        13
25.630        60
25.640        47
25.650        60
25.660        47
25.670        47
25.680        13
25.690        33
25.700        47
25.710        13
25.720        20
25.730        20
25.740        47
25.750        27
25.760        40
25.770        47
25.780        60
25.790        20
25.800        40
25.810        27
25.820        27
25.830        33
25.840        27
25.850        40
25.860        20
25.870        33
25.880        13
25.890        33
25.900        40
25.910        33
25.920        33
25.930        40
25.940        40
25.950        20
25.960        20
25.970        20
25.980        20
25.990        20
26.000        33
26.010        27
26.020        40
26.030        73
26.040        27
26.050        53
26.060        33
26.070        27
26.080        40
26.090        40
26.100         7
26.110         7
26.120        20
26.130        40
26.140        40
26.150        20
26.160        47
26.170        40
26.180        33
26.190        33
26.200        20
26.210        20
26.220        67
26.230         7
26.240        40
26.250        53
26.260        67
26.270        40
26.280        27
26.290        13
26.300        33
26.310        40
26.320        47
26.330        60
26.340        13
26.350        27
26.360        33
26.370        20
26.380        47
26.390        20
26.400        27
26.410        40
26.420        33
26.430        67
26.440        33
26.450        20
26.460        27
26.470        13
26.480        20
26.490        13
26.500        20
26.510        27
26.520        27
26.530        53
26.540        27
26.550        27
26.560        20
26.570         7
26.580        53
26.590        40
26.600        67
26.610        27
26.620        80
26.630        33
26.640        53
26.650        33
26.660        40
26.670        33
26.680        53
26.690        13
26.700        40
26.710        40
26.720        40
26.730        47
26.740        33
26.750        47
26.760        20
26.770        40
26.780        40
26.790        60
26.800        20
26.810        13
26.820         7
26.830        40
26.840        40
26.850        53
26.860        20
26.870        40
26.880        20
26.890        20
26.900        20
26.910        13
26.920        33
26.930        27
26.940        47
26.950        33
26.960        47
26.970        40
26.980        27
26.990        27
27.000        20
27.010        87
27.020         7
27.030        27
27.040        20
27.050        27
27.060        40
27.070        20
27.080        13
27.090        47
27.100        53
27.110        27
27.120        40
27.130        53
27.140        27
27.150        40
27.160        27
27.170        20
27.180        13
27.190        20
27.200        73
27.210        20
27.220        53
27.230        13
27.240        40
27.250        40
27.260        40
27.270        53
27.280        33
27.290        13
27.300        47
27.310        27
27.320        47
27.330        27
27.340        40
27.350        33
27.360         7
27.370         7
27.380        20
27.390         7
27.400        33
27.410        47
27.420        20
27.430        33
27.440        33
27.450        20
27.460        13
27.470        20
27.480        33
27.490        40
27.500        20
27.510        67
27.520        47
27.530        40
27.540        27
27.550        33
27.560         7
27.570        47
27.580        33
27.590        13
27.600        20
27.610        27
27.620        27
27.630        40
27.640        20
27.650        40
27.660        53
27.670        47
27.680        33
27.690        47
27.700        13
27.710        27
27.720        27
27.730        53
27.740        40
27.750        27
27.760        33
27.770        27
27.780        27
27.790        47
27.800        13
27.810        73
27.820        53
27.830        33
27.840        27
27.850        67
27.860        13
27.870        33
27.880        33
27.890        27
27.900        40
27.910        27
27.920        40
27.930        47
27.940        53
27.950        27
27.960        20
27.970        33
27.980        20
27.990        20
28.000        40
28.010        53
28.020        47
28.030        20
28.040        13
28.050        53
28.060        20
28.070        47
28.080        47
28.090        20
28.100        40
28.110        33
28.120        47
28.130        40
28.140        27
28.150        27
28.160        33
28.170        13
28.180        20
28.190        20
28.200        20
28.210        33
28.220        33
28.230        47
28.240        53
28.250        20
28.260        33
28.270        13
28.280        20
28.290        13
28.300        53
28.310        27
28.320        13
28.330        20
28.340        27
28.350        47
28.360        33
28.370        33
28.380        13
28.390        40
28.400        20
28.410        27
28.420        13
28.430        13
28.440        47
28.450        27
28.460        53
28.470        20
28.480        27
28.490        47
28.500        33
28.510        20
28.520        53
28.530        20
28.540        47
28.550        27
28.560        47
28.570        27
28.580        27
28.590        33
28.600        33
28.610        20
28.620        13
28.630        20
28.640        20
28.650        40
28.660         7
28.670        40
28.680        53
28.690        40
28.700        13
28.710        27
28.720        13
28.730        27
28.740        20
28.750        33
28.760         7
28.770        47
28.780        33
28.790        40
28.800        33
28.810        33
28.820        20
28.830        20
28.840        20
28.850        27
28.860        13
28.870        60
28.880        13
28.890        27
28.900        27
28.910        33
28.920        33
28.930        40
28.940        20
28.950        20
28.960        47
28.970        20
28.980        20
28.990        27
29.000        13
29.010        67
29.020        40
29.030        20
29.040        33
29.050         0
29.060        67
29.070        27
29.080        27
29.090        33
29.100        47
29.110         7
29.120        20
29.130        60
29.140        33
29.150        27
29.160        33
29.170        13
29.180        53
29.190        40
29.200        73
29.210        40
29.220        27
29.230        27
29.240       107
29.250        60
29.260        67
29.270        20
29.280        27
29.290        93
29.300        13
29.310        53
29.320        40
29.330        40
29.340        33
29.350        53
29.360        13
29.370        40
29.380        40
29.390        27
29.400        53
29.410        20
29.420        47
29.430        27
29.440         0
29.450         7
29.460        27
29.470         7
29.480         7
29.490        20
29.500        33
29.510        20
29.520        40
29.530        47
29.540        13
29.550        27
29.560        47
29.570        27
29.580        40
29.590        27
29.600        20
29.610        33
29.620        33
29.630        20
29.640        40
29.650        33
29.660        13
29.670        27
29.680        27
29.690        40
29.700        20
29.710        47
29.720        40
29.730        33
29.740        20
29.750        20
29.760        20
29.770        27
29.780        20
29.790        27
29.800        27
29.810        33
29.820        13
29.830        27
29.840        13
29.850        20
29.860        53
29.870        40
29.880        13
29.890        33
29.900        33
29.910        20
29.920        33
29.930        27
29.940        27
29.950         7
29.960        20
29.970        60
29.980        33
29.990        33
30.000        13
30.010        20
30.020        20
30.030        20
30.040        20
30.050        27
30.060        27
30.070        13
30.080        27
30.090        20
30.100        40
30.110        13
30.120        27
30.130        13
30.140        33
30.150        33
30.160        27
30.170        27
30.180        47
30.190        33
30.200         7
30.210        13
30.220        20
30.230         7
30.240        13
30.250        40
30.260        27
30.270        67
30.280         7
30.290        20
30.300        20
30.310        33
30.320        60
30.330        67
30.340        20
30.350        33
30.360        27
30.370        20
30.380        27
30.390        40
30.400        40
30.410        13
30.420        20
30.430         0
30.440        40
30.450        73
30.460        20
30.470        47
30.480         7
30.490        33
30.500         7
30.510        13
30.520        20
30.530         0
30.540        33
30.550        40
30.560        27
30.570        40
30.580        20
30.590        33
30.600        27
30.610        13
30.620        13
30.630        13
30.640        40
30.650        13
30.660        27
30.670         7
30.680        13
30.690        33
30.700        47
30.710        20
30.720        33
30.730        40
30.740        67
30.750         0
30.760        27
30.770        13
30.780        33
30.790        40
30.800        47
30.810        13
30.820        20
30.830        20
30.840         7
30.850        27
30.860         7
30.870        13
30.880        13
30.890        20
30.900         0
30.910        27
30.920        33
30.930        27
30.940        13
30.950        20
30.960        20
30.970        20
30.980         0
30.990        20
31.000         7
31.010        27
31.020        40
31.030        20
31.040        40
31.050        33
31.060        13
31.070         7
31.080        13
31.090        40
31.100        33
31.110        20
31.120        27
31.130        13
31.140        13
31.150        33
31.160        13
31.170        33
31.180        47
31.190        33
31.200        33
31.210        33
31.220        13
31.230        13
31.240        13
31.250        33
31.260        53
31.270        13
31.280        13
31.290        27
31.300        33
31.310        20
31.320        40
31.330        27
31.340        40
31.350        47
31.360        13
31.370        27
31.380        47
31.390        20
31.400        33
31.410        60
31.420        27
31.430        27
31.440        20
31.450        13
31.460        33
31.470        33
31.480        33
31.490        47
31.500        20
31.510        40
31.520        13
31.530        40
31.540        20
31.550        27
31.560        20
31.570        33
31.580        20
31.590        60
31.600        33
31.610        27
31.620        13
31.630        27
31.640        40
31.650        27
31.660        33
31.670        27
31.680        40
31.690        27
31.700        20
31.710         7
31.720         7
31.730        47
31.740        27
31.750        33
31.760        47
31.770        27
31.780        20
31.790        47
31.800        20
31.810        47
31.820        13
31.830        27
31.840         7
31.850        53
31.860        13
31.870        13
31.880        20
31.890        27
31.900        20
31.910        53
31.920        47
31.930        40
31.940        33
31.950        20
31.960        47
31.970        27
31.980        40
31.990        73
32.000        47
32.010        20
32.020        13
32.030        33
32.040        47
32.050        47
32.060        60
32.070        60
32.080        60
32.090        47
32.100        87
32.110        27
32.120        27
32.130        47
32.140        53
32.150        60
32.160        60
32.170        60
32.180        60
32.190       107
32.200       133
32.210       127
32.220        87
32.230        80
32.240        73
32.250       113
32.260        87
32.270       120
32.280       133
32.290       160
32.300       180
32.310       200
32.320       187
32.330       173
32.340       207
32.350       253
32.360       227
32.370       233
32.380       287
32.390       260
32.400       247
32.410       233
32.420       200
32.430       233
32.440       227
32.450       213
32.460       220
32.470       340
32.480       240
32.490       180
32.500       267
32.510       207
32.520       193
32.530       260
32.540       187
32.550       133
32.560       180
32.570       113
32.580       160
32.590       113
32.600       160
32.610       147
32.620        87
32.630        73
32.640       100
32.650        80
32.660       120
32.670       173
32.680       120
32.690        87
32.700        67
32.710        53
32.720        73
32.730        60
32.740        20
32.750        40
32.760        53
32.770        93
32.780        53
32.790        33
32.800         7
32.810        33
32.820        13
32.830        27
32.840        47
32.850        20
32.860        40
32.870        67
32.880        13
32.890        53
32.900        20
32.910        13
32.920        27
32.930        67
32.940        27
32.950        40
32.960        47
32.970        20
32.980        13
32.990        20
33.000        33
33.010        33
33.020        20
33.030        60
33.040        13
33.050        13
33.060        53
33.070        20
33.080        13
33.090        40
33.100        27
33.110        20
33.120        33
33.130        53
33.140        27
33.150        13
33.160        20
33.170         7
33.180        13
33.190        20
33.200        27
33.210        20
33.220        33
33.230        13
33.240        27
33.250        27
33.260        20
33.270         7
33.280         7
33.290        20
33.300         7
33.310        33
33.320        20
33.330        33
33.340         7
33.350        27
33.360        13
33.370        20
33.380        27
33.390        20
33.400        20
33.410        33
33.420        20
33.430        33
33.440        47
33.450        40
33.460        20
33.470        27
33.480        20
33.490        47
33.500        27
33.510        20
33.520        27
33.530        40
33.540        33
33.550         7
33.560        13
33.570         0
33.580         7
33.590        27
33.600         7
33.610        40
33.620         7
33.630         7
33.640        33
33.650        20
33.660         7
33.670        40
33.680        47
33.690        13
33.700        27
33.710        27
33.720        33
33.730        47
33.740         7
33.750        27
33.760        20
33.770        13
33.780         0
33.790         7
33.800        13
33.810         7
33.820         0
33.830        33
33.840        47
33.850        33
33.860        27
33.870        20
33.880        27
33.890        40
33.900         7
33.910        13
33.920        13
33.930        13
33.940        13
33.950        33
33.960        20
33.970        27
33.980        13
33.990         7
34.000         7
34.010        20
34.020        27
34.030        33
34.040        13
34.050        20
34.060        20
34.070        27
34.080        13
34.090        27
34.100        33
34.110         7
34.120         7
34.130        33
34.140        27
34.150        13
34.160        20
34.170        13
34.180        27
34.190        13
34.200        20
34.210        27
34.220        20
34.230        27
34.240         0
34.250        47
34.260         7
34.270        20
34.280         0
34.290        20
34.300        13
34.310        20
34.320        27
34.330         7
34.340        27
34.350         0
34.360        13
34.370         0
34.380         7
34.390        20
34.400        13
34.410        47
34.420        13
34.430        20
34.440        13
34.450        27
34.460        27
34.470        13
34.480        20
34.490        27
34.500        27
34.510        73
34.520        20
34.530        27
34.540        13
34.550        33
34.560        20
34.570         7
34.580        13
34.590        27
34.600        27
34.610        27
34.620        27
34.630         7
34.640         7
34.650        20
34.660        20
34.670        20
34.680        13
34.690         7
34.700        40
34.710        20
34.720         0
34.730        33
34.740        13
34.750         7
34.760        13
34.770        27
34.780        20
34.790        27
34.800        20
34.810        13
34.820        20
34.830        20
34.840        13
34.850         7
34.860        33
34.870        20
34.880        60
34.890         0
34.900        20
34.910         7
34.920        40
34.930        27
34.940        13
34.950         0
34.960        20
34.970        27
34.980        20
34.990        20
35.000        20
35.010        13
35.020        13
35.030        27
35.040        13
35.050        27
35.060        13
35.070         7
35.080        20
35.090        13
35.100        40
35.110         0
35.120        13
35.130        13
35.140        40
35.150        13
35.160        20
35.170        20
35.180        13
35.190        27
35.200        33
35.210         7
35.220        20
35.230        20
35.240        33
35.250        13
35.260        20
35.270        67
35.280        13
35.290        20
35.300        27
35.310         0
35.320        20
35.330        20
35.340        13
35.350        20
35.360        13
35.370        13
35.380        13
35.390        13
35.400        20
35.410        20
35.420        53
35.430        33
35.440         7
35.450        27
35.460        13
35.470        13
35.480        33
35.490        20
35.500        40
35.510         7
35.520        13
35.530         7
35.540        27
35.550        27
35.560        20
35.570        53
35.580        13
35.590        20
35.600        20
35.610        20
35.620         7
35.630        40
35.640        27
35.650        27
35.660        20
35.670        13
35.680        13
35.690         7
35.700        33
35.710        13
35.720        20
35.730         7
35.740        33
35.750        13
35.760        47
35.770        27
35.780        20
35.790        13
35.800        33
35.810        47
35.820         7
35.830        40
35.840        53
35.850        13
35.860        27
35.870        27
35.880        20
35.890        20
35.900        20
35.910        20
35.920        33
35.930         7
35.940        47
35.950        13
35.960        13
35.970        20
35.980        13
35.990        13
36.000        13
36.010        13
36.020        13
36.030        47
36.040        13
36.050        40
36.060         0
36.070        20
36.080        13
36.090        20
36.100        20
36.110        13
36.120        20
36.130         7
36.140        27
36.150        13
36.160        13
36.170        20
36.180        27
36.190        20
36.200        13
36.210        20
36.220        27
36.230        13
36.240        20
36.250        13
36.260         7
36.270        33
36.280        33
36.290        13
36.300        13
36.310        20
36.320        20
36.330         0
36.340        40
36.350        13
36.360         0
36.370        27
36.380        27
36.390         7
36.400        33
36.410        20
36.420        47
36.430        27
36.440         7
36.450        20
36.460        20
36.470        13
36.480        13
36.490         0
36.500        13
36.510        13
36.520        13
36.530         7
36.540        13
36.550        27
36.560        33
36.570        13
36.580         7
36.590        20
36.600         0
36.610        13
36.620        27
36.630        27
36.640        27
36.650        13
36.660        40
36.670         7
36.680        27
36.690        20
36.700         7
36.710        20
36.720         0
36.730        20
36.740        20
36.750        13
36.760        13
36.770         7
36.780        33
36.790         0
36.800        20
36.810        27
36.820        47
36.830        20
36.840         0
36.850        20
36.860         0
36.870        13
36.880         0
36.890         7
36.900        27
36.910        13
36.920        13
36.930        20
36.940        27
36.950         7
36.960        27
36.970         7
36.980         0
36.990        13
37.000         7
37.010        20
37.020        40
37.030        13
37.040        13
37.050        20
37.060        20
37.070        20
37.080         7
37.090         0
37.100        20
37.110        20
37.120         7
37.130        13
37.140        20
37.150         0
37.160        13
37.170        20
37.180         7
37.190        13
37.200        27
37.210        13
37.220        13
37.230        33
37.240         7
37.250        20
37.260        13
37.270         7
37.280         0
37.290        20
37.300        13
37.310        27
37.320        20
37.330        27
37.340        13
37.350        33
37.360        13
37.370        33
37.380        20
37.390        20
37.400        13
37.410        13
37.420        27
37.430         0
37.440        47
37.450        33
37.460        20
37.470        20
37.480        20
37.490        13
37.500        13
37.510        47
37.520        27
37.530        47
37.540         0
37.550        33
37.560        13
37.570        33
37.580        20
37.590         7
37.600         7
37.610        20
37.620         7
37.630        20
37.640        20
37.650        33
37.660         7
37.670         7
37.680        13
37.690        13
37.700        20
37.710        20
37.720        20
37.730        13
37.740        27
37.750        20
37.760        27
37.770        27
37.780         0
37.790        20
37.800         7
37.810         0
37.820        13
37.830        13
37.840        27
37.850        20
37.860        13
37.870        20
37.880        20
37.890        20
37.900        20
37.910         7
37.920        33
37.930        27
37.940         7
37.950        13
37.960        47
37.970        13
37.980        13
37.990        13
38.000        27
38.010        20
38.020        20
38.030         7
38.040         7
38.050        33
38.060        13
38.070        40
38.080        40
38.090         7
38.100        20
38.110        13
38.120        13
38.130         7
38.140        13
38.150        20
38.160        53
38.170        13
38.180         7
38.190        13
38.200        27
38.210         0
38.220        13
38.230        20
38.240        13
38.250        47
38.260         0
38.270         7
38.280        20
38.290        20
38.300        27
38.310         7
38.320        13
38.330        13
38.340         7
38.350        20
38.360        33
38.370        13
38.380        13
38.390        13
38.400         0
38.410        13
38.420        13
38.430         7
38.440        40
38.450        27
38.460        13
38.470        13
38.480        40
38.490        27
38.500        20
38.510        33
38.520        27
38.530        13
38.540        33
38.550         7
38.560        13
38.570        13
38.580        33
38.590        13
38.600        33
38.610        20
38.620        33
38.630        27
38.640        27
38.650        13
38.660        20
38.670        27
38.680         7
38.690        27
38.700         7
38.710         7
38.720         0
38.730         7
38.740        13
38.750         7
38.760         7
38.770        27
38.780        13
38.790        13
38.800        27
38.810        13
38.820        20
38.830        13
38.840        13
38.850         7
38.860        20
38.870        20
38.880        13
38.890        13
38.900        20
38.910        27
38.920        47
38.930        33
38.940        13
38.950        13
38.960        33
38.970        27
38.980        27
38.990        13
39.000        20
39.010         7
39.020        13
39.030        33
39.040        20
39.050        13
39.060        27
39.070         0
39.080         0
39.090        53
39.100        20
39.110         7
39.120        20
39.130        13
39.140        20
39.150        20
39.160        53
39.170        13
39.180        40
39.190        47
39.200        27
39.210        47
39.220        27
39.230        60
39.240         7
39.250        20
39.260        40
39.270        20
39.280        33
39.290        40
39.300        13
39.310        20
39.320        27
39.330         7
39.340        33
39.350        60
39.360        33
39.370         7
39.380        47
39.390         0
39.400        20
39.410        13
39.420        20
39.430         7
39.440        33
39.450         0
39.460        20
39.470        20
39.480        13
39.490        27
39.500        13
39.510         7
39.520         7
39.530        13
39.540        27
39.550         7
39.560        13
39.570        13
39.580        20
39.590        27
39.600        27
39.610        13
39.620        20
39.630        13
39.640        20
39.650        13
39.660        33
39.670        40
39.680        40
39.690        13
39.700        33
39.710        13
39.720         7
39.730        13
39.740        13
39.750        27
39.760        27
39.770        13
39.780        20
39.790        33
39.800        20
39.810        20
39.820         7
39.830        20
39.840        27
39.850        27
39.860        13
39.870        27
39.880        13
39.890        13
39.900        27
39.910        40
39.920        53
39.930        27
39.940        20
39.950        20
39.960        33
39.970        33
39.980        53
39.990        47
40.000        20
40.010        20
40.020        13
40.030        33
40.040        33
40.050        73
40.060        33
40.070        33
40.080        27
40.090        33
40.100        13
40.110        40
40.120        27
40.130        27
40.140        27
40.150        20
40.160        27
40.170        13
40.180        27
40.190        20
40.200        40
40.210        47
40.220        27
40.230        13
40.240        20
40.250        27
40.260        13
40.270        13
40.280        27
40.290         7
40.300        27
40.310        20
40.320        20
40.330         7
40.340        20
40.350         7
40.360        13
40.370        13
40.380         7
40.390        20
40.400        13
40.410        13
40.420        13
40.430        13
40.440        27
40.450        20
40.460         7
40.470        20
40.480         7
40.490         7
40.500        13
40.510        13
40.520        20
40.530        27
40.540         7
40.550        13
40.560         7
40.570        13
40.580         7
40.590        27
40.600        13
40.610        27
40.620        27
40.630        20
40.640        20
40.650        20
40.660        27
40.670        20
40.680         7
40.690        13
40.700         7
40.710        27
40.720        20
40.730        20
40.740        13
40.750         7
40.760         7
40.770         7
40.780        20
40.790        20
40.800        27
40.810         0
40.820        20
40.830        20
40.840        13
40.850        27
40.860        13
40.870         0
40.880        13
40.890        20
40.900        40
40.910        13
40.920        20
40.930         0
40.940         0
40.950        33
40.960        33
40.970         0
40.980         7
40.990        20
41.000        33
41.010         7
41.020         7
41.030        13
41.040        40
41.050        53
41.060        53
41.070        27
41.080        33
41.090        20
41.100         7
41.110        13
41.120        20
41.130        20
41.140        20
41.150         0
41.160        13
41.170        27
41.180         0
41.190         0
41.200         7
41.210        13
41.220        27
41.230        13
41.240        33
41.250        33
41.260        27
41.270        27
41.280        27
41.290        13
41.300        13
41.310        47
41.320        33
41.330        47
41.340        27
41.350        40
41.360        33
41.370        60
41.380        33
41.390        13
41.400        27
41.410        27
41.420        27
41.430        40
41.440        13
41.450        20
41.460        33
41.470        20
41.480        20
41.490        27
41.500        27
41.510        53
41.520        13
41.530        33
41.540        27
41.550        20
41.560        27
41.570        33
41.580        60
41.590        47
41.600        73
41.610        27
41.620        27
41.630        53
41.640        60
41.650        27
41.660        27
41.670         0
41.680        53
41.690        33
41.700         7
41.710        13
41.720        20
41.730        20
41.740        33
41.750        33
41.760        13
41.770        13
41.780        47
41.790        27
41.800        33
41.810        27
41.820        13
41.830        13
41.840        13
41.850        60
41.860        40
41.870         7
41.880        27
41.890        33
41.900        20
41.910        20
41.920        20
41.930        13
41.940        47
41.950         7
41.960        40
41.970        33
41.980        27
41.990        27
42.000        33
42.010         7
42.020         7
42.030        47
42.040        20
42.050        13
42.060        13
42.070        40
42.080        47
42.090        20
42.100        13
42.110        40
42.120         7
42.130        20
42.140        27
42.150        27
42.160        13
42.170        13
42.180        20
42.190         0
42.200        20
42.210        20
42.220        27
42.230         7
42.240        13
42.250         7
42.260         7
42.270        40
42.280        33
42.290        13
42.300         7
42.310         0
42.320         7
42.330        20
42.340        20
42.350        13
42.360        13
42.370        20
42.380        20
42.390        20
42.400         0
42.410        27
42.420        13
42.430        20
42.440        27
42.450        20
42.460        27
42.470         7
42.480        33
42.490        20
42.500        27
42.510        40
42.520        13
42.530         0
42.540        13
42.550        33
42.560         7
42.570        13
42.580        13
42.590        27
42.600        33
42.610         7
42.620        20
42.630        27
42.640        13
42.650         7
42.660        20
42.670        13
42.680        47
42.690        33
42.700        20
42.710         7
42.720        27
42.730         7
42.740        20
42.750         7
42.760        13
42.770        27
42.780        27
42.790        27
42.800        20
42.810         7
42.820        40
42.830        20
42.840        13
42.850        40
42.860        47
42.870        27
42.880        13
42.890        20
42.900         7
42.910        40
42.920        27
42.930        13
42.940        47
42.950        13
42.960        33
42.970        20
42.980        20
42.990        20
43.000        13
43.010        27
43.020        33
43.030        33
43.040        13
43.050        40
43.060        33
43.070        27
43.080        20
43.090        20
43.100        27
43.110         0
43.120        53
43.130        47
43.140        13
43.150        20
43.160         0
43.170        27
43.180        40
43.190        33
43.200        40
43.210        47
43.220         7
43.230         0
43.240        33
43.250        67
43.260        13
43.270        20
43.280        20
43.290        13
43.300        20
43.310        20
43.320        20
43.330        40
43.340        20
43.350        27
43.360        27
43.370        33
43.380        20
43.390        33
43.400        20
43.410        20
43.420        13
43.430        40
43.440        20
43.450        40
43.460         7
43.470        13
43.480        33
43.490         7
43.500         0
43.510        20
43.520        40
43.530        27
43.540        20
43.550        20
43.560         7
43.570        20
43.580        20
43.590        27
43.600        13
43.610         7
43.620        53
43.630        27
43.640        27
43.650        40
43.660        27
43.670        20
43.680         7
43.690        33
43.700        20
43.710        27
43.720        27
43.730        60
43.740         0
43.750        40
43.760         7
43.770        13
43.780        27
43.790        13
43.800        13
43.810        33
43.820         7
43.830         7
43.840         7
43.850         7
43.860        33
43.870        33
43.880        20
43.890        13
43.900        27
43.910        47
43.920        27
43.930        13
43.940        13
43.950         7
43.960        13
43.970        20
43.980        47
43.990        20
44.000        13
44.010        33
44.020        20
44.030         7
44.040         7
44.050        40
44.060        27
44.070         7
44.080        13
44.090        13
44.100        13
44.110        33
44.120        33
44.130        20
44.140        20
44.150        27
44.160        20
44.170        73
44.180        20
44.190        27
44.200        20
44.210        20
44.220        20
44.230        13
44.240        40
44.250        27
44.260        20
44.270        47
44.280        20
44.290        53
44.300        40
44.310         0
44.320        40
44.330        20
44.340        20
44.350        47
44.360        20
44.370        20
44.380         7
44.390        27
44.400        13
44.410        20
44.420        40
44.430        20
44.440        60
44.450        47
44.460        40
44.470        13
44.480        67
44.490        33
44.500        20
44.510        27
44.520        33
44.530        47
44.540        40
44.550        53
44.560        27
44.570        27
44.580        13
44.590        73
44.600        40
44.610        73
44.620        40
44.630        40
44.640        53
44.650        40
44.660        33
44.670        13
44.680        20
44.690        27
44.700        67
44.710        40
44.720        27
44.730        67
44.740        60
44.750        47
44.760        53
44.770        40
44.780        60
44.790        27
44.800        73
44.810        47
44.820        40
44.830        47
44.840        67
44.850        40
44.860        93
44.870        47
44.880        67
44.890        53
44.900        73
44.910        60
44.920        47
44.930        60
44.940        53
44.950        67
44.960        87
44.970        60
44.980        60
44.990        60
45.000        60
45.010        67
45.020        47
45.030        27
45.040        60
45.050        80
45.060       100
45.070        93
45.080        40
45.090        73
45.100        60
45.110       107
45.120        53
45.130        53
45.140       100
45.150       107
45.160        87
45.170        67
45.180        53
45.190       100
45.200        60
45.210       100
45.220        60
45.230        80
45.240        60
45.250        93
45.260        53
45.270        67
45.280        93
45.290       107
45.300       107
45.310       107
45.320       113
45.330        80
45.340       127
45.350       113
45.360       140
45.370        53
45.380       133
45.390       167
45.400       173
45.410        93
45.420       107
45.430       127
45.440       173
45.450       133
45.460       153
45.470       120
45.480       160
45.490       140
45.500       113
45.510       193
45.520       160
45.530       113
45.540       200
45.550       140
45.560       193
45.570       233
45.580       180
45.590       187
45.600       213
45.610       253
45.620       107
45.630       207
45.640       260
45.650       247
45.660       267
45.670       227
45.680       280
45.690       180
45.700       313
45.710       247
45.720       293
45.730       267
45.740       347
45.750       280
45.760       260
45.770       413
45.780       460
45.790       407
45.800       486
45.810       313
45.820       480
45.830       506
45.840       500
45.850       546
45.860       593
45.870       540
45.880       586
45.890       740
45.900       706
45.910       753
45.920      1013
45.930       660
45.940       820
45.950       873
45.960       920
45.970       926
45.980       980
45.990      1100
46.000      1200
46.010      1266
46.020      1233
46.030      1220
46.040      1299
46.050      1293
46.060      1566
46.070      1553
46.080      1719
46.090      1593
46.100      1766
46.110      1859
46.120      1946
46.130      1919
46.140      2232
46.150      2212
46.160      2132
46.170      2239
46.180      2452
46.190      2572
46.200      2346
46.210      2646
46.220      2552
46.230      2819
46.240      2612
46.250      2786
46.260      2899
46.270      2906
46.280      2772
46.290      3085
46.300      2932
46.310      3059
46.320      3352
46.330      3032
46.340      3125
46.350      3065
46.360      3245
46.370      3092
46.380      3165
46.390      2992
46.400      3032
46.410      3179
46.420      3065
46.430      2932
46.440      2925
46.450      2985
46.460      2706
46.470      2792
46.480      2546
46.490      2279
46.500      2446
46.510      2546
46.520      2312
46.530      2452
46.540      2419
46.550      1893
46.560      2019
46.570      2119
46.580      2013
46.590      1793
46.600      1839
46.610      1446
46.620      1619
46.630      1606
46.640      1646
46.650      1240
46.660      1413
46.670      1326
46.680      1293
46.690      1246
46.700      1180
46.710      1120
46.720      1006
46.730      1086
46.740       960
46.750      1006
46.760       866
46.770       753
46.780       693
46.790       766
46.800       773
46.810       753
46.820       806
46.830       773
46.840       666
46.850       633
46.860       553
46.870       506
46.880       426
46.890       586
46.900       473
46.910       493
46.920       513
46.930       293
46.940       333
46.950       440
46.960       373
46.970       280
46.980       333
46.990       273
47.000       373
47.010       333
47.020       227
47.030       287
47.040       380
47.050       240
47.060       200
47.070       227
47.080       233
47.090       233
47.100       300
47.110       260
47.120       187
47.130       147
47.140       200
47.150       233
47.160       180
47.170       187
47.180       153
47.190       173
47.200       127
47.210       127
47.220       120
47.230       173
47.240       167
47.250       127
47.260       167
47.270       147
47.280       127
47.290       153
47.300       127
47.310       107
47.320       120
47.330       153
47.340       160
47.350       140
47.360       113
47.370       113
47.380       120
47.390       140
47.400       100
47.410       113
47.420       120
47.430        80
47.440       107
47.450        73
47.460       120
47.470       107
47.480       153
47.490        67
47.500       100
47.510        80
47.520        87
47.530        60
47.540       160
47.550        67
47.560        80
47.570        53
47.580        60
47.590        80
47.600        67
47.610        67
47.620        93
47.630        33
47.640        67
47.650        80
47.660        73
47.670        60
47.680        80
47.690        60
47.700       107
47.710        40
47.720        47
47.730       113
47.740        60
47.750        87
47.760        67
47.770        67
47.780        33
47.790        73
47.800        47
47.810        53
47.820        60
47.830        67
47.840       113
47.850       127
47.860        47
47.870        20
47.880        40
47.890        40
47.900        27
47.910        60
47.920        20
47.930        40
47.940        67
47.950        67
47.960        73
47.970        33
47.980        20
47.990        40
48.000        47
48.010        47
48.020        87
48.030        33
48.040        33
48.050        13
48.060       113
48.070        60
48.080        40
48.090        27
48.100        60
48.110        73
48.120        60
48.130        60
48.140        53
48.150        40
48.160        53
48.170        67
48.180        47
48.190        53
48.200        40
48.210        40
48.220        87
48.230        80
48.240        27
48.250        33
48.260        13
48.270        13
48.280        53
48.290        67
48.300        47
48.310        53
48.320        60
48.330        87
48.340        33
48.350        33
48.360        67
48.370        33
48.380        53
48.390        67
48.400        60
48.410        60
48.420        67
48.430        53
48.440        60
48.450        73
48.460        40
48.470        53
48.480        27
48.490        40
48.500        40
48.510        20
48.520        40
48.530        33
48.540        20
48.550        27
48.560        60
48.570        13
48.580        40
48.590        53
48.600        40
48.610        67
48.620        20
48.630        53
48.640        47
48.650        60
48.660        20
48.670        73
48.680        47
48.690        60
48.700        20
48.710        40
48.720        47
48.730        53
48.740        27
48.750        53
48.760        53
48.770        33
48.780        40
48.790        33
48.800        40
48.810        20
48.820        20
48.830         7
48.840        53
48.850        73
48.860        53
48.870        13
48.880        33
48.890        27
48.900        60
48.910        40
48.920        27
48.930        40
48.940        67
48.950        40
48.960        13
48.970        27
48.980        53
48.990        20
49.000        33
49.010        33
49.020        20
49.030        33
49.040        47
49.050        33
49.060        60
49.070        20
49.080        40
49.090         7
49.100        13
49.110        67
49.120        47
49.130        40
49.140        93
49.150        13
49.160        27
49.170        40
49.180        40
49.190        33
49.200        60
49.210        33
49.220        20
49.230        33
49.240        13
49.250        60
49.260        20
49.270        13
49.280        40
49.290        33
49.300        40
49.310        67
49.320        53
49.330        27
49.340        60
49.350        33
49.360        47
49.370        27
49.380        67
49.390         7
49.400        27
49.410        67
49.420       107
49.430        33
49.440        53
49.450        40
49.460        27
49.470        67
49.480        27
49.490        20
49.500        53
49.510        33
49.520        33
49.530        27
49.540        27
49.550        47
49.560        27
49.570        13
49.580         0
49.590        40
49.600         7
49.610        53
49.620        40
49.630        27
49.640        20
49.650        20
49.660        47
49.670        53
49.680        40
49.690        40
49.700        40
49.710        60
49.720        20
49.730        13
49.740        40
49.750        33
49.760        47
49.770        20
49.780        20
49.790        13
49.800        13
49.810        27
49.820        13
49.830        33
49.840        13
49.850        47
49.860        53
49.870        47
49.880        27
49.890        33
49.900        33
49.910        40
49.920        60
49.930        20
49.940        47
49.950        33
49.960        20
49.970        33
49.980        47
49.990        47
50.000        27
50.010        27
50.020        13
50.030        47
50.040        20
50.050        33
50.060        33
50.070        27
50.080        47
50.090        40
50.100        53
50.110        27
50.120         7
50.130         7
50.140        47
50.150        47
50.160        20
50.170        13
50.180        47
50.190        47
50.200        40
50.210        53
50.220        40
50.230        33
50.240        33
50.250        20
50.260        80
50.270        20
50.280        40
50.290        47
50.300        20
50.310        13
50.320        27
50.330        27
50.340        27
50.350        27
50.360        13
50.370        53
50.380        27
50.390        33
50.400        40
50.410        47
50.420         7
50.430        40
50.440        27
50.450        47
50.460        27
50.470        33
50.480        40
50.490        13
50.500        20
50.510        33
50.520        33
50.530        47
50.540        47
50.550        13
50.560        33
50.570        53
50.580        20
50.590         7
50.600        27
50.610        20
50.620        53
50.630        13
50.640         7
50.650        13
50.660        13
50.670        27
50.680        13
50.690        13
50.700        33
50.710         7
50.720        27
50.730        27
50.740        20
50.750        27
50.760        27
50.770        33
50.780        33
50.790        40
50.800        47
50.810        33
50.820        53
50.830        33
50.840         7
50.850        47
50.860        27
50.870        33
50.880        40
50.890        27
50.900        20
50.910        13
50.920        20
50.930        33
50.940        33
50.950        40
50.960        40
50.970        33
50.980        27
50.990        73
51.000        53
51.010         7
51.020        73
51.030        13
51.040        13
51.050        27
51.060        13
51.070        20
51.080        27
51.090        20
51.100        13
51.110        53
51.120        13
51.130        27
51.140        40
51.150        20
51.160        13
51.170        33
51.180        33
51.190        27
51.200        40
51.210        20
51.220        47
51.230        20
51.240        27
51.250        60
51.260        60
51.270        27
51.280        40
51.290        27
51.300        33
51.310        33
51.320        33
51.330        40
51.340        47
51.350        33
51.360        20
51.370        20
51.380        47
51.390        67
51.400        27
51.410        40
51.420         0
51.430        13
51.440        33
51.450        33
51.460         7
51.470        27
51.480        20
51.490        27
51.500        40
51.510        47
51.520        40
51.530         7
51.540        40
51.550        20
51.560        40
51.570        33
51.580        33
51.590        13
51.600        27
51.610        27
51.620        20
51.630        27
51.640        33
51.650        33
51.660        40
51.670        47
51.680        27
51.690         7
51.700        13
51.710        27
51.720        73
51.730        20
51.740        47
51.750        20
51.760        27
51.770        13
51.780        47
51.790        47
51.800        27
51.810        33
51.820        33
51.830        60
51.840        40
51.850        27
51.860        53
51.870        20
51.880        67
51.890        40
51.900        13
51.910        13
51.920        40
51.930        27
51.940        20
51.950        27
51.960         7
51.970        73
51.980        53
51.990        53
52.000        47
52.010        40
52.020        27
52.030        27
52.040        13
52.050        20
52.060        80
52.070        47
52.080        60
52.090        60
52.100        27
52.110        47
52.120        20
52.130        40
52.140        47
52.150        40
52.160        60
52.170        53
52.180        40
52.190        13
52.200         7
52.210         7
52.220        33
52.230        40
52.240        33
52.250        47
52.260         7
52.270        47
52.280        13
52.290        40
52.300        33
52.310        33
52.320        87
52.330        60
52.340        33
52.350        33
52.360        60
52.370        20
52.380         7
52.390        47
52.400        27
52.410        33
52.420        20
52.430        40
52.440        60
52.450        47
52.460        40
52.470        87
52.480        40
52.490        80
52.500        60
52.510        53
52.520        40
52.530        47
52.540        33
52.550        20
52.560        73
52.570        60
52.580        87
52.590        73
52.600        67
52.610        40
52.620        53
52.630        40
52.640        67
52.650       100
52.660        27
52.670        40
52.680        40
52.690        60
52.700        80
52.710        47
52.720        40
52.730        53
52.740        40
52.750        40
52.760        73
52.770        53
52.780        53
52.790        27
52.800        27
52.810        53
52.820        73
52.830        33
52.840        27
52.850        27
52.860        67
52.870        60
52.880        53
52.890        13
52.900        60
52.910        20
52.920        47
52.930        13
52.940        20
52.950        47
52.960        27
52.970        60
52.980        40
52.990        60
53.000        20
53.010        40
53.020        60
53.030        40
53.040        40
53.050        40
53.060        53
53.070        20
53.080        20
53.090        33
53.100        27
53.110         7
53.120        13
53.130        53
53.140        33
53.150        27
53.160        27
53.170        47
53.180        53
53.190        47
53.200        20
53.210        33
53.220        33
53.230        20
53.240        20
53.250        40
53.260        33
53.270        60
53.280        33
53.290        47
53.300        60
53.310        20
53.320        33
53.330        33
53.340        33
53.350        20
53.360        40
53.370        33
53.380        33
53.390        40
53.400        27
53.410        53
53.420        20
53.430        20
53.440        33
53.450        60
53.460        27
53.470        27
53.480        20
53.490        33
53.500        40
53.510        33
53.520        33
53.530        53
53.540        27
53.550        13
53.560        27
53.570        60
53.580        27
53.590        33
53.600        27
53.610        40
53.620        47
53.630        27
53.640        20
53.650        47
53.660        40
53.670        33
53.680         7
53.690        20
53.700        20
53.710        13
53.720        27
53.730        13
53.740        33
53.750        20
53.760        20
53.770        53
53.780        13
53.790        53
53.800        60
53.810        33
53.820        27
53.830        27
53.840        20
53.850        33
53.860        20
53.870        13
53.880        13
53.890        40
53.900        27
53.910        13
53.920        33
53.930        33
53.940        13
53.950        47
53.960        40
53.970        33
53.980        20
53.990        53
54.000         0
54.010        33
54.020        40
54.030        20
54.040        13
54.050        47
54.060        33
54.070        27
54.080        53
54.090        53
54.100         7
54.110        40
54.120        20
54.130        13
54.140        27
54.150        20
54.160         7
54.170        13
54.180        33
54.190        33
54.200        33
54.210        33
54.220        40
54.230         7
54.240        33
54.250        33
54.260        27
54.270        40
54.280        47
54.290        27
54.300        27
54.310        47
54.320        13
54.330        40
54.340        27
54.350        13
54.360        33
54.370        13
54.380        47
54.390        27
54.400        13
54.410        27
54.420        40
54.430        27
54.440        13
54.450        20
54.460        33
54.470        40
54.480        53
54.490        20
54.500        33
54.510        27
54.520         7
54.530        20
54.540        13
54.550        20
54.560        53
54.570        13
54.580         7
54.590        27
54.600        20
54.610        27
54.620        13
54.630        27
54.640        33
54.650        33
54.660        13
54.670        20
54.680        33
54.690        13
54.700        33
54.710        33
54.720        27
54.730        20
54.740        27
54.750        27
54.760        20
54.770        40
54.780        27
54.790        20
54.800        27
54.810        13
54.820        27
54.830        20
54.840        27
54.850        13
54.860        27
54.870        20
54.880        27
54.890        27
54.900        33
54.910        27
54.920        33
54.930        13
54.940        27
54.950        33
54.960        27
54.970        20
54.980        47
54.990        20
55.000        27
55.010        13
55.020        20
55.030        33
55.040        33
55.050        33
55.060        13
55.070        27
55.080        40
55.090        27
55.100        13
55.110        20
55.120        13
55.130        27
55.140        40
55.150         7
55.160        27
55.170        20
55.180        27
55.190        20
55.200        33
55.210        20
55.220         7
55.230        27
55.240        33
55.250         0
55.260         7
55.270        13
55.280         7
55.290         7
55.300        20
55.310         7
55.320        13
55.330        20
55.340        20
55.350        20
55.360        20
55.370        13
55.380         7
55.390         7
55.400        40
55.410        40
55.420        40
55.430        33
55.440        27
55.450        33
55.460        13
55.470         0
55.480        20
55.490        20
55.500         7
55.510        13
55.520        27
55.530        33
55.540        27
55.550        20
55.560        33
55.570        20
55.580        40
55.590        27
55.600         7
55.610        13
55.620        20
55.630        20
55.640        20
55.650        33
55.660        33
55.670         0
55.680         0
55.690        20
55.700        13
55.710        13
55.720        27
55.730        53
55.740        47
55.750        27
55.760         0
55.770        13
55.780        20
55.790        40
55.800        33
55.810        67
55.820        40
55.830        27
55.840        20
55.850        27
55.860        27
55.870        40
55.880         0
55.890        20
55.900        40
55.910        13
55.920        20
55.930        13
55.940        13
55.950         7
55.960        20
55.970        33
55.980         7
55.990        33
56.000        13
56.010         7
56.020         7
56.030         7
56.040        47
56.050        27
56.060        27
56.070        20
56.080        27
56.090        13
56.100        13
56.110        27
56.120         7
56.130         0
56.140        13
56.150        27
56.160        20
56.170         7
56.180        27
56.190        20
56.200        40
56.210         0
56.220        40
56.230         0
56.240        20
56.250        20
56.260        13
56.270        20
56.280        13
56.290        33
56.300        27
56.310        27
56.320        13
56.330         7
56.340        13
56.350        40
56.360        13
56.370        47
56.380        20
56.390        33
56.400        27
56.410        27
56.420        20
56.430        33
56.440        13
56.450        20
56.460        13
56.470        20
56.480        47
56.490        27
56.500        53
56.510        33
56.520        13
56.530        20
56.540        47
56.550         7
56.560        13
56.570        20
56.580        13
56.590        27
56.600        20
56.610        20
56.620        27
56.630         7
56.640         7
56.650        27
56.660         7
56.670        33
56.680        27
56.690        20
56.700        13
56.710        20
56.720        27
56.730        20
56.740        40
56.750        13
56.760        27
56.770         0
56.780        40
56.790        27
56.800        20
56.810         7
56.820        20
56.830        20
56.840        13
56.850        20
56.860        33
56.870         0
56.880        33
56.890         7
56.900        13
56.910         7
56.920        13
56.930        13
56.940        13
56.950        13
56.960        13
56.970        27
56.980         7
56.990        27
57.000        27
57.010        20
57.020        13
57.030         0
57.040        27
57.050        33
57.060        20
57.070        13
57.080        20
57.090        27
57.100        13
57.110        33
57.120        20
57.130        13
57.140        27
57.150        27
57.160        33
57.170        13
57.180        20
57.190        33
57.200        47
57.210         7
57.220        27
57.230        20
57.240        13
57.250        13
57.260        20
57.270        33
57.280        27
57.290        40
57.300         7
57.310        27
57.320         7
57.330        20
57.340         0
57.350        47
57.360        33
57.370         7
57.380        20
57.390        13
57.400         7
57.410        27
57.420        27
57.430        27
57.440        20
57.450        33
57.460        27
57.470        27
57.480        13
57.490        13
57.500         7
57.510        20
57.520        20
57.530        40
57.540         0
57.550        33
57.560        27
57.570        20
57.580        33
57.590        20
57.600         7
57.610        40
57.620         0
57.630        13
57.640         7
57.650        33
57.660        13
57.670        20
57.680        40
57.690        20
57.700        27
57.710        13
57.720        13
57.730        13
57.740        27
57.750        13
57.760        20
57.770        27
57.780        40
57.790        27
57.800        13
57.810         7
57.820        27
57.830        33
57.840        20
57.850         7
57.860        27
57.870        20
57.880        13
57.890        33
57.900        13
57.910        20
57.920        20
57.930        13
57.940        20
57.950        20
57.960         7
57.970        27
57.980        33
57.990        20
58.000         7
58.010        13
58.020         7
58.030        20
58.040        27
58.050         7
58.060        40
58.070        20
58.080        20
58.090        27
58.100        40
58.110        27
58.120         7
58.130         7
58.140        27
58.150        40
58.160        20
58.170        40
58.180        13
58.190        33
58.200        27
58.210        20
58.220        13
58.230        13
58.240        20
58.250        47
58.260        13
58.270         7
58.280         0
58.290        20
58.300        13
58.310        33
58.320        33
58.330         7
58.340        13
58.350        13
58.360        13
58.370        13
58.380         7
58.390        13
58.400        40
58.410        13
58.420        13
58.430        13
58.440        27
58.450        13
58.460        13
58.470        20
58.480        40
58.490         7
58.500        20
58.510        13
58.520        40
58.530        13
58.540        13
58.550         7
58.560         7
58.570        33
58.580        20
58.590        20
58.600        27
58.610         7
58.620         7
58.630         7
58.640        47
58.650        20
58.660        27
58.670        13
58.680        20
58.690        20
58.700        13
58.710         7
58.720        27
58.730        33
58.740        13
58.750        13
58.760        20
58.770        33
58.780        20
58.790        20
58.800         0
58.810        27
58.820        40
58.830        20
58.840        27
58.850        20
58.860        20
58.870         0
58.880         7
58.890        33
58.900         0
58.910        20
58.920        20
58.930        13
58.940         7
58.950        27
58.960        27
58.970        40
58.980        13
58.990        13
59.000         7
59.010        20
59.020         7
59.030        13
59.040        27
59.050        20
59.060        13
59.070        20
59.080        13
59.090        20
59.100        13
59.110        20
59.120        13
59.130        20
59.140        13
59.150        20
59.160        13
59.170        40
59.180        20
59.190        33
59.200        13
59.210         7
59.220        13
59.230        13
59.240        13
59.250        13
59.260         0
59.270         7
59.280         7
59.290        27
59.300         7
59.310        20
59.320        20
59.330        13
59.340        27
59.350         7
59.360         7
59.370        20
59.380        13
59.390         7
59.400        33
59.410        13
59.420         7
59.430         0
59.440         7
59.450        13
59.460         7
59.470        20
59.480        27
59.490        20
59.500        13
59.510        40
59.520         7
59.530        13
59.540        27
59.550        20
59.560        13
59.570        20
59.580        13
59.590        20
59.600         0
59.610        20
59.620         7
59.630        20
59.640        20
59.650        20
59.660        20
59.670         7
59.680         7
59.690        27
59.700        27
59.710        20
59.720         0
59.730        20
59.740        20
59.750        33
59.760        13
59.770        20
59.780        27
59.790        33
59.800         7
59.810        27
59.820        13
59.830        33
59.840        20
59.850         7
59.860        13
59.870        33
59.880        27
59.890         7
59.900         7
59.910         7
59.920        13
59.930        20
59.940        13
59.950         7
59.960        13
59.970        20
59.980        33
59.990        13
60.000        13
