20.000        67
20.010        13
20.020        33
20.030        40
20.040        13
20.050        40
20.060        33
20.070        20
20.080        33
20.090        60
20.100        27
20.110        67
20.120        27
20.130        40
20.140        67
20.150        33
20.160        40
20.170        40
20.180        40
20.190        40
20.200        53
20.210        33
20.220        53
20.230        33
20.240        80
20.250        20
20.260        47
20.270         7
20.280        53
20.290        33
20.300        27
20.310        47
20.320        33
20.330        67
20.340        67
20.350        40
20.360        40
20.370        27
20.380        20
20.390        27
20.400        60
20.410        40
20.420        27
20.430        53
20.440        67
20.450        67
20.460        47
20.470        53
20.480        47
20.490        47
20.500        53
20.510        53
20.520        13
20.530        47
20.540        47
20.550        47
20.560        47
20.570        60
20.580        40
20.590        27
20.600        67
20.610        13
20.620        67
20.630        13
20.640        47
20.650        33
20.660        20
20.670        27
20.680        33
20.690        73
20.700        33
20.710        53
20.720        13
20.730         7
20.740        33
20.750        40
20.760        40
20.770        47
20.780        40
20.790        20
20.800         7
20.810        47
20.820        53
20.830        13
20.840        47
20.850        20
20.860        53
20.870        53
20.880        47
20.890        40
20.900        47
20.910        33
20.920        67
20.930        20
20.940        33
20.950        20
20.960        53
20.970        47
20.980        27
20.990        20
21.000        40
21.010        20
21.020        33
21.030        47
21.040         7
21.050        27
21.060        53
21.070        60
21.080        33
21.090        20
21.100        27
21.110        33
21.120        20
21.130        40
21.140        20
21.150        33
21.160        27
21.170        20
21.180        60
21.190        53
21.200        33
21.210         7
21.220        13
21.230        33
21.240        60
21.250        20
21.260        47
21.270        53
21.280        47
21.290        33
21.300        27
21.310        47
21.320        40
21.330        33
21.340        20
21.350        13
21.360        47
21.370        40
21.380        67
21.390        20
21.400        20
21.410        53
21.420        27
21.430        20
21.440        60
21.450        47
21.460         7
21.470        27
21.480        20
21.490        20
21.500        67
21.510        60
21.520        27
21.530        27
21.540        47
21.550        40
21.560        27
21.570        40
21.580        47
21.590        33
21.600        53
21.610        20
21.620        47
21.630        47
21.640        27
21.650        47
21.660        40
21.670        20
21.680        13
21.690        27
21.700        20
21.710        33
21.720        33
21.730        40
21.740         7
21.750        40
21.760        53
21.770        20
21.780        40
21.790        53
21.800        13
21.810        13
21.820        40
21.830        33
21.840        27
21.850        33
21.860        53
21.870        60
21.880        40
21.890        20
21.900        13
21.910        20
21.920        27
21.930        40
21.940        53
21.950        33
21.960        47
21.970        27
21.980        40
21.990        40
22.000        33
22.010        20
22.020        53
22.030        60
22.040        27
22.050        47
22.060        27
22.070        33
22.080        67
22.090        40
22.100         7
22.110        27
22.120        27
22.130        67
22.140        33
22.150        40
22.160        27
22.170        40
22.180         7
22.190        47
22.200        13
22.210        13
22.220        33
22.230         0
22.240        33
22.250        33
22.260        33
22.270        53
22.280        47
22.290        27
22.300        40
22.310        60
22.320        33
22.330        20
22.340         7
22.350        40
22.360        13
22.370        27
22.380        20
22.390        27
22.400        27
22.410        20
22.420        33
22.430        33
22.440        13
22.450        40
22.460        47
22.470        53
22.480        33
22.490        20
22.500        60
22.510         7
22.520        27
22.530        33
22.540        13
22.550        40
22.560        53
22.570        53
22.580        33
22.590        33
22.600        40
22.610        33
22.620        27
22.630        27
22.640        40
22.650        33
22.660        40
22.670        40
22.680        40
22.690        53
22.700        40
22.710        33
22.720        27
22.730        40
22.740        47
22.750        40
22.760        47
22.770        27
22.780        40
22.790        47
22.800        40
22.810        47
22.820         0
22.830        33
22.840        33
22.850        33
22.860        20
22.870        40
22.880        33
22.890        47
22.900        27
22.910        27
22.920         0
22.930        47
22.940        13
22.950        40
22.960        60
22.970        40
22.980        33
22.990        33
23.000        20
23.010        40
23.020        20
23.030        27
23.040        53
23.050        33
23.060        20
23.070        27
23.080        33
23.090        13
23.100        40
23.110        53
23.120        33
23.130        53
23.140        20
23.150        20
23.160        20
23.170        20
23.180        20
23.190        40
23.200        27
23.210        33
23.220        47
23.230        13
23.240        27
23.250        33
23.260         7
23.270        20
23.280        33
23.290        27
23.300        40
23.310        40
23.320        40
23.330        27
23.340        13
23.350        33
23.360        20
23.370        27
23.380        13
23.390        33
23.400        20
23.410        40
23.420        20
23.430        33
23.440        33
23.450        40
23.460        33
23.470        33
23.480        33
23.490        20
23.500         0
23.510        40
23.520        13
23.530        47
23.540        27
23.550        33
23.560        27
23.570        13
23.580        27
23.590        33
23.600         7
23.610        33
23.620        33
23.630        27
23.640        27
23.650        13
23.660        40
23.670        40
23.680         7
23.690        20
23.700        27
23.710        33
23.720         7
23.730         7
23.740        20
23.750        33
23.760        33
23.770        27
23.780        40
23.790        40
23.800        67
23.810        33
23.820        13
23.830        20
23.840        27
23.850        33
23.860        40
23.870        20
23.880         0
23.890        13
23.900        20
23.910        13
23.920        27
23.930        53
23.940        13
23.950        20
23.960         0
23.970        27
23.980        20
23.990        13
24.000        40
24.010        27
24.020        33
24.030        27
24.040         7
24.050        33
24.060        27
24.070        27
24.080         7
24.090        33
24.100        33
24.110         7
24.120        60
24.130        27
24.140        27
24.150        27
24.160        33
24.170        33
24.180        33
24.190        47
24.200        13
24.210        27
24.220        40
24.230         0
24.240        20
24.250        20
24.260        20
24.270        13
24.280        53
24.290        33
24.300        20
24.310        27
24.320        33
24.330        40
24.340        33
24.350        13
24.360        40
24.370        33
24.380        20
24.390        27
24.400        33
24.410        13
24.420        27
24.430        47
24.440        33
24.450        47
24.460        20
24.470        20
24.480        13
24.490        13
24.500        13
24.510        33
24.520        27
24.530        27
24.540        13
24.550        20
24.560        53
24.570        33
24.580        20
24.590        33
24.600        13
24.610        20
24.620        13
24.630        40
24.640        33
24.650        27
24.660        20
24.670         7
24.680         7
24.690        33
24.700        53
24.710        40
24.720        27
24.730        33
24.740        13
24.750        40
24.760        33
24.770        27
24.780        40
24.790        13
24.800        33
24.810        47
24.820        33
24.830        40
24.840        13
24.850        67
24.860        33
24.870        20
24.880        33
24.890        20
24.900        20
24.910        47
24.920        20
24.930         7
24.940        40
24.950        40
24.960        20
24.970         7
24.980        13
24.990        47
25.000        47
25.010        20
25.020        27
25.030        27
25.040        20
25.050        40
25.060        27
25.070        20
25.080         7
25.090        40
25.100        20
25.110        13
25.120        47
25.130        20
25.140        27
25.150        20
25.160        33
25.170         7
25.180        40
25.190        27
25.200        33
25.210         7
25.220        20
25.230        33
25.240        33
25.250        40
25.260        13
25.270        20
25.280        33
25.290        27
25.300        13
25.310        20
25.320        13
25.330        27
25.340        27
25.350        40
25.360        33
25.370        27
25.380        40
25.390        40
25.400        20
25.410        40
25.420        20
25.430        33
25.440        20
25.450        20
25.460        27
25.470        27
25.480        20
25.490        40
25.500        53
25.510        33
25.520        67
25.530        40
25.540        47
25.550        73
25.560        27
25.570        20
25.580        40
25.590        40
25.600        20
25.610        33
25.620        20
25.630        40
25.640        47
25.650        13
25.660        27
25.670        40
25.680        20
25.690        40
25.700        33
25.710        33
25.720        27
25.730         7
25.740        27
25.750        33
25.760        47
25.770        20
25.780        40
25.790        13
25.800        13
25.810        13
25.820        47
25.830        27
25.840        73
25.850        40
25.860        47
25.870        27
25.880        20
25.890        20
25.900        27
25.910        20
25.920         0
25.930        20
25.940        20
25.950        27
25.960        20
25.970        13
25.980        27
25.990        47
26.000        27
26.010        20
26.020        20
26.030        20
26.040        33
26.050        47
26.060        47
26.070        33
26.080        40
26.090         0
26.100        40
26.110        20
26.120        13
26.130        13
26.140         7
26.150        20
26.160        20
26.170        40
26.180        40
26.190        60
26.200        20
26.210        40
26.220        33
26.230        40
26.240        27
26.250        13
26.260        27
26.270        40
26.280        33
26.290        33
26.300        33
26.310        13
26.320         0
26.330        20
26.340        13
26.350        33
26.360        40
26.370        13
26.380        40
26.390        13
26.400        13
26.410         7
26.420        27
26.430        33
26.440        47
26.450        27
26.460        33
26.470        20
26.480        33
26.490        40
26.500        47
26.510        13
26.520        33
26.530        27
26.540        13
26.550        47
26.560        20
26.570        40
26.580        20
26.590        33
26.600         7
26.610        27
26.620        33
26.630        27
26.640        27
26.650        33
26.660        27
26.670        27
26.680         0
26.690        13
26.700        13
26.710        40
26.720        13
26.730        20
26.740        20
26.750        33
26.760        27
26.770        53
26.780         0
26.790        40
26.800        27
26.810        20
26.820        47
26.830        13
26.840         0
26.850         7
26.860        20
26.870        47
26.880        13
26.890        33
26.900        13
26.910        13
26.920        33
26.930        27
26.940        20
26.950        20
26.960        33
26.970        20
26.980         7
26.990        27
27.000        33
27.010        20
27.020        40
27.030        13
27.040        33
27.050        33
27.060        13
27.070        13
27.080        27
27.090        27
27.100        13
27.110        33
27.120        27
27.130        27
27.140        20
27.150        20
27.160        20
27.170        20
27.180        33
27.190        33
27.200        13
27.210        20
27.220        20
27.230        20
27.240        27
27.250        27
27.260        33
27.270        20
27.280        13
27.290         7
27.300        27
27.310        27
27.320         7
27.330        20
27.340        40
27.350        13
27.360        20
27.370        20
27.380        20
27.390        27
27.400        33
27.410         0
27.420         7
27.430        27
27.440        27
27.450        33
27.460         7
27.470        40
27.480        27
27.490        47
27.500         7
27.510        27
27.520         7
27.530        33
27.540         7
27.550        47
27.560         7
27.570        27
27.580        33
27.590        13
27.600        13
27.610        33
27.620        27
27.630        20
27.640        20
27.650        40
27.660        33
27.670        27
27.680        13
27.690         7
27.700        20
27.710        20
27.720        13
27.730        13
27.740        13
27.750         7
27.760        40
27.770        27
27.780        13
27.790        33
27.800         7
27.810        20
27.820         7
27.830        40
27.840         7
27.850        33
27.860        13
27.870        20
27.880        20
27.890        13
27.900        27
27.910        27
27.920        13
27.930        27
27.940        20
27.950        47
27.960        33
27.970        13
27.980        27
27.990         7
28.000        13
28.010        33
28.020        13
28.030         7
28.040        13
28.050        40
28.060        13
28.070         7
28.080        13
28.090        73
28.100        27
28.110        13
28.120        13
28.130        40
28.140        27
28.150         0
28.160        13
28.170        27
28.180        33
28.190        33
28.200        13
28.210        40
28.220         0
28.230        20
28.240        13
28.250         7
28.260         7
28.270        13
28.280        33
28.290        20
28.300        27
28.310         0
28.320        40
28.330        20
28.340         7
28.350        13
28.360        20
28.370        20
28.380        33
28.390        27
28.400        27
28.410        20
28.420        33
28.430        20
28.440        20
28.450        13
28.460        20
28.470        20
28.480        13
28.490        27
28.500        20
28.510        13
28.520        20
28.530        20
28.540        13
28.550        33
28.560        33
28.570        33
28.580        20
28.590        20
28.600        13
28.610        53
28.620        27
28.630        27
28.640        33
28.650        27
28.660        20
28.670        13
28.680        13
28.690        27
28.700        20
28.710        20
28.720        13
28.730        27
28.740        13
28.750        20
28.760        20
28.770        20
28.780        40
28.790        13
28.800        27
28.810        20
28.820        27
28.830        20
28.840        13
28.850        47
28.860        20
28.870        13
28.880        33
28.890        33
28.900        33
28.910        33
28.920        13
28.930        20
28.940         7
28.950        13
28.960        53
28.970        20
28.980        27
28.990        13
29.000        27
29.010        60
29.020        20
29.030        33
29.040         7
29.050        13
29.060        33
29.070        20
29.080        20
29.090        47
29.100        53
29.110        20
29.120        13
29.130        27
29.140        13
29.150        20
29.160        33
29.170         7
29.180        47
29.190        13
29.200        27
29.210        20
29.220         7
29.230         7
29.240        13
29.250        20
29.260         7
29.270        53
29.280        33
29.290        27
29.300        40
29.310        33
29.320        13
29.330        27
29.340        27
29.350        33
29.360        13
29.370        27
29.380         7
29.390        53
29.400        20
29.410        27
29.420        20
29.430        13
29.440        13
29.450         7
29.460        47
29.470        20
29.480        33
29.490        27
29.500        20
29.510        33
29.520        20
29.530         7
29.540        47
29.550        27
29.560        27
29.570        27
29.580        13
29.590        20
29.600         7
29.610        13
29.620        13
29.630        20
29.640        13
29.650         7
29.660        20
29.670        20
29.680         7
29.690        40
29.700        13
29.710        13
29.720        27
29.730        27
29.740        33
29.750        40
29.760        13
29.770        20
29.780        33
29.790        27
29.800        13
29.810        13
29.820        13
29.830        20
29.840        20
29.850        20
29.860        20
29.870        13
29.880        53
29.890        20
29.900        20
29.910        27
29.920        27
29.930        20
29.940         7
29.950        20
29.960        13
29.970        47
29.980         7
29.990        27
30.000        27
30.010        40
30.020        13
30.030         7
30.040        13
30.050        13
30.060        13
30.070        13
30.080        33
30.090        20
30.100        13
30.110        20
30.120        20
30.130         7
30.140        27
30.150        20
30.160        20
30.170        33
30.180        20
30.190        40
30.200         7
30.210         0
30.220        13
30.230        13
30.240         0
30.250         7
30.260        13
30.270         7
30.280        13
30.290        27
30.300        33
30.310        27
30.320         7
30.330        13
30.340        13
30.350        33
30.360         0
30.370        20
30.380         7
30.390        27
30.400        27
30.410        13
30.420        20
30.430        20
30.440         7
30.450         0
30.460        33
30.470        13
30.480        33
30.490         0
30.500        27
30.510        13
30.520         7
30.530         0
30.540        13
30.550        27
30.560         7
30.570        20
30.580         0
30.590         7
30.600         0
30.610        27
30.620        20
30.630        13
30.640        13
30.650         7
30.660        13
30.670        20
30.680         7
30.690         7
30.700        13
30.710        20
30.720        40
30.730        20
30.740        13
30.750         7
30.760        40
30.770        20
30.780        33
30.790         7
30.800        13
30.810        33
30.820        33
30.830        33
30.840         7
30.850         7
30.860        20
30.870         0
30.880         7
30.890        33
30.900        40
30.910        33
30.920         7
30.930        13
30.940        27
30.950        13
30.960        13
30.970        20
30.980        33
30.990         7
31.000        13
31.010        33
31.020        20
31.030        27
31.040        27
31.050        20
31.060        20
31.070        40
31.080        40
31.090        27
31.100        27
31.110        20
31.120        27
31.130        13
31.140        40
31.150        27
31.160         0
31.170        13
31.180        20
31.190         0
31.200        13
31.210        33
31.220         7
31.230         7
31.240         0
31.250        33
31.260        33
31.270        33
31.280        20
31.290        20
31.300        33
31.310        27
31.320        27
31.330        13
31.340        40
31.350        53
31.360         0
31.370        27
31.380        33
31.390        27
31.400        13
31.410        13
31.420        27
31.430        20
31.440        40
31.450        47
31.460         7
31.470        47
31.480        33
31.490        33
31.500        40
31.510        27
31.520        20
31.530        20
31.540        27
31.550        13
31.560         7
31.570        47
31.580         7
31.590        20
31.600        20
31.610        20
31.620        13
31.630        33
31.640        20
31.650        33
31.660        40
31.670        27
31.680        27
31.690        27
31.700        27
31.710        20
31.720         7
31.730        27
31.740        27
31.750        40
31.760        40
31.770        20
31.780        20
31.790        33
31.800         7
31.810        27
31.820        27
31.830        20
31.840        87
31.850        20
31.860        27
31.870        47
31.880        33
31.890        20
31.900        33
31.910        20
31.920        60
31.930        33
31.940        33
31.950        73
31.960        40
31.970        47
31.980        40
31.990        60
32.000        87
32.010        93
32.020       100
32.030        60
32.040        73
32.050       113
32.060       100
32.070       180
32.080       167
32.090       133
32.100       140
32.110       187
32.120       193
32.130       300
32.140       293
32.150       327
32.160       293
32.170       260
32.180       293
32.190       360
32.200       446
32.210       400
32.220       613
32.230       387
32.240       367
32.250       400
32.260       500
32.270       387
32.280       433
32.290       373
32.300       393
32.310       433
32.320       267
32.330       367
32.340       393
32.350       320
32.360       300
32.370       247
32.380       280
32.390       233
32.400       213
32.410       167
32.420       100
32.430       213
32.440       127
32.450       193
32.460       100
32.470       140
32.480        87
32.490        67
32.500       107
32.510        80
32.520       107
32.530       100
32.540        73
32.550       120
32.560        73
32.570        73
32.580        67
32.590        47
32.600        67
32.610        67
32.620        60
32.630        40
32.640        53
32.650        47
32.660        53
32.670        33
32.680        27
32.690        13
32.700        60
32.710        13
32.720        40
32.730        33
32.740        40
32.750        13
32.760        27
32.770        20
32.780        27
32.790         7
32.800        20
32.810        27
32.820        27
32.830        27
32.840        33
32.850        13
32.860         7
32.870        40
32.880        20
32.890        27
32.900         7
32.910        53
32.920        40
32.930        27
32.940        33
32.950        47
32.960        13
32.970        13
32.980        20
32.990        27
33.000        27
33.010        47
33.020        47
33.030        27
33.040        40
33.050        27
33.060        33
33.070        20
33.080        20
33.090        13
33.100        27
33.110        40
33.120        20
33.130        13
33.140         7
33.150        27
33.160        20
33.170        33
33.180        20
33.190        27
33.200        20
33.210         7
33.220        20
33.230        20
33.240         7
33.250        20
33.260        20
33.270        33
33.280        13
33.290        13
33.300        40
33.310        13
33.320        27
33.330        20
33.340        33
33.350        27
33.360         7
33.370        20
33.380        20
33.390        13
33.400         0
33.410         7
33.420        13
33.430         0
33.440        13
33.450         7
33.460        53
33.470        13
33.480        20
33.490        47
33.500         7
33.510        13
33.520        20
33.530        20
33.540        13
33.550        20
33.560        40
33.570        40
33.580        27
33.590        40
33.600        13
33.610        27
33.620        33
33.630        33
33.640        33
33.650         0
33.660        20
33.670         7
33.680         7
33.690        20
33.700        27
33.710        13
33.720        13
33.730        13
33.740         7
33.750        27
33.760        20
33.770        33
33.780        20
33.790         0
33.800        47
33.810        13
33.820        33
33.830        20
33.840        13
33.850        13
33.860        20
33.870        33
33.880         0
33.890        33
33.900        13
33.910        13
33.920        13
33.930        20
33.940        13
33.950        27
33.960         7
33.970        20
33.980         0
33.990         7
34.000        27
34.010         7
34.020        27
34.030        33
34.040        13
34.050        20
34.060        20
34.070        20
34.080         0
34.090         7
34.100        13
34.110         0
34.120         0
34.130        13
34.140         7
34.150        20
34.160         0
34.170        20
34.180        27
34.190        33
34.200         0
34.210         7
34.220         7
34.230        20
34.240         7
34.250         7
34.260        33
34.270        20
34.280        27
34.290        33
34.300        20
34.310         0
34.320        13
34.330        20
34.340        27
34.350        27
34.360        40
34.370        20
34.380        27
34.390        27
34.400        13
34.410        13
34.420        13
34.430         7
34.440        13
34.450         0
34.460        27
34.470        40
34.480         7
34.490        20
34.500        27
34.510        33
34.520        13
34.530        13
34.540        33
34.550        27
34.560        20
34.570         0
34.580        13
34.590        13
34.600         7
34.610        13
34.620        33
34.630         7
34.640        27
34.650        20
34.660        20
34.670        13
34.680        20
34.690        33
34.700         7
34.710        13
34.720        13
34.730         0
34.740        27
34.750        27
34.760         7
34.770         7
34.780        13
34.790        13
34.800         7
34.810        40
34.820        13
34.830        13
34.840        33
34.850         0
34.860        27
34.870        20
34.880         7
34.890         7
34.900        33
34.910        33
34.920        20
34.930         7
34.940        13
34.950         7
34.960         7
34.970         0
34.980         7
34.990        13
35.000         7
35.010        20
35.020         7
35.030        20
35.040        20
35.050        13
35.060        20
35.070        40
35.080        13
35.090        13
35.100        40
35.110        13
35.120        20
35.130         0
35.140        13
35.150        33
35.160        20
35.170        13
35.180         7
35.190        33
35.200        20
35.210        33
35.220        27
35.230        33
35.240         7
35.250        20
35.260        33
35.270        13
35.280         0
35.290         7
35.300         7
35.310         7
35.320         7
35.330        13
35.340         7
35.350        27
35.360        20
35.370         7
35.380        20
35.390        20
35.400         7
35.410        33
35.420        53
35.430         7
35.440         7
35.450        13
35.460        40
35.470         0
35.480        20
35.490        13
35.500        13
35.510        13
35.520        27
35.530        13
35.540        13
35.550        27
35.560        13
35.570        13
35.580         7
35.590        20
35.600         0
35.610        20
35.620         7
35.630        53
35.640         0
35.650        33
35.660        27
35.670        13
35.680        27
35.690         7
35.700        20
35.710        13
35.720        20
35.730        20
35.740         0
35.750        20
35.760         0
35.770         7
35.780        27
35.790         7
35.800        47
35.810         7
35.820        20
35.830        20
35.840         7
35.850        13
35.860         7
35.870        20
35.880         7
35.890        20
35.900        13
35.910        27
35.920        13
35.930         0
35.940         7
35.950        13
35.960        13
35.970         7
35.980        20
35.990         7
36.000        13
36.010        20
36.020        13
36.030         7
36.040         0
36.050        13
36.060         7
36.070        20
36.080        27
36.090        13
36.100        20
36.110         7
36.120        27
36.130        13
36.140        13
36.150         0
36.160        13
36.170         0
36.180         7
36.190        20
36.200        20
36.210        20
36.220        13
36.230        13
36.240         7
36.250        20
36.260         0
36.270         7
36.280         0
36.290         7
36.300        13
36.310        20
36.320        27
36.330         7
36.340         0
36.350        13
36.360        13
36.370         7
36.380        13
36.390         7
36.400        20
36.410         0
36.420         0
36.430        13
36.440        13
36.450        27
36.460        47
36.470         7
36.480        20
36.490        33
36.500        13
36.510        20
36.520         0
36.530        20
36.540         0
36.550         7
36.560        13
36.570        27
36.580        20
36.590        40
36.600         7
36.610        20
36.620        33
36.630         0
36.640        13
36.650        20
36.660        13
36.670         7
36.680        27
36.690         7
36.700        27
36.710        40
36.720        20
36.730         7
36.740         7
36.750         7
36.760         0
36.770        20
36.780        33
36.790         7
36.800        27
36.810        13
36.820        20
36.830        27
36.840        27
36.850         7
36.860         7
36.870        13
36.880         7
36.890         7
36.900        20
36.910         0
36.920        20
36.930        13
36.940        13
36.950        27
36.960        13
36.970         0
36.980        20
36.990        20
37.000        27
37.010        20
37.020        27
37.030        53
37.040        13
37.050         7
37.060        27
37.070        20
37.080        27
37.090         0
37.100        13
37.110        13
37.120        13
37.130         7
37.140        13
37.150        13
37.160        27
37.170         7
37.180        13
37.190        20
37.200        13
37.210         0
37.220         7
37.230         0
37.240         7
37.250        27
37.260        27
37.270         7
37.280        20
37.290        33
37.300        13
37.310        20
37.320         7
37.330        13
37.340        13
37.350         7
37.360         7
37.370        13
37.380        33
37.390        20
37.400        20
37.410         0
37.420        20
37.430        27
37.440        13
37.450         7
37.460        33
37.470        20
37.480        13
37.490         0
37.500        13
37.510        13
37.520        13
37.530        13
37.540        13
37.550         7
37.560         0
37.570        20
37.580         7
37.590        13
37.600         0
37.610         7
37.620        13
37.630        20
37.640         7
37.650         0
37.660         0
37.670         7
37.680        13
37.690        13
37.700         7
37.710        27
37.720        13
37.730        13
37.740        33
37.750        20
37.760        33
37.770        20
37.780        27
37.790        13
37.800        20
37.810         0
37.820        20
37.830        13
37.840        20
37.850         7
37.860        27
37.870         7
37.880        20
37.890         7
37.900        13
37.910        20
37.920        13
37.930         7
37.940        40
37.950        13
37.960         0
37.970        27
37.980        13
37.990         7
38.000        13
38.010         7
38.020        13
38.030         0
38.040         7
38.050         7
38.060        20
38.070        13
38.080        33
38.090         7
38.100        13
38.110         7
38.120        13
38.130         0
38.140        13
38.150        13
38.160         7
38.170        13
38.180         7
38.190         7
38.200         0
38.210        13
38.220        27
38.230        33
38.240        27
38.250        27
38.260        27
38.270        20
38.280         0
38.290        40
38.300        13
38.310        20
38.320         0
38.330        20
38.340         7
38.350         7
38.360         7
38.370        33
38.380        20
38.390        20
38.400        20
38.410        13
38.420        27
38.430        20
38.440        13
38.450         7
38.460        20
38.470        13
38.480        20
38.490        13
38.500         7
38.510         0
38.520        20
38.530         7
38.540         0
38.550        13
38.560        20
38.570        27
38.580        13
38.590        27
38.600         7
38.610         0
38.620         0
38.630        40
38.640        20
38.650        27
38.660        13
38.670        20
38.680        27
38.690         7
38.700         0
38.710        13
38.720        27
38.730         7
38.740         7
38.750        20
38.760        27
38.770        20
38.780        27
38.790         7
38.800        27
38.810         7
38.820        20
38.830        20
38.840         7
38.850         0
38.860        20
38.870        20
38.880        20
38.890        20
38.900        27
38.910        13
38.920        27
38.930        13
38.940        33
38.950        13
38.960        20
38.970        27
38.980        20
38.990         7
39.000         7
39.010         7
39.020        27
39.030        13
39.040        13
39.050        20
39.060        13
39.070         0
39.080         7
39.090        20
39.100        13
39.110         0
39.120        13
39.130        27
39.140        27
39.150         7
39.160         7
39.170        40
39.180         7
39.190        20
39.200        13
39.210        13
39.220         7
39.230        20
39.240        40
39.250         7
39.260         7
39.270        27
39.280        13
39.290        20
39.300         7
39.310        20
39.320         7
39.330        20
39.340        20
39.350        20
39.360        13
39.370        27
39.380        20
39.390        13
39.400        13
39.410         7
39.420        20
39.430        13
39.440         7
39.450         0
39.460        13
39.470        20
39.480        40
39.490        13
39.500         0
39.510        20
39.520         0
39.530         7
39.540         7
39.550        20
39.560        13
39.570        20
39.580        33
39.590         7
39.600        13
39.610        13
39.620        13
39.630         0
39.640        27
39.650         7
39.660        20
39.670        13
39.680         0
39.690        20
39.700         7
39.710         7
39.720        20
39.730        13
39.740        13
39.750        27
39.760        20
39.770         7
39.780        20
39.790        40
39.800        33
39.810         7
39.820         7
39.830        27
39.840        13
39.850        27
39.860        27
39.870        40
39.880        33
39.890         0
39.900        20
39.910        20
39.920        27
39.930        27
39.940        20
39.950        53
39.960         0
39.970        33
39.980        40
39.990        13
40.000        20
40.010        13
40.020        13
40.030        13
40.040        47
40.050         0
40.060        20
40.070        33
40.080        33
40.090         7
40.100        13
40.110        20
40.120        27
40.130        27
40.140         0
40.150        13
40.160        13
40.170        20
40.180         7
40.190        27
40.200        27
40.210        33
40.220         7
40.230        20
40.240         7
40.250        27
40.260         0
40.270         7
40.280        20
40.290        33
40.300         7
40.310        13
40.320        13
40.330        33
40.340        13
40.350         7
40.360        27
40.370         7
40.380         0
40.390         7
40.400        20
40.410        13
40.420         0
40.430         7
40.440        20
40.450         7
40.460        13
40.470        13
40.480        40
40.490        13
40.500         0
40.510        13
40.520        13
40.530         7
40.540        13
40.550         0
40.560        20
40.570         0
40.580        20
40.590        13
40.600        20
40.610        40
40.620        20
40.630        13
40.640        27
40.650        13
40.660         0
40.670        13
40.680        27
40.690        13
40.700        13
40.710        20
40.720        27
40.730        13
40.740        13
40.750        13
40.760         7
40.770         7
40.780        13
40.790         7
40.800        20
40.810        27
40.820        20
40.830        20
40.840        13
40.850        13
40.860        27
40.870         7
40.880        27
40.890        27
40.900        13
40.910        13
40.920        20
40.930        27
40.940        40
40.950        13
40.960        27
40.970         7
40.980         7
40.990        33
41.000         7
41.010        13
41.020        13
41.030        13
41.040        33
41.050        13
41.060         7
41.070         7
41.080        13
41.090         0
41.100        13
41.110        20
41.120        20
41.130         0
41.140        20
41.150         7
41.160        40
41.170        20
41.180         0
41.190        20
41.200        20
41.210        13
41.220        27
41.230        13
41.240         7
41.250        27
41.260         0
41.270        53
41.280        13
41.290        27
41.300        20
41.310         7
41.320         0
41.330        20
41.340        20
41.350        27
41.360         7
41.370        13
41.380        27
41.390        13
41.400         7
41.410        20
41.420         0
41.430         0
41.440         7
41.450        27
41.460        13
41.470        13
41.480        27
41.490        13
41.500         7
41.510        27
41.520        13
41.530        27
41.540        33
41.550         0
41.560        33
41.570        13
41.580        20
41.590        13
41.600         7
41.610        20
41.620        13
41.630        27
41.640         7
41.650        13
41.660        27
41.670        20
41.680         7
41.690         7
41.700        20
41.710        13
41.720         0
41.730        20
41.740         7
41.750        20
41.760        13
41.770        27
41.780        13
41.790         7
41.800        27
41.810        13
41.820        20
41.830        20
41.840        33
41.850        20
41.860        20
41.870         7
41.880        20
41.890        27
41.900        20
41.910         7
41.920         7
41.930        27
41.940        13
41.950        13
41.960        20
41.970        33
41.980        13
41.990        20
42.000         0
42.010         7
42.020        13
42.030        20
42.040        13
42.050        13
42.060        13
42.070        20
42.080        33
42.090        13
42.100        27
42.110        13
42.120         7
42.130        20
42.140        13
42.150        13
42.160        13
42.170         0
42.180        13
42.190        40
42.200        33
42.210         7
42.220         0
42.230        13
42.240        13
42.250        47
42.260        13
42.270        13
42.280        33
42.290        20
42.300         7
42.310         7
42.320         0
42.330        13
42.340         0
42.350        20
42.360        20
42.370        33
42.380         0
42.390        13
42.400        13
42.410        13
42.420        13
42.430         7
42.440         7
42.450         0
42.460         0
42.470        13
42.480         7
42.490        20
42.500        20
42.510        27
42.520        20
42.530         7
42.540        20
42.550        13
42.560         7
42.570         0
42.580        20
42.590        47
42.600        13
42.610         7
42.620        20
42.630        27
42.640        13
42.650         7
42.660        13
42.670         7
42.680        13
42.690         7
42.700         7
42.710         7
42.720         7
42.730        40
42.740        20
42.750        13
42.760        13
42.770        13
42.780        13
42.790        13
42.800         7
42.810         0
42.820        27
42.830         7
42.840        20
42.850        20
42.860        20
42.870        13
42.880        27
42.890        33
42.900         0
42.910        20
42.920        13
42.930        20
42.940        13
42.950        13
42.960         7
42.970        27
42.980        13
42.990        13
43.000        20
43.010        27
43.020         7
43.030        20
43.040         7
43.050         7
43.060        20
43.070        47
43.080        33
43.090        40
43.100        33
43.110         7
43.120         0
43.130        67
43.140        13
43.150        20
43.160        27
43.170        13
43.180        27
43.190        13
43.200        13
43.210         7
43.220         7
43.230        13
43.240        13
43.250         7
43.260         7
43.270        13
43.280        27
43.290        27
43.300        20
43.310         0
43.320        20
43.330         0
43.340         7
43.350        20
43.360         7
43.370        13
43.380        13
43.390        20
43.400        20
43.410         0
43.420        20
43.430         7
43.440        13
43.450         0
43.460         7
43.470         7
43.480        27
43.490        13
43.500         7
43.510        20
43.520        13
43.530        20
43.540         7
43.550        27
43.560        13
43.570         7
43.580         0
43.590         0
43.600         0
43.610         0
43.620         0
43.630         0
43.640        20
43.650        13
43.660         7
43.670        33
43.680        13
43.690        13
43.700         0
43.710        33
43.720        20
43.730        20
43.740        13
43.750        47
43.760         7
43.770         7
43.780        13
43.790        20
43.800        33
43.810         7
43.820        20
43.830        20
43.840         7
43.850        13
43.860        13
43.870         7
43.880         7
43.890        33
43.900        33
43.910        20
43.920        13
43.930        40
43.940        20
43.950         7
43.960        27
43.970        13
43.980        27
43.990        27
44.000        13
44.010        27
44.020        47
44.030        33
44.040        20
44.050        33
44.060        13
44.070        33
44.080        20
44.090         7
44.100        20
44.110        20
44.120        27
44.130        27
44.140        13
44.150        40
44.160         7
44.170        27
44.180        27
44.190        20
44.200         0
44.210         7
44.220        20
44.230         7
44.240        40
44.250         0
44.260         0
44.270        13
44.280        13
44.290         7
44.300         7
44.310        53
44.320        20
44.330        27
44.340        20
44.350         7
44.360        40
44.370         7
44.380        13
44.390        13
44.400        20
44.410        13
44.420        13
44.430        33
44.440        27
44.450        47
44.460        27
44.470         7
44.480        13
44.490        27
44.500        13
44.510        27
44.520        13
44.530         0
44.540        27
44.550        20
44.560        20
44.570        13
44.580        20
44.590         7
44.600        13
44.610        33
44.620         7
44.630         7
44.640        13
44.650         7
44.660         7
44.670         7
44.680         7
44.690        27
44.700        13
44.710         7
44.720         7
44.730        20
44.740        20
44.750        13
44.760         7
44.770        13
44.780         7
44.790        13
44.800        20
44.810         7
44.820         0
44.830        33
44.840         0
44.850        27
44.860        13
44.870        27
44.880        20
44.890        13
44.900        13
44.910        27
44.920        13
44.930         7
44.940         7
44.950        20
44.960        13
44.970         7
44.980        33
44.990        27
45.000        27
45.010         0
45.020        27
45.030         7
45.040        13
45.050        27
45.060        13
45.070        13
45.080        13
45.090        13
45.100        13
45.110        13
45.120        20
45.130         7
45.140        20
45.150         7
45.160        40
45.170         7
45.180        20
45.190         7
45.200        20
45.210        13
45.220         0
45.230        13
45.240        27
45.250         7
45.260        20
45.270         7
45.280        13
45.290        13
45.300        20
45.310        20
45.320         0
45.330        27
45.340        33
45.350        33
45.360        13
45.370        27
45.380        13
45.390         7
45.400        20
45.410        27
45.420        27
45.430        20
45.440        33
45.450        13
45.460        13
45.470        33
45.480         7
45.490        20
45.500        20
45.510        13
45.520        20
45.530        33
45.540        27
45.550        13
45.560        27
45.570        13
45.580         7
45.590         7
45.600        53
45.610        20
45.620        60
45.630        27
45.640         0
45.650        27
45.660        33
45.670        47
45.680        33
45.690        27
45.700        33
45.710        40
45.720        27
45.730        40
45.740        27
45.750        40
45.760        53
45.770        67
45.780        47
45.790        80
45.800        80
45.810        73
45.820        53
45.830        73
45.840        60
45.850        60
45.860        87
45.870       107
45.880       113
45.890       167
45.900        80
45.910        47
45.920        80
45.930        93
45.940        80
45.950        87
45.960       100
45.970        80
45.980        93
45.990       147
46.000       140
46.010       193
46.020        80
46.030        93
46.040       127
46.050        93
46.060        93
46.070       107
46.080       133
46.090       107
46.100       160
46.110       100
46.120       100
46.130       180
46.140       133
46.150       133
46.160       133
46.170       120
46.180        87
46.190        60
46.200       127
46.210       113
46.220        53
46.230       113
46.240        93
46.250       113
46.260       127
46.270       113
46.280        93
46.290       113
46.300        87
46.310        73
46.320       107
46.330        80
46.340       100
46.350        73
46.360        73
46.370        33
46.380        80
46.390        73
46.400       107
46.410        40
46.420        73
46.430        47
46.440        40
46.450        87
46.460        40
46.470        87
46.480        93
46.490        47
46.500        53
46.510        40
46.520        33
46.530        27
46.540        47
46.550        20
46.560        53
46.570        40
46.580        40
46.590        60
46.600        27
46.610        73
46.620        53
46.630        33
46.640        60
46.650        60
46.660        67
46.670        13
46.680        27
46.690        53
46.700        60
46.710        20
46.720        47
46.730        60
46.740        33
46.750        20
46.760        33
46.770        33
46.780        27
46.790        20
46.800        20
46.810        47
46.820         0
46.830        40
46.840        40
46.850        33
46.860        33
46.870        20
46.880        40
46.890        13
46.900        33
46.910        33
46.920        20
46.930        40
46.940         7
46.950        47
46.960        20
46.970        27
46.980        40
46.990        20
47.000        40
47.010        27
47.020        27
47.030        20
47.040        27
47.050        33
47.060         7
47.070        20
47.080        27
47.090         7
47.100        33
47.110        20
47.120        13
47.130        13
47.140        13
47.150        20
47.160        27
47.170        20
47.180        13
47.190        40
47.200         7
47.210        20
47.220        33
47.230        27
47.240        20
47.250        13
47.260        20
47.270        13
47.280         7
47.290        20
47.300        13
47.310        33
47.320        13
47.330        20
47.340         7
47.350        20
47.360         7
47.370         7
47.380        20
47.390        13
47.400        20
47.410         7
47.420        33
47.430        40
47.440        13
47.450        13
47.460        13
47.470        13
47.480        13
47.490        33
47.500         0
47.510        20
47.520         0
47.530        33
47.540        13
47.550        27
47.560         7
47.570        20
47.580        20
47.590         7
47.600         7
47.610        20
47.620        33
47.630        33
47.640        33
47.650        13
47.660        27
47.670        13
47.680         7
47.690        33
47.700        20
47.710        20
47.720        33
47.730        33
47.740        13
47.750        13
47.760        20
47.770        20
47.780        27
47.790         7
47.800        13
47.810        20
47.820         7
47.830        27
47.840        33
47.850         7
47.860         0
47.870        13
47.880        13
47.890        47
47.900        13
47.910         0
47.920        33
47.930        20
47.940         0
47.950        13
47.960        13
47.970        13
47.980        27
47.990        20
48.000        13
48.010        20
48.020        13
48.030        20
48.040        13
48.050        20
48.060        20
48.070        27
48.080        13
48.090         7
48.100        13
48.110        13
48.120        13
48.130        20
48.140        13
48.150        20
48.160         7
48.170        27
48.180         0
48.190        20
48.200        20
48.210        13
48.220        27
48.230        13
48.240         7
48.250         7
48.260        20
48.270         0
48.280        20
48.290        40
48.300        40
48.310        27
48.320         7
48.330        13
48.340        13
48.350        20
48.360        20
48.370        20
48.380        13
48.390        27
48.400        20
48.410        27
48.420        13
48.430         0
48.440         7
48.450         0
48.460        27
48.470        27
48.480        20
48.490         7
48.500        27
48.510        13
48.520        20
48.530         7
48.540        20
48.550        20
48.560        13
48.570         7
48.580        20
48.590         7
48.600         7
48.610         0
48.620        20
48.630         0
48.640         7
48.650        20
48.660        27
48.670        20
48.680         7
48.690        13
48.700        13
48.710        20
48.720         7
48.730         7
48.740        33
48.750         0
48.760         7
48.770         7
48.780        33
48.790         0
48.800         0
48.810         7
48.820        27
48.830         7
48.840        20
48.850        13
48.860         0
48.870         7
48.880        27
48.890        20
48.900        13
48.910        27
48.920         7
48.930        20
48.940        13
48.950         7
48.960        13
48.970        13
48.980        27
48.990         0
49.000        20
49.010        13
49.020        13
49.030        13
49.040        20
49.050         7
49.060        13
49.070        20
49.080        20
49.090        13
49.100         7
49.110        27
49.120        20
49.130         7
49.140        27
49.150        27
49.160        20
49.170        20
49.180        20
49.190         7
49.200        13
49.210         0
49.220        13
49.230        33
49.240        13
49.250        13
49.260        13
49.270        13
49.280        13
49.290        13
49.300        20
49.310        13
49.320         7
49.330        27
49.340        20
49.350        13
49.360        27
49.370        13
49.380         7
49.390         0
49.400        13
49.410         7
49.420        20
49.430        20
49.440        20
49.450        20
49.460        20
49.470        27
49.480         0
49.490         0
49.500        27
49.510         7
49.520        13
49.530         7
49.540         7
49.550        33
49.560        27
49.570         7
49.580        20
49.590         0
49.600        27
49.610         0
49.620        20
49.630        40
49.640        13
49.650         0
49.660        33
49.670        13
49.680         0
49.690        13
49.700        13
49.710        13
49.720         7
49.730        40
49.740         7
49.750        20
49.760         7
49.770         7
49.780        27
49.790        13
49.800        47
49.810         7
49.820         0
49.830        20
49.840        13
49.850        13
49.860         7
49.870        13
49.880        27
49.890         7
49.900        20
49.910        20
49.920         7
49.930        13
49.940        33
49.950        27
49.960        27
49.970        20
49.980        13
49.990        20
50.000        20
50.010        47
50.020        13
50.030        20
50.040        27
50.050         0
50.060         0
50.070        13
50.080        33
50.090        13
50.100        13
50.110        20
50.120         7
50.130         7
50.140        13
50.150        13
50.160        20
50.170         7
50.180        13
50.190        13
50.200         0
50.210        13
50.220        20
50.230        13
50.240         0
50.250        27
50.260        13
50.270        33
50.280        13
50.290         0
50.300        27
50.310        13
50.320         7
50.330        33
50.340        33
50.350        20
50.360         7
50.370        13
50.380         7
50.390        20
50.400        13
50.410        40
50.420        13
50.430         7
50.440        20
50.450        13
50.460         0
50.470         7
50.480         0
50.490        33
50.500         7
50.510        27
50.520         7
50.530         0
50.540        27
50.550        27
50.560        33
50.570         0
50.580        33
50.590        20
50.600        13
50.610        20
50.620        13
50.630        27
50.640         0
50.650        27
50.660        40
50.670        20
50.680        13
50.690        13
50.700        13
50.710        13
50.720        47
50.730        27
50.740        27
50.750        13
50.760        20
50.770        13
50.780        27
50.790        33
50.800        20
50.810        33
50.820        20
50.830        20
50.840         7
50.850        27
50.860        20
50.870        27
50.880        27
50.890        20
50.900        20
50.910         7
50.920         7
50.930        33
50.940        13
50.950        13
50.960        33
50.970        13
50.980        20
50.990        13
51.000        20
51.010         7
51.020        13
51.030        33
51.040        27
51.050        20
51.060        20
51.070         7
51.080        20
51.090        20
51.100        27
51.110         0
51.120        13
51.130         7
51.140        13
51.150         7
51.160        20
51.170        20
51.180        40
51.190         7
51.200         7
51.210         7
51.220        33
51.230        13
51.240        33
51.250        33
51.260        27
51.270        20
51.280        13
51.290        13
51.300         7
51.310         7
51.320        27
51.330        27
51.340        33
51.350        47
51.360         0
51.370         7
51.380        27
51.390        13
51.400         7
51.410        20
51.420        27
51.430        27
51.440        33
51.450        27
51.460         0
51.470         7
51.480        33
51.490        33
51.500        33
51.510        20
51.520        13
51.530        33
51.540        13
51.550        13
51.560         0
51.570        40
51.580        27
51.590        27
51.600        13
51.610        73
51.620         7
51.630        27
51.640        13
51.650        20
51.660        27
51.670        33
51.680        20
51.690        27
51.700        20
51.710        47
51.720        33
51.730        20
51.740        13
51.750        13
51.760         7
51.770        20
51.780        20
51.790        20
51.800        20
51.810        33
51.820        13
51.830        20
51.840        13
51.850        33
51.860         7
51.870        40
51.880        20
51.890        20
51.900         7
51.910        33
51.920        67
51.930        13
51.940         0
51.950        13
51.960        13
51.970        33
51.980         7
51.990        60
52.000        20
52.010        33
52.020        13
52.030        27
52.040        33
52.050        47
52.060        47
52.070        27
52.080        40
52.090        33
52.100        60
52.110        40
52.120        20
52.130         0
52.140        27
52.150        47
52.160        27
52.170        27
52.180        27
52.190         7
52.200        40
52.210        73
52.220        27
52.230        47
52.240        20
52.250         7
52.260        13
52.270        27
52.280        47
52.290        87
52.300        40
52.310        27
52.320        33
52.330        53
52.340        13
52.350        20
52.360        13
52.370        20
52.380        20
52.390        40
52.400        40
52.410        60
52.420        47
52.430        53
52.440        53
52.450        60
52.460        40
52.470        53
52.480        47
52.490       107
52.500        47
52.510        47
52.520        80
52.530       107
52.540        67
52.550        87
52.560        93
52.570       100
52.580       100
52.590        67
52.600       100
52.610       127
52.620        33
52.630        80
52.640        27
52.650        40
52.660        73
52.670        47
52.680        40
52.690        87
52.700        60
52.710        80
52.720        27
52.730        40
52.740        80
52.750        20
52.760        73
52.770        33
52.780        47
52.790        53
52.800        60
52.810        40
52.820        73
52.830        27
52.840        67
52.850        33
52.860        33
52.870        67
52.880         7
52.890        27
52.900        33
52.910         7
52.920        27
52.930        60
52.940        33
52.950        27
52.960        53
52.970        47
52.980        40
52.990        27
53.000        20
53.010        13
53.020        40
53.030        27
53.040        27
53.050        20
53.060        13
53.070        27
53.080        33
53.090        27
53.100        13
53.110        27
53.120        13
53.130        20
53.140        33
53.150        20
53.160        13
53.170        13
53.180        20
53.190         7
53.200        20
53.210        40
53.220        13
53.230        13
53.240         7
53.250        27
53.260        33
53.270        13
53.280        20
53.290        47
53.300        13
53.310         7
53.320        20
53.330        20
53.340        13
53.350         7
53.360        20
53.370        13
53.380        20
53.390        27
53.400        47
53.410        13
53.420        33
53.430        27
53.440        53
53.450        47
53.460        13
53.470        20
53.480         7
53.490        13
53.500        20
53.510        27
53.520        20
53.530        27
53.540        20
53.550        20
53.560        20
53.570        20
53.580        20
53.590        13
53.600         7
53.610        53
53.620        33
53.630        13
53.640        33
53.650        40
53.660        20
53.670        20
53.680        40
53.690         7
53.700        33
53.710         0
53.720        20
53.730         0
53.740        33
53.750        27
53.760         7
53.770        13
53.780        20
53.790        13
53.800        27
53.810         7
53.820         7
53.830        27
53.840         7
53.850        40
53.860        20
53.870        27
53.880        13
53.890        13
53.900        20
53.910        20
53.920         7
53.930        13
53.940         7
53.950        33
53.960        20
53.970        27
53.980        13
53.990         7
54.000        20
54.010        13
54.020        27
54.030        13
54.040        47
54.050        27
54.060         7
54.070        27
54.080         7
54.090        13
54.100         7
54.110        13
54.120        27
54.130         7
54.140         7
54.150         7
54.160        20
54.170        13
54.180        13
54.190        13
54.200        33
54.210         7
54.220        13
54.230        20
54.240        13
54.250         7
54.260        20
54.270         7
54.280        13
54.290        13
54.300        33
54.310        20
54.320        40
54.330        13
54.340        33
54.350        33
54.360        27
54.370        33
54.380        13
54.390        27
54.400        27
54.410        20
54.420        13
54.430        27
54.440         7
54.450        20
54.460        33
54.470         0
54.480        20
54.490        27
54.500        20
54.510        20
54.520         7
54.530         0
54.540        33
54.550        13
54.560        20
54.570        13
54.580        13
54.590         7
54.600        20
54.610        20
54.620        20
54.630        27
54.640        27
54.650         0
54.660        13
54.670        33
54.680        27
54.690         7
54.700        20
54.710         0
54.720        20
54.730        20
54.740        27
54.750         7
54.760        33
54.770        27
54.780         0
54.790         7
54.800        13
54.810        13
54.820        27
54.830        33
54.840        13
54.850         0
54.860         0
54.870        20
54.880        33
54.890        27
54.900         0
54.910        20
54.920         7
54.930        27
54.940        13
54.950         7
54.960        13
54.970        20
54.980         7
54.990        20
55.000        33
55.010         7
55.020         7
55.030         0
55.040        20
55.050        27
55.060         0
55.070        27
55.080        33
55.090        13
55.100         7
55.110        20
55.120        13
55.130        20
55.140        13
55.150        20
55.160         7
55.170        13
55.180         7
55.190        13
55.200        27
55.210        33
55.220        33
55.230         7
55.240        20
55.250        20
55.260        20
55.270        33
55.280         7
55.290        13
55.300        20
55.310        20
55.320        40
55.330         0
55.340        13
55.350        27
55.360         0
55.370         7
55.380         7
55.390        20
55.400        13
55.410         7
55.420         0
55.430         0
55.440        13
55.450        33
55.460        33
55.470        27
55.480        20
55.490         0
55.500         0
55.510        27
55.520        33
55.530        20
55.540         7
55.550        13
55.560        40
55.570        20
55.580         7
55.590        20
55.600         7
55.610         7
55.620         7
55.630        13
55.640         7
55.650        27
55.660        13
55.670        13
55.680        20
55.690        20
55.700        20
55.710        13
55.720        27
55.730         0
55.740        27
55.750        27
55.760        13
55.770         7
55.780        33
55.790         7
55.800        27
55.810        13
55.820         7
55.830         0
55.840         7
55.850        13
55.860        20
55.870        20
55.880        20
55.890         7
55.900        27
55.910         0
55.920        20
55.930        27
55.940         7
55.950        13
55.960         7
55.970        13
55.980        20
55.990        13
56.000        20
56.010        27
56.020        13
56.030        13
56.040        13
56.050        20
56.060        20
56.070         0
56.080        20
56.090         0
56.100         7
56.110        13
56.120        20
56.130        20
56.140        13
56.150        20
56.160         7
56.170        13
56.180        13
56.190         7
56.200         0
56.210        27
56.220        33
56.230         0
56.240        40
56.250        27
56.260         7
56.270        33
56.280         7
56.290        20
56.300        13
56.310        20
56.320        13
56.330        27
56.340        13
56.350         0
56.360        13
56.370        13
56.380        20
56.390         7
56.400         0
56.410         0
56.420         0
56.430         0
56.440        13
56.450         7
56.460         7
56.470         7
56.480        47
56.490         7
56.500        13
56.510         7
56.520        13
56.530        33
56.540         7
56.550        20
56.560         7
56.570         7
56.580        20
56.590        20
56.600        27
56.610         7
56.620        33
56.630        40
56.640        33
56.650        13
56.660         7
56.670        20
56.680         7
56.690         0
56.700        20
56.710         7
56.720         7
56.730        20
56.740        20
56.750        20
56.760        13
56.770         0
56.780        13
56.790         7
56.800        13
56.810         0
56.820        20
56.830         0
56.840        20
56.850        13
56.860         7
56.870         7
56.880        13
56.890        20
56.900        13
56.910        13
56.920         0
56.930         7
56.940         0
56.950        13
56.960        13
56.970         7
56.980         7
56.990        20
57.000         7
57.010         7
57.020         7
57.030         0
57.040         7
57.050        13
57.060        27
57.070        13
57.080        20
57.090         0
57.100        13
57.110        13
57.120         7
57.130         0
57.140         7
57.150         0
57.160        27
57.170        20
57.180        20
57.190         7
57.200        20
57.210         0
57.220        33
57.230         7
57.240        13
57.250        13
57.260         7
57.270        27
57.280         0
57.290         7
57.300        13
57.310        13
57.320        13
57.330         0
57.340        20
57.350        20
57.360         7
57.370        20
57.380         7
57.390         7
57.400        13
57.410         7
57.420        13
57.430         7
57.440        20
57.450         0
57.460         0
57.470         0
57.480         7
57.490        13
57.500        20
57.510        20
57.520        13
57.530        20
57.540        13
57.550        13
57.560        20
57.570         7
57.580         7
57.590        13
57.600        13
57.610        40
57.620        20
57.630        13
57.640        20
57.650        13
57.660        13
57.670         0
57.680        20
57.690         7
57.700        13
57.710        20
57.720        13
57.730         0
57.740         7
57.750        13
57.760         7
57.770        20
57.780         0
57.790        20
57.800         0
57.810         0
57.820         7
57.830         7
57.840        13
57.850         7
57.860        20
57.870         0
57.880        27
57.890         0
57.900         0
57.910         7
57.920        13
57.930         7
57.940         0
57.950         7
57.960         0
57.970        13
57.980         7
57.990        13
58.000         0
58.010        13
58.020        13
58.030         7
58.040         7
58.050         7
58.060         7
58.070        13
58.080         7
58.090        20
58.100        13
58.110         7
58.120        13
58.130        33
58.140         7
58.150         0
58.160        20
58.170         7
58.180        20
58.190         7
58.200         7
58.210        20
58.220         7
58.230         7
58.240        13
58.250         0
58.260        27
58.270         0
58.280         7
58.290        13
58.300        20
58.310        27
58.320        13
58.330        13
58.340         0
58.350        20
58.360         0
58.370        13
58.380        13
58.390        20
58.400        13
58.410        13
58.420         0
58.430        13
58.440         7
58.450        13
58.460         7
58.470        13
58.480        13
58.490        20
58.500         0
58.510         0
58.520        20
58.530         0
58.540         7
58.550         0
58.560        13
58.570        20
58.580        33
58.590         7
58.600        27
58.610        20
58.620        13
58.630         7
58.640        20
58.650        13
58.660         7
58.670         7
58.680         7
58.690        27
58.700         0
58.710         0
58.720        40
58.730        13
58.740         7
58.750        20
58.760         0
58.770         7
58.780        20
58.790        20
58.800         7
58.810         7
58.820         7
58.830         7
58.840        13
58.850        13
58.860         7
58.870        33
58.880        13
58.890         0
58.900         7
58.910        13
58.920        27
58.930         7
58.940        27
58.950         7
58.960         0
58.970         0
58.980         7
58.990         0
59.000        27
59.010         0
59.020         0
59.030        20
59.040        13
59.050        20
59.060        13
59.070        13
59.080         7
59.090        27
59.100        13
59.110         7
59.120        13
59.130         0
59.140         7
59.150        13
59.160        27
59.170        20
59.180         0
59.190         0
59.200         0
59.210         7
59.220        13
59.230         7
59.240         0
59.250        20
59.260        20
59.270        27
59.280         7
59.290         7
59.300         7
59.310         7
59.320        13
59.330         0
59.340        13
59.350         0
59.360        13
59.370        27
59.380         0
59.390         0
59.400        13
59.410         7
59.420        13
59.430        20
59.440        13
59.450         7
59.460         7
59.470        20
59.480         7
59.490         7
59.500        27
59.510        13
59.520        13
59.530         7
59.540        20
59.550         7
59.560         0
59.570         0
59.580        13
59.590         0
59.600         0
59.610        33
59.620         7
59.630         7
59.640        33
59.650        27
59.660         7
59.670        20
59.680         7
59.690         7
59.700         7
59.710        27
59.720         0
59.730         0
59.740         7
59.750        20
59.760         7
59.770         0
59.780        13
59.790         7
59.800        13
59.810         7
59.820         7
59.830        13
59.840        13
59.850         7
59.860        20
59.870         7
59.880        13
59.890        13
59.900         0
59.910        13
59.920        20
59.930         0
59.940         7
59.950         7
59.960         0
59.970        27
59.980        27
59.990         7
60.000         7
