20.000        33
20.010        33
20.020        40
20.030        40
20.040        67
20.050        40
20.060        80
20.070        53
20.080        40
20.090        33
20.100        40
20.110        73
20.120        73
20.130        27
20.140        53
20.150        67
20.160        40
20.170        47
20.180        27
20.190        33
20.200        47
20.210        33
20.220        40
20.230        80
20.240        47
20.250        53
20.260        53
20.270        20
20.280        47
20.290        60
20.300        40
20.310        20
20.320        53
20.330        27
20.340        47
20.350        67
20.360        53
20.370        13
20.380        27
20.390        47
20.400        27
20.410        60
20.420        47
20.430        20
20.440        87
20.450        47
20.460        47
20.470        60
20.480        47
20.490        53
20.500        73
20.510        53
20.520        47
20.530        40
20.540       100
20.550        60
20.560        33
20.570        47
20.580        73
20.590        40
20.600        47
20.610        53
20.620        47
20.630        27
20.640        40
20.650        67
20.660        40
20.670        67
20.680        47
20.690        60
20.700       107
20.710        40
20.720        33
20.730        47
20.740        33
20.750        60
20.760        27
20.770        33
20.780       113
20.790        27
20.800        27
20.810        47
20.820        47
20.830        33
20.840        27
20.850        47
20.860        53
20.870        60
20.880        47
20.890        20
20.900        33
20.910        60
20.920        47
20.930        53
20.940        33
20.950        47
20.960        20
20.970        53
20.980        80
20.990        47
21.000        47
21.010        60
21.020        33
21.030        60
21.040        67
21.050        53
21.060        33
21.070        33
21.080        47
21.090        47
21.100        73
21.110        40
21.120        47
21.130        40
21.140        20
21.150        73
21.160        40
21.170        53
21.180        33
21.190        60
21.200        20
21.210        53
21.220        40
21.230        60
21.240        33
21.250        60
21.260        40
21.270        47
21.280        53
21.290        40
21.300        40
21.310        47
21.320        40
21.330        53
21.340        27
21.350        20
21.360         7
21.370        53
21.380        60
21.390        47
21.400        13
21.410        40
21.420        53
21.430        20
21.440        53
21.450        53
21.460        67
21.470        67
21.480        60
21.490        60
21.500        40
21.510        27
21.520        47
21.530        60
21.540        93
21.550        40
21.560        13
21.570        67
21.580        40
21.590        67
21.600        47
21.610        53
21.620        40
21.630        53
21.640        73
21.650        20
21.660        67
21.670        93
21.680        47
21.690        47
21.700        53
21.710        27
21.720        40
21.730        47
21.740        40
21.750        60
21.760        80
21.770        33
21.780        40
21.790        13
21.800        27
21.810        20
21.820        40
21.830        20
21.840        40
21.850        33
21.860        40
21.870        53
21.880        40
21.890        60
21.900        47
21.910        73
21.920        40
21.930        40
21.940        53
21.950        20
21.960        73
21.970        40
21.980        47
21.990        20
22.000        53
22.010        47
22.020        13
22.030        20
22.040        53
22.050        40
22.060        47
22.070        33
22.080        20
22.090        53
22.100        53
22.110        33
22.120        13
22.130        53
22.140        13
22.150        53
22.160        73
22.170        47
22.180        53
22.190        47
22.200        67
22.210        60
22.220        53
22.230        20
22.240        33
22.250        53
22.260        47
22.270        80
22.280        40
22.290        53
22.300        40
22.310        33
22.320        60
22.330        27
22.340        60
22.350        87
22.360        67
22.370        87
22.380        73
22.390        33
22.400        33
22.410        40
22.420        40
22.430        60
22.440        80
22.450        53
22.460        33
22.470        87
22.480        67
22.490        73
22.500        73
22.510        80
22.520        93
22.530       127
22.540       127
22.550       100
22.560       120
22.570       213
22.580       160
22.590       200
22.600       213
22.610       173
22.620       233
22.630       247
22.640       333
22.650       340
22.660       407
22.670       440
22.680       486
22.690       600
22.700       800
22.710       873
22.720       940
22.730      1100
22.740      1113
22.750       980
22.760       993
22.770      1273
22.780      1026
22.790       973
22.800       826
22.810       713
22.820       613
22.830       573
22.840       407
22.850       473
22.860       400
22.870       353
22.880       307
22.890       260
22.900       207
22.910       240
22.920       193
22.930       180
22.940       140
22.950       127
22.960        80
22.970        93
22.980       127
22.990       107
23.000       113
23.010        93
23.020       113
23.030        93
23.040        87
23.050        67
23.060       100
23.070       113
23.080        87
23.090        73
23.100        60
23.110        80
23.120        67
23.130        33
23.140        53
23.150        47
23.160        67
23.170        47
23.180        93
23.190        80
23.200        67
23.210        80
23.220        27
23.230        53
23.240        60
23.250        87
23.260        40
23.270        53
23.280        53
23.290        40
23.300        60
23.310        53
23.320        87
23.330        27
23.340        53
23.350        60
23.360        13
23.370        47
23.380        80
23.390        40
23.400        40
23.410        53
23.420        40
23.430        60
23.440        33
23.450        73
23.460        40
23.470        73
23.480        33
23.490        60
23.500        67
23.510        67
23.520        33
23.530        80
23.540        93
23.550        47
23.560        33
23.570        60
23.580        33
23.590        60
23.600        40
23.610        40
23.620        53
23.630        60
23.640        40
23.650        33
23.660        60
23.670        47
23.680        53
23.690        67
23.700        33
23.710        47
23.720        67
23.730        60
23.740        33
23.750        47
23.760        40
23.770        47
23.780        47
23.790        40
23.800        73
23.810        33
23.820        27
23.830        87
23.840        20
23.850        20
23.860        60
23.870        47
23.880        40
23.890        20
23.900        27
23.910        53
23.920        47
23.930        47
23.940        47
23.950        13
23.960        33
23.970        53
23.980        53
23.990        40
24.000        67
24.010        40
24.020        33
24.030        67
24.040        60
24.050        40
24.060        33
24.070         7
24.080        13
24.090        53
24.100        33
24.110        73
24.120        40
24.130        53
24.140        33
24.150        40
24.160        53
24.170        73
24.180        60
24.190        60
24.200        47
24.210        33
24.220        27
24.230        53
24.240        27
24.250        27
24.260        27
24.270        53
24.280        60
24.290        27
24.300        27
24.310        67
24.320        33
24.330        33
24.340        27
24.350       100
24.360        53
24.370        13
24.380        93
24.390        80
24.400        47
24.410        47
24.420        87
24.430        73
24.440        67
24.450        47
24.460        40
24.470        87
24.480        47
24.490        47
24.500        33
24.510        33
24.520        60
24.530        67
24.540        33
24.550        60
24.560        40
24.570        33
24.580        53
24.590        27
24.600        80
24.610        27
24.620        73
24.630        60
24.640        40
24.650        27
24.660        13
24.670        53
24.680        60
24.690        60
24.700        80
24.710        40
24.720        40
24.730        40
24.740        40
24.750        53
24.760        20
24.770        47
24.780        33
24.790        73
24.800        40
24.810        60
24.820        40
24.830        40
24.840        53
24.850        27
24.860        13
24.870        40
24.880        47
24.890        67
24.900        33
24.910        73
24.920        40
24.930        40
24.940        33
24.950        47
24.960        47
24.970        40
24.980        53
24.990        27
25.000        67
25.010        33
25.020        27
25.030        73
25.040        33
25.050        53
25.060        53
25.070        53
25.080        40
25.090        33
25.100        67
25.110        53
25.120        60
25.130        40
25.140        53
25.150        13
25.160        27
25.170        33
25.180        27
25.190        33
25.200        47
25.210        53
25.220        73
25.230        53
25.240        27
25.250        73
25.260        27
25.270        53
25.280         7
25.290        53
25.300        40
25.310        60
25.320        33
25.330        47
25.340        33
25.350        33
25.360        47
25.370        40
25.380        60
25.390        40
25.400        60
25.410        87
25.420        60
25.430        40
25.440        33
25.450        27
25.460        47
25.470        67
25.480        47
25.490        67
25.500        80
25.510        73
25.520        93
25.530       107
25.540        53
25.550        73
25.560       133
25.570        67
25.580        80
25.590        73
25.600        73
25.610        53
25.620        93
25.630        87
25.640        80
25.650       107
25.660        53
25.670        53
25.680        33
25.690        40
25.700        27
25.710        33
25.720        33
25.730        60
25.740        53
25.750        53
25.760        53
25.770        47
25.780        40
25.790        40
25.800        67
25.810        47
25.820        80
25.830        93
25.840        20
25.850        53
25.860        53
25.870        47
25.880        87
25.890        40
25.900        73
25.910        20
25.920        33
25.930        53
25.940        33
25.950        53
25.960        60
25.970        47
25.980        53
25.990        27
26.000        13
26.010        33
26.020        53
26.030        40
26.040        40
26.050        60
26.060        67
26.070        27
26.080        40
26.090        33
26.100        40
26.110        47
26.120        20
26.130        33
26.140        33
26.150        47
26.160        67
26.170        60
26.180        60
26.190        33
26.200        60
26.210        40
26.220        47
26.230        40
26.240        47
26.250        60
26.260        47
26.270        47
26.280        47
26.290        20
26.300        53
26.310        60
26.320        20
26.330        47
26.340        60
26.350        53
26.360        40
26.370        27
26.380        33
26.390        67
26.400        13
26.410        20
26.420        33
26.430        33
26.440        33
26.450        33
26.460        40
26.470        47
26.480        27
26.490        33
26.500        60
26.510        20
26.520        20
26.530        27
26.540        27
26.550        60
26.560        33
26.570        40
26.580        33
26.590        27
26.600        40
26.610        40
26.620        13
26.630        40
26.640        53
26.650        33
26.660        67
26.670        40
26.680        60
26.690        33
26.700        20
26.710        40
26.720        47
26.730        47
26.740        47
26.750        20
26.760        47
26.770        67
26.780        33
26.790        40
26.800        60
26.810        53
26.820        67
26.830        13
26.840        40
26.850        53
26.860        33
26.870        13
26.880        40
26.890        47
26.900        33
26.910        20
26.920        27
26.930        20
26.940        27
26.950        27
26.960        27
26.970        67
26.980         7
26.990        33
27.000        27
27.010        33
27.020        33
27.030        53
27.040         7
27.050        53
27.060        40
27.070        47
27.080        27
27.090        53
27.100        40
27.110        67
27.120        53
27.130        53
27.140        40
27.150        40
27.160        73
27.170        40
27.180        27
27.190        20
27.200        53
27.210        53
27.220        40
27.230        47
27.240        60
27.250        60
27.260        47
27.270        27
27.280        60
27.290        27
27.300        60
27.310        20
27.320        27
27.330        33
27.340        20
27.350        47
27.360        20
27.370        53
27.380        33
27.390        33
27.400        40
27.410        47
27.420        27
27.430        13
27.440        53
27.450        53
27.460        53
27.470        13
27.480        27
27.490        33
27.500        47
27.510         7
27.520        47
27.530        60
27.540        60
27.550        47
27.560        27
27.570        47
27.580        40
27.590        40
27.600        67
27.610        60
27.620        27
27.630        40
27.640        60
27.650        40
27.660        20
27.670        53
27.680        27
27.690        20
27.700        60
27.710        40
27.720        93
27.730        20
27.740        40
27.750        40
27.760        47
27.770        33
27.780        33
27.790        40
27.800        47
27.810        13
27.820        27
27.830        27
27.840        27
27.850        47
27.860        33
27.870        67
27.880        27
27.890        47
27.900        40
27.910        33
27.920        67
27.930        40
27.940        47
27.950        40
27.960        40
27.970        13
27.980        33
27.990        40
28.000        67
28.010        47
28.020         7
28.030        60
28.040        33
28.050        40
28.060        27
28.070        47
28.080        80
28.090        47
28.100        60
28.110        40
28.120        20
28.130        47
28.140        33
28.150        67
28.160        27
28.170        53
28.180        53
28.190        60
28.200        53
28.210        33
28.220        47
28.230        60
28.240        47
28.250        40
28.260         7
28.270        60
28.280        47
28.290        20
28.300        53
28.310        33
28.320        40
28.330        27
28.340        53
28.350        33
28.360        33
28.370        27
28.380        53
28.390        27
28.400        27
28.410        53
28.420        47
28.430        33
28.440        33
28.450        53
28.460        40
28.470        33
28.480        60
28.490        40
28.500        40
28.510        33
28.520        47
28.530        20
28.540        20
28.550        33
28.560        20
28.570        40
28.580        20
28.590        27
28.600        53
28.610        33
28.620        40
28.630        13
28.640        40
28.650        27
28.660        67
28.670        27
28.680        33
28.690        53
28.700        33
28.710        27
28.720        33
28.730        40
28.740        27
28.750        40
28.760        60
28.770        53
28.780       107
28.790        53
28.800        67
28.810        20
28.820        53
28.830        47
28.840        40
28.850        20
28.860        33
28.870        47
28.880        47
28.890        33
28.900        40
28.910        47
28.920        67
28.930        40
28.940        33
28.950        60
28.960        40
28.970        53
28.980        40
28.990        47
29.000        33
29.010        40
29.020        33
29.030        33
29.040        33
29.050        80
29.060        27
29.070        27
29.080        33
29.090        60
29.100        40
29.110        40
29.120        40
29.130        40
29.140        33
29.150        27
29.160        33
29.170        13
29.180        33
29.190        53
29.200        33
29.210        27
29.220        33
29.230        53
29.240        53
29.250        27
29.260        27
29.270        53
29.280        60
29.290        47
29.300        53
29.310        33
29.320        53
29.330        13
29.340        53
29.350        20
29.360        60
29.370        27
29.380        47
29.390        27
29.400        33
29.410        33
29.420        27
29.430        27
29.440        27
29.450        40
29.460        27
29.470        40
29.480        53
29.490        13
29.500        53
29.510        40
29.520        33
29.530        27
29.540        40
29.550        13
29.560        53
29.570        33
29.580        40
29.590        47
29.600        33
29.610        27
29.620        27
29.630        33
29.640        13
29.650        20
29.660        20
29.670        40
29.680        33
29.690        47
29.700        40
29.710        27
29.720        20
29.730        40
29.740        33
29.750        33
29.760        33
29.770        33
29.780        33
29.790        33
29.800        27
29.810        53
29.820        13
29.830        13
29.840        27
29.850        47
29.860        20
29.870        13
29.880        20
29.890        47
29.900        13
29.910        33
29.920        40
29.930        33
29.940        27
29.950        67
29.960        60
29.970        53
29.980        40
29.990        27
30.000        33
30.010        13
30.020        47
30.030        40
30.040        27
30.050        47
30.060        47
30.070        53
30.080        40
30.090        13
30.100        13
30.110        33
30.120        27
30.130        13
30.140        40
30.150        40
30.160        20
30.170        53
30.180        27
30.190        40
30.200        27
30.210        47
30.220        40
30.230        33
30.240        20
30.250        27
30.260        20
30.270        13
30.280        27
30.290        20
30.300        40
30.310        60
30.320        60
30.330        27
30.340        27
30.350        33
30.360        40
30.370        33
30.380        33
30.390        27
30.400        53
30.410        27
30.420        40
30.430        13
30.440        53
30.450        13
30.460        20
30.470        27
30.480        33
30.490        13
30.500         7
30.510        60
30.520        13
30.530        33
30.540        20
30.550        33
30.560        47
30.570        67
30.580        27
30.590        33
30.600        33
30.610        13
30.620        40
30.630        40
30.640         7
30.650        33
30.660        33
30.670        27
30.680        20
30.690        33
30.700        13
30.710        67
30.720        13
30.730        27
30.740        27
30.750        13
30.760        27
30.770        27
30.780        13
30.790        33
30.800        20
30.810        27
30.820        20
30.830        47
30.840        13
30.850        13
30.860        27
30.870        47
30.880        13
30.890        47
30.900        20
30.910        20
30.920        13
30.930        33
30.940        33
30.950        20
30.960        33
30.970        27
30.980        47
30.990        47
31.000        20
31.010        53
31.020        33
31.030        27
31.040        20
31.050        20
31.060        20
31.070        53
31.080        40
31.090        27
31.100        20
31.110        47
31.120        27
31.130        33
31.140        20
31.150        40
31.160        40
31.170        47
31.180        33
31.190        27
31.200        13
31.210        60
31.220        33
31.230        27
31.240        33
31.250        53
31.260        20
31.270        13
31.280        47
31.290        33
31.300        40
31.310        53
31.320        33
31.330        13
31.340         7
31.350        40
31.360        33
31.370        20
31.380        40
31.390        33
31.400        33
31.410        47
31.420        20
31.430        33
31.440        20
31.450        40
31.460        33
31.470        27
31.480        47
31.490        47
31.500        33
31.510        33
31.520        40
31.530        53
31.540        47
31.550        47
31.560        20
31.570        40
31.580        33
31.590        47
31.600        60
31.610        20
31.620        33
31.630        47
31.640        33
31.650        47
31.660        13
31.670        60
31.680        47
31.690        67
31.700        60
31.710        40
31.720         7
31.730        20
31.740        60
31.750        47
31.760        80
31.770        47
31.780        20
31.790        47
31.800        47
31.810        13
31.820        53
31.830        20
31.840        40
31.850        47
31.860        33
31.870        40
31.880        40
31.890        13
31.900        33
31.910        80
31.920        47
31.930        53
31.940        13
31.950        53
31.960        80
31.970        80
31.980        40
31.990        40
32.000        47
32.010        40
32.020        40
32.030        33
32.040        80
32.050        53
32.060        67
32.070        27
32.080        80
32.090        33
32.100       100
32.110       100
32.120        80
32.130        67
32.140        60
32.150        53
32.160        47
32.170        67
32.180       127
32.190       147
32.200       113
32.210       153
32.220       207
32.230       187
32.240       213
32.250       213
32.260       200
32.270       240
32.280       320
32.290       353
32.300       413
32.310       493
32.320       506
32.330       473
32.340       560
32.350       573
32.360       626
32.370       926
32.380       920
32.390      1053
32.400      1326
32.410      1146
32.420      1413
32.430      1306
32.440      1533
32.450      1233
32.460      1399
32.470      1386
32.480      1453
32.490      1259
32.500      1013
32.510      1180
32.520      1026
32.530      1060
32.540       880
32.550       760
32.560       700
32.570       620
32.580       566
32.590       533
32.600       453
32.610       373
32.620       387
32.630       293
32.640       293
32.650       167
32.660       233
32.670       160
32.680       173
32.690       107
32.700       107
32.710       113
32.720       107
32.730       127
32.740        87
32.750        73
32.760        93
32.770       120
32.780        60
32.790        60
32.800        93
32.810        87
32.820        67
32.830       107
32.840        53
32.850        33
32.860        33
32.870        47
32.880        73
32.890        47
32.900        47
32.910        47
32.920        27
32.930        73
32.940        40
32.950        60
32.960        27
32.970        47
32.980        27
32.990        27
33.000        73
33.010        27
33.020        53
33.030        40
33.040        33
33.050        33
33.060        47
33.070        40
33.080         7
33.090        47
33.100        20
33.110        20
33.120        20
33.130        20
33.140        33
33.150        40
33.160        27
33.170        27
33.180        47
33.190        27
33.200        40
33.210        33
33.220        33
33.230        40
33.240        40
33.250        67
33.260        47
33.270        20
33.280        13
33.290        20
33.300        53
33.310        33
33.320        27
33.330        53
33.340         7
33.350        33
33.360        13
33.370        20
33.380         7
33.390        47
33.400        13
33.410         7
33.420        33
33.430        27
33.440        47
33.450        53
33.460        27
33.470        40
33.480        53
33.490        20
33.500        13
33.510        60
33.520        20
33.530        40
33.540        27
33.550        33
33.560        20
33.570        33
33.580        20
33.590        27
33.600        13
33.610        20
33.620        33
33.630        20
33.640        13
33.650        20
33.660        20
33.670        40
33.680         7
33.690        33
33.700        13
33.710        20
33.720        33
33.730        20
33.740        20
33.750        13
33.760        33
33.770        33
33.780        47
33.790        27
33.800        27
33.810        40
33.820        27
33.830        20
33.840        47
33.850        27
33.860        27
33.870        20
33.880         7
33.890        20
33.900        27
33.910        20
33.920        47
33.930        33
33.940        20
33.950        13
33.960         7
33.970        53
33.980        47
33.990        33
34.000        27
34.010         7
34.020        13
34.030        40
34.040         0
34.050        47
34.060        20
34.070        47
34.080        20
34.090        13
34.100        53
34.110        13
34.120        47
34.130        27
34.140        27
34.150         7
34.160        40
34.170        27
34.180        40
34.190         7
34.200        33
34.210        27
34.220        33
34.230       100
34.240        27
34.250        20
34.260        33
34.270        20
34.280        27
34.290        27
34.300        33
34.310         7
34.320        27
34.330        20
34.340        33
34.350        33
34.360        27
34.370        33
34.380         0
34.390        20
34.400        13
34.410         7
34.420        27
34.430        40
34.440        27
34.450        13
34.460         7
34.470        20
34.480        20
34.490        13
34.500        13
34.510        20
34.520        27
34.530        20
34.540        20
34.550         0
34.560        20
34.570        27
34.580        20
34.590        20
34.600        27
34.610        33
34.620         7
34.630        53
34.640        20
34.650        13
34.660        20
34.670        47
34.680        40
34.690         7
34.700        13
34.710        33
34.720        33
34.730        53
34.740        20
34.750        33
34.760        47
34.770        33
34.780        27
34.790        27
34.800        20
34.810        20
34.820        27
34.830        13
34.840        33
34.850        33
34.860         7
34.870        13
34.880         7
34.890        27
34.900        40
34.910         7
34.920        33
34.930        33
34.940        20
34.950        47
34.960         7
34.970        27
34.980        33
34.990         7
35.000        33
35.010        40
35.020        13
35.030        33
35.040        40
35.050        53
35.060        33
35.070        27
35.080        20
35.090        33
35.100        27
35.110        13
35.120        27
35.130         0
35.140         7
35.150        33
35.160        20
35.170        27
35.180        27
35.190        27
35.200        20
35.210        13
35.220        33
35.230        13
35.240        27
35.250        27
35.260        13
35.270        67
35.280        27
35.290        27
35.300        13
35.310         7
35.320        20
35.330        27
35.340         7
35.350        13
35.360        27
35.370        53
35.380        20
35.390        13
35.400        33
35.410        33
35.420        33
35.430        33
35.440        20
35.450        47
35.460        33
35.470        33
35.480        27
35.490         7
35.500         7
35.510        20
35.520        27
35.530        20
35.540         7
35.550        33
35.560        40
35.570        53
35.580        20
35.590        20
35.600        27
35.610        13
35.620        27
35.630        27
35.640         7
35.650        20
35.660        20
35.670        27
35.680        13
35.690        40
35.700        27
35.710        27
35.720        27
35.730        27
35.740        13
35.750        20
35.760        27
35.770        13
35.780        27
35.790        20
35.800        47
35.810        20
35.820        20
35.830        20
35.840        13
35.850        67
35.860        33
35.870        33
35.880        13
35.890        33
35.900        20
35.910        33
35.920        13
35.930        33
35.940        13
35.950        13
35.960        27
35.970        27
35.980        27
35.990        40
36.000        13
36.010        27
36.020        13
36.030        33
36.040        33
36.050        20
36.060         7
36.070        27
36.080        13
36.090        27
36.100         0
36.110        47
36.120        20
36.130        33
36.140        13
36.150        20
36.160         7
36.170        40
36.180        40
36.190        13
36.200        13
36.210        13
36.220        40
36.230        13
36.240        27
36.250         0
36.260         7
36.270        40
36.280        20
36.290        13
36.300         7
36.310        20
36.320        47
36.330        13
36.340         7
36.350        20
36.360        20
36.370        13
36.380        13
36.390        40
36.400        20
36.410        27
36.420        27
36.430        20
36.440        40
36.450        13
36.460        20
36.470         0
36.480        73
36.490         0
36.500         7
36.510        20
36.520        20
36.530        40
36.540        27
36.550        20
36.560        20
36.570        20
36.580        33
36.590        13
36.600        27
36.610        27
36.620        20
36.630        20
36.640        40
36.650        20
36.660         7
36.670        33
36.680        20
36.690        13
36.700        13
36.710        13
36.720        20
36.730         7
36.740        20
36.750        33
36.760        33
36.770        60
36.780        27
36.790        13
36.800        27
36.810         0
36.820        27
36.830        20
36.840        13
36.850        27
36.860         7
36.870        47
36.880        33
36.890        27
36.900        40
36.910        13
36.920        13
36.930         7
36.940        33
36.950        20
36.960        27
36.970        27
36.980        40
36.990         7
37.000        27
37.010        27
37.020        13
37.030        13
37.040        13
37.050        20
37.060         0
37.070        13
37.080        60
37.090         7
37.100        20
37.110        13
37.120        20
37.130        27
37.140        13
37.150         7
37.160        13
37.170        13
37.180        27
37.190         7
37.200         7
37.210        40
37.220        20
37.230        20
37.240         7
37.250         7
37.260        27
37.270        40
37.280        27
37.290        40
37.300        13
37.310        13
37.320         7
37.330        27
37.340        20
37.350        27
37.360        20
37.370        40
37.380        20
37.390        40
37.400        27
37.410        13
37.420        27
37.430        20
37.440        27
37.450        40
37.460        13
37.470         7
37.480        13
37.490        13
37.500        13
37.510        13
37.520        53
37.530        20
37.540        13
37.550        27
37.560        20
37.570        27
37.580        13
37.590        13
37.600        13
37.610        27
37.620        13
37.630        27
37.640        20
37.650        27
37.660        20
37.670         7
37.680        13
37.690        20
37.700         0
37.710        40
37.720         7
37.730        20
37.740        60
37.750         0
37.760        20
37.770         7
37.780         7
37.790        13
37.800        20
37.810        20
37.820        40
37.830        13
37.840         7
37.850        27
37.860        13
37.870        13
37.880        27
37.890        27
37.900        20
37.910        20
37.920         7
37.930        13
37.940        27
37.950        13
37.960        20
37.970        27
37.980         7
37.990        13
38.000        33
38.010         7
38.020        13
38.030        27
38.040         0
38.050        13
38.060        33
38.070         7
38.080        20
38.090        13
38.100        20
38.110         0
38.120        27
38.130        20
38.140         7
38.150         7
38.160         0
38.170        33
38.180        13
38.190        27
38.200        13
38.210        47
38.220        27
38.230        13
38.240        20
38.250        20
38.260        20
38.270        40
38.280        33
38.290         7
38.300        33
38.310        47
38.320        40
38.330        33
38.340        27
38.350        20
38.360         7
38.370        27
38.380        13
38.390         7
38.400        20
38.410        13
38.420        33
38.430        20
38.440        13
38.450        13
38.460         7
38.470         7
38.480        33
38.490        27
38.500        13
38.510        40
38.520        27
38.530         0
38.540        33
38.550        20
38.560        27
38.570        20
38.580         7
38.590         7
38.600         7
38.610         7
38.620        40
38.630        13
38.640        20
38.650        13
38.660        40
38.670         7
38.680        20
38.690        27
38.700        13
38.710        13
38.720         7
38.730         7
38.740        20
38.750        20
38.760        13
38.770        33
38.780        33
38.790        13
38.800         7
38.810        20
38.820         7
38.830        13
38.840        27
38.850        33
38.860        20
38.870        20
38.880        47
38.890         7
38.900        33
38.910        20
38.920        20
38.930        20
38.940        27
38.950        27
38.960        27
38.970        20
38.980        27
38.990         7
39.000        13
39.010        13
39.020         0
39.030        33
39.040        13
39.050         7
39.060        33
39.070        13
39.080        33
39.090        13
39.100        53
39.110        33
39.120        33
39.130        20
39.140        13
39.150        40
39.160        13
39.170        27
39.180         7
39.190        33
39.200        47
39.210         7
39.220        53
39.230        40
39.240        27
39.250         7
39.260        20
39.270         7
39.280        20
39.290        33
39.300        20
39.310        13
39.320        20
39.330        20
39.340        33
39.350         7
39.360         7
39.370        20
39.380        27
39.390         7
39.400        20
39.410         7
39.420         7
39.430         7
39.440         7
39.450        40
39.460        33
39.470        60
39.480        13
39.490        33
39.500        13
39.510        20
39.520        20
39.530         0
39.540        33
39.550        20
39.560        20
39.570        20
39.580         7
39.590        20
39.600         0
39.610        33
39.620        27
39.630        47
39.640        20
39.650         7
39.660         7
39.670        13
39.680         7
39.690        13
39.700        13
39.710        13
39.720        13
39.730        13
39.740        27
39.750        27
39.760         7
39.770        27
39.780        33
39.790        13
39.800        33
39.810        40
39.820        13
39.830        27
39.840        40
39.850        33
39.860        27
39.870        20
39.880        33
39.890        47
39.900        47
39.910        40
39.920        27
39.930        13
39.940        33
39.950        53
39.960        67
39.970        73
39.980        40
39.990       107
40.000        87
40.010        93
40.020       127
40.030        87
40.040       120
40.050        93
40.060        73
40.070        67
40.080        73
40.090       120
40.100        67
40.110        60
40.120        60
40.130       107
40.140        60
40.150        73
40.160        67
40.170        73
40.180        33
40.190        33
40.200        53
40.210        40
40.220        33
40.230        33
40.240        20
40.250        40
40.260        20
40.270        27
40.280        27
40.290        40
40.300        27
40.310        20
40.320        20
40.330        33
40.340        27
40.350         7
40.360        20
40.370        40
40.380        20
40.390        13
40.400        13
40.410         7
40.420        27
40.430        33
40.440        33
40.450        20
40.460        40
40.470        20
40.480         0
40.490        33
40.500        13
40.510        13
40.520        47
40.530        27
40.540        13
40.550        20
40.560        27
40.570         0
40.580         7
40.590        20
40.600        20
40.610        27
40.620        20
40.630        20
40.640        40
40.650        40
40.660        40
40.670        13
40.680        33
40.690        13
40.700        20
40.710        40
40.720        13
40.730        20
40.740        40
40.750        33
40.760        40
40.770        33
40.780        47
40.790        33
40.800        27
40.810        20
40.820        20
40.830         7
40.840        27
40.850        33
40.860        20
40.870        33
40.880         7
40.890        13
40.900         0
40.910         7
40.920        13
40.930        33
40.940         7
40.950        40
40.960        27
40.970        13
40.980        27
40.990         7
41.000        53
41.010        13
41.020        33
41.030        13
41.040        33
41.050        13
41.060        13
41.070        47
41.080        13
41.090        53
41.100        33
41.110        33
41.120        53
41.130        33
41.140        40
41.150        27
41.160        27
41.170        33
41.180        47
41.190         0
41.200        13
41.210         7
41.220        40
41.230        13
41.240        53
41.250        27
41.260        27
41.270        13
41.280         7
41.290        33
41.300        33
41.310        13
41.320        13
41.330        27
41.340        47
41.350         7
41.360        20
41.370        13
41.380        47
41.390        20
41.400        27
41.410        40
41.420        40
41.430        27
41.440        33
41.450        47
41.460        53
41.470        33
41.480        20
41.490        27
41.500         7
41.510        33
41.520        60
41.530        40
41.540        20
41.550        40
41.560        47
41.570        93
41.580        67
41.590        40
41.600        33
41.610        73
41.620        60
41.630        87
41.640        53
41.650        93
41.660        73
41.670        60
41.680        73
41.690        87
41.700       100
41.710       100
41.720       127
41.730       100
41.740        67
41.750        60
41.760        80
41.770        87
41.780        67
41.790        93
41.800        73
41.810        53
41.820        47
41.830        47
41.840        53
41.850        67
41.860        60
41.870        13
41.880        40
41.890        73
41.900        53
41.910        47
41.920        27
41.930        67
41.940        20
41.950        40
41.960        13
41.970        40
41.980        40
41.990        27
42.000        40
42.010        47
42.020        20
42.030        40
42.040        20
42.050        33
42.060        60
42.070        47
42.080        20
42.090         7
42.100        27
42.110        33
42.120        20
42.130        13
42.140        53
42.150        47
42.160        47
42.170        33
42.180        40
42.190        27
42.200        20
42.210        33
42.220        33
42.230        20
42.240        33
42.250        27
42.260        13
42.270        20
42.280         7
42.290        27
42.300        13
42.310        13
42.320        20
42.330         7
42.340        27
42.350        27
42.360        33
42.370        20
42.380        13
42.390        33
42.400         7
42.410        20
42.420        20
42.430        27
42.440         0
42.450        47
42.460        27
42.470        20
42.480         0
42.490         7
42.500        33
42.510        67
42.520        20
42.530        27
42.540        20
42.550        13
42.560         7
42.570       120
42.580        27
42.590         7
42.600        20
42.610        40
42.620        33
42.630         7
42.640        27
42.650        13
42.660        20
42.670        33
42.680        20
42.690        33
42.700        40
42.710        33
42.720        40
42.730         7
42.740        13
42.750        27
42.760        13
42.770        27
42.780        20
42.790        27
42.800        53
42.810        33
42.820        20
42.830        27
42.840        27
42.850        27
42.860        27
42.870        40
42.880        20
42.890        47
42.900         7
42.910        27
42.920        20
42.930        13
42.940        33
42.950        13
42.960         7
42.970        53
42.980        13
42.990        27
43.000        20
43.010         7
43.020        33
43.030        33
43.040        20
43.050         0
43.060        20
43.070        47
43.080        20
43.090        40
43.100        13
43.110         7
43.120         7
43.130        33
43.140        13
43.150        33
43.160        33
43.170        27
43.180        33
43.190        13
43.200        47
43.210         7
43.220        40
43.230         7
43.240        33
43.250         7
43.260        27
43.270        40
43.280        20
43.290         0
43.300        20
43.310        20
43.320        27
43.330        27
43.340        27
43.350         7
43.360        53
43.370        27
43.380        27
43.390        33
43.400        27
43.410        13
43.420        33
43.430        27
43.440        40
43.450        13
43.460        33
43.470         7
43.480        33
43.490        33
43.500        20
43.510        33
43.520        47
43.530         7
43.540        33
43.550        20
43.560         0
43.570        27
43.580         7
43.590        33
43.600        20
43.610        27
43.620         7
43.630        13
43.640        27
43.650        33
43.660        27
43.670        40
43.680        20
43.690        20
43.700        27
43.710        40
43.720        40
43.730        20
43.740        40
43.750         7
43.760        27
43.770        27
43.780        33
43.790        53
43.800        47
43.810        33
43.820        20
43.830        33
43.840        20
43.850         0
43.860        20
43.870         7
43.880        27
43.890        53
43.900        13
43.910        27
43.920        33
43.930        27
43.940        33
43.950        13
43.960        47
43.970        47
43.980        27
43.990        27
44.000        53
44.010        20
44.020        27
44.030        40
44.040        27
44.050        20
44.060        27
44.070        13
44.080        53
44.090        20
44.100        27
44.110        40
44.120        20
44.130        27
44.140        33
44.150        20
44.160        33
44.170        33
44.180        27
44.190        27
44.200        33
44.210        53
44.220        20
44.230        47
44.240        27
44.250        40
44.260        33
44.270        40
44.280         7
44.290        27
44.300        20
44.310        20
44.320        20
44.330        20
44.340        33
44.350        47
44.360         7
44.370        13
44.380        27
44.390        13
44.400        33
44.410        27
44.420        40
44.430        13
44.440        33
44.450        13
44.460        47
44.470        20
44.480        27
44.490        27
44.500        27
44.510        47
44.520        27
44.530        73
44.540        40
44.550        20
44.560        33
44.570        47
44.580        67
44.590        47
44.600        40
44.610        20
44.620        33
44.630        20
44.640        20
44.650        20
44.660        53
44.670        27
44.680        27
44.690        53
44.700        27
44.710        53
44.720        80
44.730        47
44.740        47
44.750        53
44.760        33
44.770        53
44.780        47
44.790        93
44.800        80
44.810       100
44.820        60
44.830        73
44.840        60
44.850        73
44.860        67
44.870        80
44.880       107
44.890        93
44.900        67
44.910        53
44.920        80
44.930       100
44.940        73
44.950        53
44.960        93
44.970        80
44.980       107
44.990       107
45.000       107
45.010       107
45.020        73
45.030        80
45.040       153
45.050       127
45.060       113
45.070        53
45.080        87
45.090        67
45.100        73
45.110        87
45.120       120
45.130        67
45.140        80
45.150        87
45.160        93
45.170       107
45.180       147
45.190        93
45.200        93
45.210       100
45.220       113
45.230        67
45.240        87
45.250       113
45.260       100
45.270        80
45.280        73
45.290       107
45.300       113
45.310        87
45.320        80
45.330       100
45.340        80
45.350       167
45.360        73
45.370       153
45.380       100
45.390        73
45.400       160
45.410       127
45.420       107
45.430       100
45.440       133
45.450        93
45.460       140
45.470        93
45.480       173
45.490       140
45.500       147
45.510       180
45.520       100
45.530       133
45.540        93
45.550       160
45.560       173
45.570       187
45.580       213
45.590       133
45.600       180
45.610       227
45.620        93
45.630       133
45.640       173
45.650       120
45.660       180
45.670       213
45.680       160
45.690       167
45.700       187
45.710       193
45.720       140
45.730       227
45.740       220
45.750       193
45.760       193
45.770       187
45.780       193
45.790       180
45.800       233
45.810       253
45.820       233
45.830       287
45.840       300
45.850       267
45.860       267
45.870       293
45.880       240
45.890       360
45.900       380
45.910       380
45.920       340
45.930       446
45.940       466
45.950       486
45.960       466
45.970       546
45.980       613
45.990       606
46.000       613
46.010       633
46.020       740
46.030       706
46.040       860
46.050      1033
46.060       933
46.070       973
46.080      1106
46.090       953
46.100      1180
46.110      1426
46.120      1393
46.130      1739
46.140      1753
46.150      1733
46.160      2159
46.170      2139
46.180      2246
46.190      2519
46.200      2799
46.210      3052
46.220      3299
46.230      3172
46.240      3665
46.250      4105
46.260      4565
46.270      4478
46.280      5584
46.290      5418
46.300      6417
46.310      6651
46.320      7044
46.330      7724
46.340      8030
46.350      9030
46.360      9689
46.370     10076
46.380     10296
46.390     10602
46.400     11635
46.410     11482
46.420     12295
46.430     11535
46.440     12202
46.450     11989
46.460     12215
46.470     12202
46.480     12182
46.490     11122
46.500     11082
46.510     10403
46.520     10742
46.530     10016
46.540      9843
46.550      9223
46.560      8910
46.570      8843
46.580      7444
46.590      7350
46.600      6477
46.610      6591
46.620      5804
46.630      5891
46.640      5218
46.650      4758
46.660      4392
46.670      4078
46.680      3725
46.690      3679
46.700      3099
46.710      3112
46.720      2779
46.730      2186
46.740      2599
46.750      2292
46.760      2006
46.770      1926
46.780      1879
46.790      1553
46.800      1586
46.810      1453
46.820      1373
46.830      1100
46.840      1093
46.850      1206
46.860       966
46.870       946
46.880       993
46.890       966
46.900       686
46.910       853
46.920       660
46.930       826
46.940       613
46.950       646
46.960       546
46.970       566
46.980       540
46.990       473
47.000       580
47.010       526
47.020       480
47.030       473
47.040       553
47.050       493
47.060       387
47.070       367
47.080       420
47.090       387
47.100       360
47.110       380
47.120       307
47.130       313
47.140       333
47.150       320
47.160       300
47.170       300
47.180       280
47.190       260
47.200       273
47.210       287
47.220       287
47.230       180
47.240       260
47.250       200
47.260       233
47.270       333
47.280       260
47.290       267
47.300       180
47.310       113
47.320       280
47.330       187
47.340       207
47.350       193
47.360       167
47.370       167
47.380       187
47.390       187
47.400       193
47.410       193
47.420       160
47.430       180
47.440       133
47.450       147
47.460       133
47.470       173
47.480       153
47.490       193
47.500       187
47.510       113
47.520       113
47.530       113
47.540       147
47.550       160
47.560       173
47.570       160
47.580       193
47.590       140
47.600       120
47.610       133
47.620       167
47.630        80
47.640       120
47.650        67
47.660       120
47.670       147
47.680       133
47.690       100
47.700       147
47.710        73
47.720       127
47.730        73
47.740       107
47.750        80
47.760        80
47.770        87
47.780        87
47.790       127
47.800        73
47.810       160
47.820        60
47.830       120
47.840        93
47.850       120
47.860        80
47.870       120
47.880        93
47.890        73
47.900        93
47.910        80
47.920        73
47.930        87
47.940       140
47.950       147
47.960       120
47.970        73
47.980       107
47.990        93
48.000        80
48.010        93
48.020        80
48.030        93
48.040       153
48.050        67
48.060        53
48.070       113
48.080        60
48.090       120
48.100        87
48.110        60
48.120        60
48.130        67
48.140        60
48.150        87
48.160        67
48.170       120
48.180       127
48.190       100
48.200        80
48.210        73
48.220       100
48.230        67
48.240       100
48.250        53
48.260        60
48.270       100
48.280        93
48.290        80
48.300        73
48.310        73
48.320        47
48.330        67
48.340        87
48.350        73
48.360        40
48.370       100
48.380        47
48.390        67
48.400        60
48.410        53
48.420        53
48.430        67
48.440        87
48.450        87
48.460        80
48.470        73
48.480        60
48.490        67
48.500        67
48.510        60
48.520        80
48.530        87
48.540        87
48.550        80
48.560        67
48.570        93
48.580        73
48.590        60
48.600        80
48.610        53
48.620        53
48.630       140
48.640        53
48.650        40
48.660        60
48.670        93
48.680        93
48.690        67
48.700        67
48.710        67
48.720        67
48.730        40
48.740        60
48.750       100
48.760        93
48.770        93
48.780        93
48.790        53
48.800        53
48.810        67
48.820        27
48.830        47
48.840        80
48.850        27
48.860        47
48.870       100
48.880        47
48.890        67
48.900        27
48.910        60
48.920        60
48.930        53
48.940        53
48.950        73
48.960        67
48.970        60
48.980        80
48.990        67
49.000        67
49.010        93
49.020       107
49.030        27
49.040        47
49.050        47
49.060        27
49.070        40
49.080        67
49.090        40
49.100        33
49.110        80
49.120        60
49.130        40
49.140        67
49.150        60
49.160        13
49.170        87
49.180        73
49.190        60
49.200        47
49.210        73
49.220        60
49.230        73
49.240        67
49.250        47
49.260        53
49.270        47
49.280        67
49.290        53
49.300        67
49.310        60
49.320       100
49.330        47
49.340        33
49.350        60
49.360        60
49.370        33
49.380        20
49.390        20
49.400        73
49.410        40
49.420        67
49.430        47
49.440        53
49.450        53
49.460        73
49.470        47
49.480        20
49.490        40
49.500        33
49.510        47
49.520        67
49.530        60
49.540        53
49.550        33
49.560        60
49.570        87
49.580        67
49.590        67
49.600        53
49.610        20
49.620        40
49.630        60
49.640        27
49.650        73
49.660       107
49.670        67
49.680        27
49.690        73
49.700        40
49.710        33
49.720        60
49.730        53
49.740        60
49.750        47
49.760        60
49.770        47
49.780        60
49.790        53
49.800        47
49.810        53
49.820        47
49.830        80
49.840        87
49.850        53
49.860        40
49.870        47
49.880        47
49.890        27
49.900        53
49.910        73
49.920        40
49.930        80
49.940        47
49.950        47
49.960        20
49.970        87
49.980        33
49.990        87
50.000        53
50.010        60
50.020         7
50.030        53
50.040        60
50.050        27
50.060        47
50.070        13
50.080        27
50.090        47
50.100        40
50.110        60
50.120        67
50.130        47
50.140        27
50.150        67
50.160        67
50.170        87
50.180        27
50.190        20
50.200        53
50.210        73
50.220        47
50.230        67
50.240        27
50.250        13
50.260        67
50.270        40
50.280        60
50.290        47
50.300        27
50.310        33
50.320        40
50.330        67
50.340        47
50.350        60
50.360        40
50.370        40
50.380        60
50.390        87
50.400        60
50.410        73
50.420        47
50.430       107
50.440        53
50.450         7
50.460        40
50.470        40
50.480        60
50.490        47
50.500        60
50.510        40
50.520        40
50.530        67
50.540        47
50.550        40
50.560        67
50.570        40
50.580        93
50.590        33
50.600        40
50.610        73
50.620        33
50.630        27
50.640        33
50.650        40
50.660        53
50.670        67
50.680        27
50.690        40
50.700        80
50.710        47
50.720        60
50.730        40
50.740        40
50.750        53
50.760        80
50.770        33
50.780        47
50.790        27
50.800        60
50.810        60
50.820        53
50.830        20
50.840        80
50.850        20
50.860        40
50.870        53
50.880        60
50.890        67
50.900        67
50.910        47
50.920        47
50.930         7
50.940        53
50.950        53
50.960        47
50.970        73
50.980        47
50.990        27
51.000        20
51.010        73
51.020        13
51.030        67
51.040        53
51.050        33
51.060        27
51.070        13
51.080        47
51.090        40
51.100        40
51.110        20
51.120        13
51.130        67
51.140        40
51.150        60
51.160        47
51.170        80
51.180        60
51.190        67
51.200        80
51.210        47
51.220        40
51.230        27
51.240        60
51.250        47
51.260        33
51.270        67
51.280        40
51.290        60
51.300        73
51.310        40
51.320        40
51.330        73
51.340        40
51.350        27
51.360        53
51.370        47
51.380        40
51.390        80
51.400        47
51.410        33
51.420        27
51.430        47
51.440        53
51.450        20
51.460        33
51.470        60
51.480        40
51.490        47
51.500        33
51.510        53
51.520        20
51.530        27
51.540        93
51.550        60
51.560        87
51.570        47
51.580        47
51.590        47
51.600        47
51.610        33
51.620        73
51.630        67
51.640        67
51.650        53
51.660        27
51.670        67
51.680        47
51.690        33
51.700        73
51.710        67
51.720        40
51.730        67
51.740        80
51.750        33
51.760        67
51.770        20
51.780        67
51.790        40
51.800        60
51.810        60
51.820        33
51.830        40
51.840        60
51.850        53
51.860        60
51.870        67
51.880        60
51.890        53
51.900        60
51.910        53
51.920        20
51.930        93
51.940        33
51.950        67
51.960        53
51.970        53
51.980        73
51.990        20
52.000        53
52.010        53
52.020        60
52.030        67
52.040        47
52.050        80
52.060       120
52.070        53
52.080        60
52.090        47
52.100        73
52.110        87
52.120        73
52.130       107
52.140       113
52.150        93
52.160        80
52.170        60
52.180       100
52.190        27
52.200        40
52.210       107
52.220        53
52.230        80
52.240        40
52.250        40
52.260       100
52.270        20
52.280        87
52.290       100
52.300       107
52.310       107
52.320        93
52.330        73
52.340        93
52.350       100
52.360        47
52.370        87
52.380        80
52.390        47
52.400        67
52.410       133
52.420       107
52.430        73
52.440       173
52.450       200
52.460       147
52.470       273
52.480       307
52.490       267
52.500       347
52.510       446
52.520       466
52.530       407
52.540       353
52.550       313
52.560       327
52.570       433
52.580       253
52.590       253
52.600       280
52.610       287
52.620       187
52.630       300
52.640       280
52.650       240
52.660       387
52.670       280
52.680       253
52.690       347
52.700       260
52.710       207
52.720       187
52.730       153
52.740       147
52.750       187
52.760       147
52.770       120
52.780       147
52.790       107
52.800       160
52.810       100
52.820       133
52.830        93
52.840        80
52.850       140
52.860        87
52.870       100
52.880       100
52.890       107
52.900        73
52.910       100
52.920        53
52.930       113
52.940        80
52.950        93
52.960        60
52.970       100
52.980        73
52.990        33
53.000       100
53.010        53
53.020        33
53.030       100
53.040        80
53.050        73
53.060       107
53.070        33
53.080        47
53.090       107
53.100        80
53.110        67
53.120        80
53.130        27
53.140        33
53.150        27
53.160        13
53.170        27
53.180        87
53.190        33
53.200        73
53.210        53
53.220        73
53.230        60
53.240        87
53.250        33
53.260        73
53.270        73
53.280        40
53.290        53
53.300        53
53.310        80
53.320        20
53.330        67
53.340        80
53.350        53
53.360        40
53.370        93
53.380        53
53.390        87
53.400        40
53.410        47
53.420        13
53.430        80
53.440        27
53.450        27
53.460        73
53.470        67
53.480        33
53.490        40
53.500        53
53.510        27
53.520        13
53.530        53
53.540        67
53.550        53
53.560        47
53.570        33
53.580        33
53.590        47
53.600        20
53.610        67
53.620        47
53.630        53
53.640        47
53.650        53
53.660        27
53.670        33
53.680        33
53.690        47
53.700        53
53.710        20
53.720        33
53.730        47
53.740        47
53.750        27
53.760        40
53.770        53
53.780        33
53.790       107
53.800        33
53.810        53
53.820        40
53.830        13
53.840        87
53.850        87
53.860        53
53.870        40
53.880        60
53.890        33
53.900        40
53.910        67
53.920        47
53.930        53
53.940        20
53.950         7
53.960        40
53.970        47
53.980        73
53.990        20
54.000        60
54.010        27
54.020         7
54.030        67
54.040        60
54.050       100
54.060         7
54.070        47
54.080        47
54.090        53
54.100        47
54.110        13
54.120        87
54.130        33
54.140        27
54.150        27
54.160        27
54.170        60
54.180        67
54.190        33
54.200        40
54.210        40
54.220        20
54.230        33
54.240        20
54.250        27
54.260        60
54.270        33
54.280        40
54.290        20
54.300        47
54.310        47
54.320        53
54.330        53
54.340        27
54.350        20
54.360        33
54.370        40
54.380        20
54.390        20
54.400        67
54.410        67
54.420        27
54.430        60
54.440        40
54.450        27
54.460        33
54.470        33
54.480        73
54.490        47
54.500        67
54.510        27
54.520        33
54.530        40
54.540        27
54.550        47
54.560        40
54.570        20
54.580        27
54.590        40
54.600        60
54.610        40
54.620        13
54.630        40
54.640        20
54.650        33
54.660        53
54.670        47
54.680        20
54.690        47
54.700        47
54.710        27
54.720        27
54.730        40
54.740        27
54.750        20
54.760        27
54.770        47
54.780        13
54.790        27
54.800        33
54.810         0
54.820        47
54.830        27
54.840        13
54.850        47
54.860        27
54.870        20
54.880        40
54.890        53
54.900        33
54.910        13
54.920        40
54.930        13
54.940        27
54.950        13
54.960        67
54.970        47
54.980         7
54.990         7
55.000        13
55.010        53
55.020        40
55.030        53
55.040        47
55.050        27
55.060        27
55.070         7
55.080        33
55.090        27
55.100        47
55.110        27
55.120        20
55.130        27
55.140        47
55.150        27
55.160        33
55.170        20
55.180        20
55.190        20
55.200        13
55.210        47
55.220        47
55.230        40
55.240         7
55.250        33
55.260        27
55.270        27
55.280        13
55.290        27
55.300        60
55.310        40
55.320         7
55.330        20
55.340        53
55.350        20
55.360        20
55.370        20
55.380        20
55.390        13
55.400        53
55.410        47
55.420        27
55.430        33
55.440        27
55.450        20
55.460        27
55.470        53
55.480        20
55.490        53
55.500        53
55.510        27
55.520        13
55.530        20
55.540        20
55.550        20
55.560        13
55.570         7
55.580        27
55.590        27
55.600        33
55.610        33
55.620        47
55.630        60
55.640        53
55.650        20
55.660        33
55.670        33
55.680        47
55.690        27
55.700        27
55.710        40
55.720        27
55.730        13
55.740        40
55.750        20
55.760        40
55.770        33
55.780        40
55.790         7
55.800        40
55.810        20
55.820        27
55.830        20
55.840        40
55.850        73
55.860        13
55.870        20
55.880        40
55.890        33
55.900        27
55.910        27
55.920        27
55.930        27
55.940        40
55.950        27
55.960        27
55.970        33
55.980        20
55.990        13
56.000        27
56.010        80
56.020        27
56.030        13
56.040        47
56.050        33
56.060        27
56.070        33
56.080        33
56.090        27
56.100        20
56.110         7
56.120        27
56.130        33
56.140        33
56.150        33
56.160        27
56.170        40
56.180        20
56.190         7
56.200        33
56.210        53
56.220        40
56.230        20
56.240        40
56.250        20
56.260        20
56.270        33
56.280        13
56.290        27
56.300        27
56.310        53
56.320        53
56.330        13
56.340        33
56.350        33
56.360        20
56.370        27
56.380        20
56.390        20
56.400        33
56.410        40
56.420        20
56.430        53
56.440        27
56.450        40
56.460        47
56.470        40
56.480        20
56.490        20
56.500        27
56.510        60
56.520        67
56.530        20
56.540        40
56.550        13
56.560        40
56.570        40
56.580         7
56.590        40
56.600        33
56.610        33
56.620        20
56.630        13
56.640        53
56.650        40
56.660        20
56.670        53
56.680        13
56.690        13
56.700        40
56.710        13
56.720        47
56.730        47
56.740        47
56.750        53
56.760        53
56.770        20
56.780        13
56.790        27
56.800        13
56.810        53
56.820        33
56.830        13
56.840        33
56.850        27
56.860        20
56.870        47
56.880        33
56.890        27
56.900        13
56.910        33
56.920        60
56.930        20
56.940        20
56.950        47
56.960        20
56.970        53
56.980         0
56.990         7
57.000        13
57.010        33
57.020        53
57.030        27
57.040        40
57.050        60
57.060         7
57.070        13
57.080        13
57.090        53
57.100        40
57.110         7
57.120        27
57.130        40
57.140        27
57.150        40
57.160        47
57.170        13
57.180        13
57.190        40
57.200        13
57.210        27
57.220        33
57.230         7
57.240        13
57.250        40
57.260        27
57.270        60
57.280        20
57.290        27
57.300        40
57.310        27
57.320        20
57.330        13
57.340        20
57.350        20
57.360        33
57.370        13
57.380        47
57.390         0
57.400        47
57.410        13
57.420        60
57.430        27
57.440        13
57.450        33
57.460        40
57.470        20
57.480        20
57.490        33
57.500        47
57.510        20
57.520        20
57.530        20
57.540        20
57.550        40
57.560        20
57.570        40
57.580        60
57.590        33
57.600        33
57.610         7
57.620        20
57.630        20
57.640         7
57.650        53
57.660        20
57.670        47
57.680        20
57.690        13
57.700        33
57.710         0
57.720        47
57.730        13
57.740        20
57.750        33
57.760        27
57.770        40
57.780        67
57.790         7
57.800        27
57.810        13
57.820        53
57.830        33
57.840        40
57.850        40
57.860        47
57.870        27
57.880        27
57.890        20
57.900        20
57.910        33
57.920        33
57.930        20
57.940        33
57.950        27
57.960        13
57.970        47
57.980        40
57.990        27
58.000        13
58.010        40
58.020        27
58.030        27
58.040        20
58.050        27
58.060        40
58.070        13
58.080        20
58.090        47
58.100        40
58.110        40
58.120         0
58.130        53
58.140        20
58.150        13
58.160        27
58.170        20
58.180        27
58.190        40
58.200        27
58.210        53
58.220         7
58.230        20
58.240        27
58.250        47
58.260         7
58.270        20
58.280        40
58.290        27
58.300        27
58.310        20
58.320        20
58.330        33
58.340        20
58.350        13
58.360         7
58.370        27
58.380        33
58.390        20
58.400        13
58.410        47
58.420        33
58.430        27
58.440        33
58.450         7
58.460        27
58.470        27
58.480        33
58.490        20
58.500        20
58.510        20
58.520        27
58.530        13
58.540        13
58.550        20
58.560        27
58.570        13
58.580        13
58.590        27
58.600        20
58.610        20
58.620         7
58.630        20
58.640        47
58.650        13
58.660        20
58.670        13
58.680        20
58.690        20
58.700        13
58.710         7
58.720        20
58.730        20
58.740        47
58.750        20
58.760        20
58.770         7
58.780        27
58.790         7
58.800         7
58.810        20
58.820        40
58.830        27
58.840        13
58.850        33
58.860        47
58.870        20
58.880        27
58.890        13
58.900        33
58.910         7
58.920        33
58.930        13
58.940        40
58.950         7
58.960        13
58.970        13
58.980        13
58.990        13
59.000        20
59.010        20
59.020        27
59.030        33
59.040        33
59.050        20
59.060        27
59.070        33
59.080        13
59.090        20
59.100        33
59.110        40
59.120        20
59.130        27
59.140         7
59.150        40
59.160        33
59.170        40
59.180        20
59.190        27
59.200        20
59.210        20
59.220        20
59.230        33
59.240         7
59.250        47
59.260        33
59.270        40
59.280        40
59.290        20
59.300        13
59.310        40
59.320        33
59.330        27
59.340        20
59.350        13
59.360        13
59.370         7
59.380        20
59.390         7
59.400        27
59.410         7
59.420         0
59.430        33
59.440         7
59.450         7
59.460        53
59.470        13
59.480         7
59.490         7
59.500        20
59.510         0
59.520        20
59.530        13
59.540        13
59.550        40
59.560         7
59.570        40
59.580        13
59.590        47
59.600        20
59.610        33
59.620        33
59.630        33
59.640        13
59.650        27
59.660         7
59.670        20
59.680        33
59.690        20
59.700        20
59.710        20
59.720        33
59.730         7
59.740         0
59.750        13
59.760        47
59.770        33
59.780        33
59.790        20
59.800        13
59.810        27
59.820        27
59.830        13
59.840         7
59.850        13
59.860        20
59.870        33
59.880        33
59.890        40
59.900        13
59.910         7
59.920        13
59.930        27
59.940         7
59.950        33
59.960        20
59.970        20
59.980        40
59.990         0
60.000         0
