20.000        33
20.010        33
20.020        67
20.030        33
20.040        40
20.050        20
20.060        40
20.070        80
20.080        53
20.090        67
20.100        47
20.110        53
20.120        53
20.130        40
20.140        80
20.150        53
20.160        53
20.170        27
20.180        47
20.190        33
20.200        40
20.210        40
20.220        20
20.230        33
20.240        13
20.250        53
20.260        33
20.270        67
20.280        60
20.290        20
20.300        53
20.310        47
20.320        73
20.330        27
20.340        73
20.350        53
20.360        60
20.370        27
20.380       100
20.390        67
20.400        60
20.410        67
20.420        47
20.430        27
20.440        27
20.450        20
20.460         7
20.470        67
20.480        53
20.490        53
20.500        20
20.510        47
20.520        13
20.530        47
20.540        53
20.550        20
20.560        33
20.570        60
20.580        20
20.590        40
20.600        27
20.610        33
20.620        67
20.630        53
20.640        40
20.650        33
20.660        40
20.670        40
20.680        33
20.690        33
20.700        47
20.710        13
20.720        47
20.730        53
20.740        13
20.750        33
20.760        67
20.770        33
20.780        67
20.790        60
20.800        47
20.810        33
20.820        53
20.830        40
20.840        47
20.850        53
20.860        13
20.870        20
20.880        47
20.890        53
20.900        67
20.910        40
20.920        67
20.930        53
20.940        40
20.950        67
20.960        67
20.970        60
20.980        33
20.990        53
21.000        53
21.010        33
21.020        53
21.030        33
21.040        40
21.050        60
21.060        40
21.070        33
21.080        13
21.090        40
21.100        47
21.110        67
21.120        60
21.130        80
21.140        40
21.150        47
21.160        80
21.170        47
21.180        47
21.190        13
21.200        60
21.210        80
21.220        40
21.230        60
21.240        13
21.250        47
21.260        20
21.270        20
21.280        40
21.290        60
21.300        53
21.310        73
21.320        47
21.330        40
21.340        20
21.350        33
21.360        67
21.370        27
21.380        20
21.390        47
21.400        33
21.410        33
21.420        53
21.430        53
21.440        27
21.450        20
21.460        33
21.470        20
21.480        47
21.490        27
21.500        40
21.510        40
21.520        40
21.530        33
21.540        67
21.550        53
21.560        47
21.570        33
21.580        67
21.590        33
21.600        53
21.610        27
21.620        27
21.630        53
21.640        47
21.650        53
21.660        27
21.670        27
21.680        40
21.690        20
21.700        60
21.710        47
21.720        33
21.730        40
21.740        33
21.750        67
21.760        27
21.770        53
21.780        47
21.790        53
21.800        60
21.810        47
21.820        53
21.830        40
21.840        53
21.850        60
21.860        20
21.870        87
21.880        60
21.890        80
21.900        47
21.910        53
21.920        60
21.930        60
21.940        33
21.950        20
21.960        27
21.970        73
21.980        27
21.990        47
22.000        60
22.010        27
22.020        33
22.030        47
22.040        27
22.050        40
22.060        33
22.070        20
22.080        27
22.090        33
22.100        87
22.110        40
22.120        60
22.130        27
22.140        53
22.150        40
22.160        40
22.170        60
22.180        67
22.190        27
22.200        27
22.210        20
22.220        60
22.230        40
22.240        47
22.250        33
22.260        20
22.270        27
22.280         7
22.290        53
22.300        33
22.310        27
22.320        27
22.330        73
22.340        47
22.350        27
22.360        67
22.370        40
22.380        20
22.390        40
22.400        53
22.410        27
22.420        20
22.430        60
22.440        40
22.450        27
22.460         7
22.470        73
22.480        33
22.490        40
22.500        33
22.510        27
22.520        33
22.530        33
22.540        40
22.550        80
22.560        40
22.570        80
22.580        13
22.590        13
22.600        47
22.610        33
22.620        47
22.630        87
22.640        87
22.650        40
22.660        47
22.670        33
22.680        47
22.690        60
22.700        40
22.710        33
22.720        13
22.730        80
22.740        40
22.750        20
22.760        53
22.770        40
22.780        47
22.790        40
22.800        13
22.810        60
22.820        33
22.830         7
22.840        87
22.850        40
22.860         7
22.870        20
22.880        33
22.890        33
22.900        20
22.910        33
22.920        40
22.930        60
22.940        33
22.950        13
22.960        87
22.970        53
22.980        20
22.990        27
23.000        27
23.010        40
23.020        20
23.030        60
23.040        33
23.050        47
23.060        33
23.070        20
23.080        20
23.090        20
23.100        27
23.110        33
23.120        53
23.130        27
23.140        60
23.150        13
23.160        53
23.170        20
23.180        40
23.190        47
23.200        13
23.210        60
23.220        60
23.230        47
23.240        47
23.250        27
23.260        27
23.270        20
23.280        47
23.290        20
23.300        33
23.310        13
23.320        60
23.330        47
23.340        27
23.350        20
23.360        53
23.370        27
23.380        47
23.390        20
23.400        53
23.410        27
23.420        20
23.430        13
23.440        60
23.450        20
23.460        13
23.470        40
23.480        53
23.490        67
23.500        47
23.510        47
23.520        13
23.530        47
23.540        20
23.550        33
23.560        27
23.570        27
23.580        40
23.590        20
23.600        40
23.610        20
23.620        20
23.630        20
23.640        20
23.650        67
23.660        40
23.670        13
23.680        20
23.690        13
23.700        33
23.710        33
23.720        20
23.730        60
23.740        20
23.750        20
23.760        47
23.770        33
23.780        20
23.790        27
23.800         7
23.810        40
23.820         7
23.830        20
23.840        47
23.850        33
23.860        47
23.870        33
23.880        47
23.890        20
23.900        20
23.910        53
23.920        20
23.930        13
23.940        20
23.950        20
23.960        27
23.970        33
23.980        20
23.990        40
24.000        13
24.010        13
24.020         7
24.030        13
24.040        33
24.050        47
24.060        27
24.070        40
24.080        27
24.090        27
24.100        47
24.110        40
24.120        40
24.130        40
24.140        27
24.150        53
24.160        53
24.170        40
24.180        40
24.190        27
24.200        60
24.210        27
24.220        27
24.230        47
24.240        33
24.250        47
24.260        80
24.270        27
24.280        33
24.290        40
24.300        47
24.310        33
24.320        53
24.330        20
24.340        53
24.350        20
24.360        60
24.370        20
24.380        20
24.390        47
24.400        20
24.410        73
24.420        33
24.430        13
24.440        27
24.450         7
24.460        33
24.470        40
24.480         7
24.490        20
24.500        40
24.510        13
24.520        47
24.530        20
24.540        53
24.550        13
24.560         7
24.570        33
24.580        33
24.590        47
24.600        13
24.610        47
24.620        33
24.630        33
24.640        27
24.650        47
24.660        73
24.670        33
24.680        33
24.690        20
24.700        20
24.710        20
24.720        27
24.730        33
24.740        33
24.750        13
24.760        33
24.770        33
24.780        60
24.790        33
24.800         7
24.810        40
24.820        53
24.830        47
24.840        53
24.850        13
24.860        40
24.870        20
24.880         7
24.890        40
24.900        13
24.910        47
24.920        47
24.930        20
24.940        40
24.950        47
24.960        13
24.970        27
24.980        13
24.990        40
25.000        20
25.010        27
25.020        33
25.030        33
25.040        40
25.050        20
25.060        40
25.070        40
25.080        47
25.090        47
25.100        27
25.110        60
25.120        27
25.130        40
25.140        40
25.150        27
25.160        13
25.170        33
25.180        27
25.190        27
25.200        27
25.210        33
25.220        27
25.230        40
25.240        27
25.250        33
25.260        20
25.270        27
25.280        27
25.290        27
25.300        20
25.310        60
25.320        33
25.330        27
25.340        20
25.350        20
25.360        40
25.370        27
25.380        27
25.390        47
25.400        20
25.410        27
25.420        13
25.430        33
25.440        13
25.450        13
25.460        33
25.470        33
25.480         7
25.490        20
25.500        40
25.510        20
25.520        20
25.530        40
25.540        20
25.550        13
25.560         0
25.570        47
25.580        13
25.590        40
25.600        27
25.610        33
25.620        27
25.630        33
25.640        40
25.650        27
25.660        13
25.670        27
25.680        20
25.690        40
25.700         7
25.710        20
25.720        53
25.730        20
25.740        40
25.750        33
25.760         7
25.770        40
25.780        47
25.790        40
25.800        27
25.810        33
25.820        27
25.830        47
25.840        40
25.850        40
25.860        67
25.870        27
25.880        27
25.890        33
25.900        20
25.910        33
25.920        40
25.930        33
25.940        27
25.950        20
25.960        33
25.970         7
25.980        13
25.990        60
26.000        73
26.010        13
26.020        20
26.030        20
26.040        20
26.050        33
26.060        27
26.070        33
26.080        20
26.090        13
26.100        33
26.110        27
26.120         7
26.130        40
26.140        13
26.150        53
26.160        53
26.170        47
26.180        20
26.190         7
26.200        33
26.210        27
26.220        33
26.230         0
26.240        33
26.250        33
26.260        27
26.270        27
26.280        20
26.290        20
26.300        33
26.310        20
26.320        20
26.330        47
26.340        33
26.350        33
26.360        40
26.370        20
26.380        20
26.390        13
26.400        27
26.410        27
26.420        33
26.430        27
26.440        13
26.450        33
26.460        27
26.470        13
26.480        13
26.490        20
26.500        53
26.510        13
26.520         0
26.530        40
26.540        40
26.550        20
26.560        13
26.570        47
26.580        13
26.590         7
26.600        40
26.610        33
26.620        47
26.630        20
26.640        33
26.650        13
26.660        40
26.670         7
26.680        33
26.690        20
26.700        27
26.710        33
26.720        40
26.730        40
26.740        13
26.750        33
26.760        40
26.770        27
26.780        13
26.790        13
26.800        47
26.810        53
26.820        13
26.830        27
26.840        27
26.850        13
26.860        33
26.870        27
26.880        27
26.890        40
26.900        13
26.910        13
26.920        60
26.930        13
26.940        53
26.950        20
26.960        20
26.970        20
26.980        20
26.990        27
27.000         7
27.010        40
27.020        33
27.030        47
27.040        40
27.050        13
27.060        60
27.070        47
27.080        20
27.090        27
27.100        33
27.110        27
27.120        13
27.130         0
27.140        13
27.150        33
27.160        47
27.170        40
27.180        13
27.190        27
27.200        20
27.210        40
27.220        33
27.230        20
27.240        60
27.250        33
27.260         0
27.270        40
27.280        13
27.290        40
27.300        20
27.310        20
27.320        20
27.330        13
27.340        33
27.350        40
27.360         7
27.370        27
27.380        47
27.390        27
27.400        33
27.410        27
27.420        40
27.430        27
27.440         7
27.450        13
27.460        20
27.470        20
27.480        40
27.490        27
27.500        13
27.510        47
27.520        20
27.530        40
27.540        53
27.550        47
27.560        27
27.570        20
27.580        20
27.590        20
27.600         0
27.610        47
27.620        33
27.630        20
27.640        53
27.650        27
27.660        20
27.670        33
27.680        13
27.690        20
27.700        27
27.710        33
27.720        40
27.730        13
27.740        20
27.750        47
27.760        60
27.770        33
27.780         7
27.790        13
27.800        47
27.810        20
27.820        47
27.830        27
27.840        73
27.850        27
27.860       107
27.870        47
27.880        40
27.890        53
27.900        80
27.910        80
27.920        60
27.930        27
27.940        80
27.950        40
27.960        60
27.970        53
27.980        33
27.990        53
28.000        60
28.010        47
28.020        33
28.030        60
28.040        27
28.050        33
28.060        33
28.070        33
28.080         7
28.090        47
28.100        53
28.110        40
28.120        40
28.130        33
28.140        13
28.150         7
28.160        13
28.170        47
28.180         7
28.190        27
28.200        27
28.210        47
28.220        33
28.230        27
28.240        40
28.250        27
28.260        40
28.270        13
28.280        20
28.290        27
28.300        27
28.310        93
28.320        33
28.330        40
28.340        47
28.350        33
28.360        40
28.370        33
28.380        20
28.390        33
28.400        47
28.410        27
28.420        40
28.430        13
28.440        47
28.450        47
28.460        13
28.470        40
28.480        27
28.490        20
28.500        40
28.510        13
28.520        27
28.530        40
28.540        13
28.550        20
28.560        20
28.570        47
28.580         7
28.590        33
28.600        20
28.610         7
28.620        20
28.630        40
28.640        20
28.650        13
28.660        13
28.670        60
28.680        13
28.690         7
28.700        33
28.710        13
28.720        33
28.730        27
28.740        20
28.750        27
28.760        27
28.770        27
28.780        40
28.790        33
28.800        27
28.810        20
28.820        13
28.830        33
28.840        33
28.850        40
28.860        40
28.870        47
28.880        27
28.890        33
28.900        13
28.910        20
28.920        33
28.930        47
28.940        33
28.950        27
28.960         7
28.970        33
28.980        13
28.990        40
29.000        13
29.010        67
29.020        20
29.030        27
29.040        20
29.050        40
29.060        40
29.070        27
29.080        27
29.090        27
29.100        27
29.110        33
29.120        20
29.130        20
29.140        27
29.150        33
29.160        20
29.170        33
29.180        40
29.190        33
29.200        13
29.210        27
29.220        20
29.230        80
29.240        27
29.250        27
29.260        33
29.270        33
29.280        53
29.290        33
29.300        27
29.310        53
29.320        27
29.330        27
29.340        27
29.350        27
29.360        67
29.370        27
29.380        33
29.390        27
29.400        73
29.410        33
29.420        47
29.430        13
29.440        33
29.450        33
29.460        27
29.470        33
29.480        27
29.490        33
29.500        40
29.510        47
29.520        20
29.530        40
29.540        20
29.550        33
29.560        33
29.570        33
29.580        40
29.590        33
29.600        40
29.610        20
29.620        13
29.630        13
29.640        40
29.650        27
29.660        40
29.670        27
29.680        40
29.690        27
29.700        27
29.710        20
29.720        33
29.730        20
29.740         7
29.750        27
29.760        40
29.770        47
29.780        20
29.790        27
29.800        20
29.810        33
29.820        40
29.830        60
29.840        20
29.850        47
29.860        20
29.870        53
29.880        33
29.890        47
29.900        27
29.910        60
29.920        53
29.930        60
29.940        47
29.950        67
29.960        73
29.970        47
29.980        33
29.990        13
30.000        47
30.010        60
30.020        53
30.030        47
30.040        53
30.050        40
30.060        53
30.070        27
30.080        53
30.090        47
30.100        53
30.110        80
30.120        33
30.130        40
30.140        47
30.150        60
30.160        40
30.170        73
30.180        27
30.190        47
30.200        93
30.210        73
30.220        73
30.230        47
30.240        47
30.250        60
30.260        33
30.270        67
30.280        47
30.290        47
30.300        53
30.310        73
30.320        33
30.330        40
30.340        53
30.350        47
30.360        33
30.370        47
30.380        33
30.390        60
30.400        27
30.410        87
30.420        60
30.430        47
30.440        47
30.450        53
30.460        80
30.470        33
30.480        60
30.490        60
30.500        33
30.510        13
30.520        73
30.530        47
30.540        40
30.550       100
30.560        67
30.570        60
30.580        73
30.590        40
30.600       100
30.610       100
30.620        87
30.630       107
30.640       120
30.650        87
30.660       100
30.670       147
30.680       120
30.690       153
30.700       200
30.710       153
30.720       207
30.730       240
30.740       300
30.750       347
30.760       327
30.770       400
30.780       413
30.790       593
30.800       473
30.810       620
30.820       646
30.830       726
30.840       880
30.850       853
30.860      1033
30.870      1399
30.880      1539
30.890      1473
30.900      1893
30.910      2306
30.920      2852
30.930      3252
30.940      3699
30.950      3952
30.960      4392
30.970      4858
30.980      4918
30.990      5578
31.000      5604
31.010      5964
31.020      5958
31.030      5098
31.040      4945
31.050      4492
31.060      4012
31.070      3732
31.080      3259
31.090      3105
31.100      2426
31.110      2299
31.120      1773
31.130      1526
31.140      1166
31.150       966
31.160       766
31.170       480
31.180       433
31.190       300
31.200       340
31.210       260
31.220       240
31.230       193
31.240       147
31.250       187
31.260       167
31.270       133
31.280       180
31.290       107
31.300       107
31.310       107
31.320        60
31.330        93
31.340        93
31.350       127
31.360        80
31.370        67
31.380        67
31.390        73
31.400        67
31.410        80
31.420       107
31.430        33
31.440        53
31.450        87
31.460       100
31.470        60
31.480        47
31.490        53
31.500        40
31.510        73
31.520        80
31.530       100
31.540        40
31.550        93
31.560        60
31.570        53
31.580        47
31.590        40
31.600        53
31.610        60
31.620        53
31.630        47
31.640        53
31.650        80
31.660        33
31.670       100
31.680        80
31.690        53
31.700        47
31.710        73
31.720        47
31.730        33
31.740        47
31.750        53
31.760        60
31.770        53
31.780        40
31.790       107
31.800        33
31.810        80
31.820        60
31.830        33
31.840        47
31.850        27
31.860        47
31.870        53
31.880        80
31.890        60
31.900        13
31.910        60
31.920        40
31.930        73
31.940        27
31.950        40
31.960        47
31.970        53
31.980        40
31.990        20
32.000        13
32.010        40
32.020        27
32.030        53
32.040        40
32.050        53
32.060        47
32.070        47
32.080        40
32.090        40
32.100        73
32.110        53
32.120        40
32.130        33
32.140        27
32.150        53
32.160        80
32.170        80
32.180        47
32.190        67
32.200        27
32.210        27
32.220        33
32.230        40
32.240        60
32.250        60
32.260        20
32.270        33
32.280        33
32.290        47
32.300        33
32.310        67
32.320        60
32.330        40
32.340        60
32.350        53
32.360        13
32.370        20
32.380        40
32.390        47
32.400        53
32.410        33
32.420        27
32.430        53
32.440        13
32.450        67
32.460        40
32.470        40
32.480        40
32.490        47
32.500        33
32.510        47
32.520        33
32.530        47
32.540        40
32.550        13
32.560        33
32.570        67
32.580        53
32.590        53
32.600        33
32.610        20
32.620        20
32.630        33
32.640        20
32.650        60
32.660        47
32.670        47
32.680        40
32.690        67
32.700        20
32.710        33
32.720        13
32.730        27
32.740        20
32.750        80
32.760        47
32.770        40
32.780        20
32.790        20
32.800        13
32.810        13
32.820        20
32.830        33
32.840        33
32.850        13
32.860        53
32.870        20
32.880        53
32.890        67
32.900        20
32.910        33
32.920         7
32.930        40
32.940        40
32.950        27
32.960        20
32.970        73
32.980        13
32.990        40
33.000        47
33.010        53
33.020        27
33.030        40
33.040        33
33.050        60
33.060        47
33.070        40
33.080        33
33.090        53
33.100         7
33.110        13
33.120        33
33.130        40
33.140        47
33.150        47
33.160        33
33.170        13
33.180        53
33.190         0
33.200        27
33.210        60
33.220        40
33.230        47
33.240        33
33.250        40
33.260        67
33.270        47
33.280        20
33.290        20
33.300        13
33.310        33
33.320        20
33.330        27
33.340        53
33.350        67
33.360        40
33.370        33
33.380        40
33.390        33
33.400        27
33.410        27
33.420        27
33.430        27
33.440        40
33.450        53
33.460        27
33.470        20
33.480        20
33.490        20
33.500        60
33.510        13
33.520        27
33.530        40
33.540        27
33.550        40
33.560        40
33.570        33
33.580        27
33.590        33
33.600        40
33.610        20
33.620        33
33.630        40
33.640        47
33.650        33
33.660         0
33.670        40
33.680        20
33.690        53
33.700        53
33.710        47
33.720        33
33.730        20
33.740        33
33.750        13
33.760        47
33.770        33
33.780        47
33.790        33
33.800        47
33.810        13
33.820        53
33.830         7
33.840        27
33.850        27
33.860        47
33.870        13
33.880        40
33.890        27
33.900        47
33.910        47
33.920        40
33.930        27
33.940        40
33.950        53
33.960        33
33.970        27
33.980        40
33.990        13
34.000        60
34.010         7
34.020        13
34.030        27
34.040        13
34.050        33
34.060        20
34.070        20
34.080        20
34.090         7
34.100        40
34.110        27
34.120        13
34.130        40
34.140        33
34.150        40
34.160        13
34.170        40
34.180        53
34.190        20
34.200        27
34.210        40
34.220        13
34.230        13
34.240        40
34.250        60
34.260        27
34.270        33
34.280        33
34.290        40
34.300        13
34.310         7
34.320         7
34.330        27
34.340        40
34.350        27
34.360        27
34.370        20
34.380        33
34.390        40
34.400        40
34.410        27
34.420        47
34.430        20
34.440        40
34.450        53
34.460        47
34.470        33
34.480        40
34.490        13
34.500        27
34.510        27
34.520        27
34.530        60
34.540        27
34.550        47
34.560        33
34.570        13
34.580        40
34.590        27
34.600        33
34.610         7
34.620        27
34.630        33
34.640        27
34.650        40
34.660        33
34.670        13
34.680        20
34.690        47
34.700        13
34.710         7
34.720        20
34.730        27
34.740        40
34.750        13
34.760        20
34.770        20
34.780        20
34.790        53
34.800        33
34.810        13
34.820        13
34.830        27
34.840        40
34.850        13
34.860        13
34.870        33
34.880        20
34.890        53
34.900        27
34.910        27
34.920        40
34.930        27
34.940        20
34.950        20
34.960        13
34.970        20
34.980        20
34.990        40
35.000        33
35.010        33
35.020        47
35.030        20
35.040        33
35.050        47
35.060        47
35.070        93
35.080        13
35.090        47
35.100        13
35.110        93
35.120        47
35.130        20
35.140        40
35.150        40
35.160        33
35.170        73
35.180        40
35.190        40
35.200        20
35.210        33
35.220        40
35.230        47
35.240        47
35.250        53
35.260        27
35.270        67
35.280        87
35.290        20
35.300        20
35.310        47
35.320         0
35.330        27
35.340        20
35.350        20
35.360        40
35.370        20
35.380        20
35.390        47
35.400        20
35.410         7
35.420         7
35.430        27
35.440        13
35.450        20
35.460        33
35.470         7
35.480        33
35.490        33
35.500        20
35.510        13
35.520        40
35.530        33
35.540        47
35.550        27
35.560        27
35.570        13
35.580        20
35.590        27
35.600        13
35.610         7
35.620        13
35.630        53
35.640         0
35.650        47
35.660         0
35.670        40
35.680        20
35.690        20
35.700         7
35.710        20
35.720        47
35.730        13
35.740        27
35.750        27
35.760        40
35.770         0
35.780        13
35.790        27
35.800        27
35.810        20
35.820        33
35.830        40
35.840        27
35.850        20
35.860        47
35.870        13
35.880        27
35.890        20
35.900        33
35.910        60
35.920        13
35.930        20
35.940        13
35.950        20
35.960        20
35.970        13
35.980        47
35.990        60
36.000        20
36.010        33
36.020        40
36.030        40
36.040        33
36.050        27
36.060        27
36.070        33
36.080        33
36.090        40
36.100        27
36.110        20
36.120        40
36.130        33
36.140        13
36.150         7
36.160        13
36.170        13
36.180        20
36.190        27
36.200        27
36.210        20
36.220        27
36.230        47
36.240        47
36.250        20
36.260        27
36.270        67
36.280        33
36.290        33
36.300        20
36.310         7
36.320        27
36.330        20
36.340        33
36.350        20
36.360        27
36.370        13
36.380         0
36.390        20
36.400        13
36.410        13
36.420        20
36.430        13
36.440        33
36.450        27
36.460        40
36.470        33
36.480        20
36.490        20
36.500        27
36.510        13
36.520        73
36.530        13
36.540        13
36.550        47
36.560         7
36.570        33
36.580        33
36.590        33
36.600         7
36.610        33
36.620        40
36.630        27
36.640        33
36.650        13
36.660        13
36.670        13
36.680        33
36.690        20
36.700        20
36.710        27
36.720        27
36.730        33
36.740        60
36.750        40
36.760        13
36.770        33
36.780        20
36.790        40
36.800        20
36.810        13
36.820        20
36.830        20
36.840         7
36.850        13
36.860        20
36.870        27
36.880         7
36.890        47
36.900        13
36.910        20
36.920        33
36.930        13
36.940        33
36.950        20
36.960        27
36.970        27
36.980        33
36.990        27
37.000        27
37.010        47
37.020        13
37.030        27
37.040        33
37.050         7
37.060        13
37.070        20
37.080         7
37.090        20
37.100        27
37.110        20
37.120        20
37.130         7
37.140        20
37.150        27
37.160        33
37.170        20
37.180        13
37.190        27
37.200        20
37.210        33
37.220         7
37.230        40
37.240        13
37.250        33
37.260        20
37.270        20
37.280        33
37.290        33
37.300        27
37.310        20
37.320        27
37.330        20
37.340        13
37.350        20
37.360         7
37.370        13
37.380         7
37.390        33
37.400        13
37.410        27
37.420        33
37.430        40
37.440        20
37.450        40
37.460         0
37.470        20
37.480        40
37.490        20
37.500        13
37.510        20
37.520        33
37.530        27
37.540        27
37.550         0
37.560        20
37.570        33
37.580         7
37.590        13
37.600        20
37.610         7
37.620        13
37.630        27
37.640        40
37.650        40
37.660        27
37.670        33
37.680         7
37.690        20
37.700        53
37.710        13
37.720        47
37.730        53
37.740        33
37.750        40
37.760         0
37.770        53
37.780        33
37.790        27
37.800        40
37.810        20
37.820        40
37.830        27
37.840        27
37.850        60
37.860        13
37.870        13
37.880        47
37.890         7
37.900        33
37.910        13
37.920        47
37.930        20
37.940        20
37.950        13
37.960         0
37.970        47
37.980        20
37.990        13
38.000        20
38.010        47
38.020        40
38.030        40
38.040        33
38.050        20
38.060        27
38.070        33
38.080        47
38.090        13
38.100        53
38.110        40
38.120        47
38.130        27
38.140        27
38.150        67
38.160        60
38.170        73
38.180        60
38.190        73
38.200        67
38.210        40
38.220        53
38.230        67
38.240        53
38.250        67
38.260        33
38.270        40
38.280        47
38.290        53
38.300        40
38.310        33
38.320        67
38.330        20
38.340        67
38.350        13
38.360         7
38.370        40
38.380        13
38.390        20
38.400         7
38.410        33
38.420        27
38.430        20
38.440        20
38.450        13
38.460        13
38.470        33
38.480        27
38.490        20
38.500        67
38.510        53
38.520         7
38.530        20
38.540        27
38.550        40
38.560        13
38.570        33
38.580        20
38.590        40
38.600         0
38.610        20
38.620         7
38.630        20
38.640        20
38.650        20
38.660         0
38.670        27
38.680        13
38.690        13
38.700        20
38.710        20
38.720        53
38.730        20
38.740        27
38.750         7
38.760        40
38.770        13
38.780        33
38.790        27
38.800        27
38.810        33
38.820        27
38.830        27
38.840        53
38.850        13
38.860         0
38.870         7
38.880        27
38.890        13
38.900         7
38.910        40
38.920        20
38.930        13
38.940         7
38.950        20
38.960        40
38.970        27
38.980         7
38.990         0
39.000        27
39.010        33
39.020        47
39.030        60
39.040        20
39.050        33
39.060        40
39.070         7
39.080        27
39.090        20
39.100        33
39.110        27
39.120        13
39.130        27
39.140        27
39.150        33
39.160        33
39.170        13
39.180        20
39.190        13
39.200        13
39.210        20
39.220        13
39.230        20
39.240        13
39.250        33
39.260        13
39.270        20
39.280        13
39.290        13
39.300        13
39.310        40
39.320        33
39.330        20
39.340        33
39.350         7
39.360        27
39.370         7
39.380        40
39.390        20
39.400         7
39.410         0
39.420        40
39.430        13
39.440         0
39.450         7
39.460        27
39.470        13
39.480        27
39.490        27
39.500        33
39.510        27
39.520        20
39.530        33
39.540        40
39.550         7
39.560        27
39.570         7
39.580        20
39.590        47
39.600        13
39.610        13
39.620        20
39.630        40
39.640         7
39.650        13
39.660        13
39.670        27
39.680        27
39.690        27
39.700        13
39.710         7
39.720        13
39.730        27
39.740        27
39.750        20
39.760         7
39.770        40
39.780        47
39.790        40
39.800        40
39.810         7
39.820        40
39.830        13
39.840        13
39.850        20
39.860        20
39.870        27
39.880        27
39.890        20
39.900         0
39.910        13
39.920        13
39.930        27
39.940         7
39.950        27
39.960        20
39.970        13
39.980        40
39.990        13
40.000        27
40.010        27
40.020        27
40.030        27
40.040        13
40.050        20
40.060        20
40.070        20
40.080        27
40.090        40
40.100         7
40.110        13
40.120         7
40.130        13
40.140        33
40.150        20
40.160        20
40.170        20
40.180        33
40.190         0
40.200        20
40.210        33
40.220         7
40.230         7
40.240        27
40.250        13
40.260        20
40.270        13
40.280        27
40.290        13
40.300        27
40.310        13
40.320        27
40.330         7
40.340        33
40.350         7
40.360        20
40.370         0
40.380        33
40.390        20
40.400        20
40.410        20
40.420        20
40.430        20
40.440        20
40.450        27
40.460         7
40.470         7
40.480         7
40.490         7
40.500        27
40.510        47
40.520         7
40.530        20
40.540        53
40.550         0
40.560        27
40.570        20
40.580        13
40.590        13
40.600        13
40.610         7
40.620         7
40.630        27
40.640         7
40.650        13
40.660        20
40.670        20
40.680        20
40.690         7
40.700         0
40.710        13
40.720        13
40.730        27
40.740        40
40.750        33
40.760        27
40.770        27
40.780         0
40.790         7
40.800        20
40.810        13
40.820         0
40.830        13
40.840         7
40.850        20
40.860         7
40.870        27
40.880        13
40.890         0
40.900        20
40.910         7
40.920        27
40.930        40
40.940        20
40.950        20
40.960        40
40.970        20
40.980         7
40.990         0
41.000        33
41.010        13
41.020        13
41.030        27
41.040        13
41.050        20
41.060        33
41.070        13
41.080        20
41.090         7
41.100         7
41.110        27
41.120        20
41.130        13
41.140        33
41.150        33
41.160        27
41.170         7
41.180         0
41.190        20
41.200        27
41.210        13
41.220         7
41.230        40
41.240        13
41.250        20
41.260        33
41.270        40
41.280        20
41.290        27
41.300        27
41.310        27
41.320         7
41.330        13
41.340        13
41.350         7
41.360        20
41.370        40
41.380        27
41.390        13
41.400         0
41.410        13
41.420        33
41.430        20
41.440        33
41.450         7
41.460        20
41.470        27
41.480        33
41.490        13
41.500        60
41.510        27
41.520         7
41.530        33
41.540        40
41.550        47
41.560        40
41.570        40
41.580        33
41.590        33
41.600        47
41.610        20
41.620        33
41.630        33
41.640        27
41.650        47
41.660        33
41.670        87
41.680        13
41.690        60
41.700        67
41.710        53
41.720        60
41.730        80
41.740        60
41.750        40
41.760        47
41.770        47
41.780        20
41.790        67
41.800        60
41.810        40
41.820        20
41.830        27
41.840        27
41.850        20
41.860        27
41.870        20
41.880        20
41.890        33
41.900         7
41.910        20
41.920        27
41.930        27
41.940         7
41.950        20
41.960        27
41.970        40
41.980        13
41.990        13
42.000        27
42.010        20
42.020         7
42.030         7
42.040        60
42.050        13
42.060        20
42.070        13
42.080         0
42.090        13
42.100        33
42.110        27
42.120        27
42.130        40
42.140        20
42.150        13
42.160        20
42.170        13
42.180        20
42.190        20
42.200        33
42.210        20
42.220         0
42.230        40
42.240        20
42.250        47
42.260        27
42.270        13
42.280        27
42.290         7
42.300        13
42.310        47
42.320        27
42.330        13
42.340         7
42.350         7
42.360        13
42.370        20
42.380        27
42.390        13
42.400         7
42.410        13
42.420        13
42.430        27
42.440        27
42.450        13
42.460        27
42.470         7
42.480         7
42.490         7
42.500        27
42.510         7
42.520         7
42.530         7
42.540        13
42.550        13
42.560        20
42.570        33
42.580         0
42.590         7
42.600         7
42.610        13
42.620        33
42.630        27
42.640        13
42.650         7
42.660         7
42.670        40
42.680        27
42.690        13
42.700        20
42.710        27
42.720        40
42.730        20
42.740        20
42.750        13
42.760        13
42.770         0
42.780         7
42.790        20
42.800        20
42.810        20
42.820        20
42.830        13
42.840        33
42.850         7
42.860        13
42.870        53
42.880        47
42.890         7
42.900         7
42.910         0
42.920        13
42.930        40
42.940        13
42.950        40
42.960         7
42.970        20
42.980        27
42.990        20
43.000        33
43.010        20
43.020         0
43.030        20
43.040        27
43.050        33
43.060         7
43.070        20
43.080        27
43.090        20
43.100        20
43.110         7
43.120        27
43.130        27
43.140        27
43.150        20
43.160        33
43.170        13
43.180        33
43.190        33
43.200        13
43.210        13
43.220        27
43.230        47
43.240         7
43.250        33
43.260        40
43.270        13
43.280        40
43.290        40
43.300        33
43.310        27
43.320        53
43.330         0
43.340        27
43.350        40
43.360        27
43.370        13
43.380        27
43.390        27
43.400        13
43.410        20
43.420        40
43.430        33
43.440        33
43.450        20
43.460        47
43.470        13
43.480        13
43.490        13
43.500        13
43.510        47
43.520        33
43.530        33
43.540        40
43.550         0
43.560        13
43.570         0
43.580        27
43.590         7
43.600        20
43.610        27
43.620        13
43.630         7
43.640        20
43.650         7
43.660        20
43.670         0
43.680        27
43.690        20
43.700        13
43.710        33
43.720        47
43.730         7
43.740        27
43.750        33
43.760        13
43.770        27
43.780         7
43.790        13
43.800         0
43.810        27
43.820        27
43.830        20
43.840        33
43.850        27
43.860         7
43.870        20
43.880         7
43.890        20
43.900        20
43.910        27
43.920        20
43.930        33
43.940        20
43.950        20
43.960        20
43.970        20
43.980        27
43.990        20
44.000        13
44.010        13
44.020        20
44.030        20
44.040        13
44.050        20
44.060        33
44.070        27
44.080        27
44.090        27
44.100        20
44.110        53
44.120        20
44.130         7
44.140        33
44.150        20
44.160        13
44.170        27
44.180        20
44.190        47
44.200        27
44.210        20
44.220        27
44.230        27
44.240        27
44.250        73
44.260        53
44.270        20
44.280        53
44.290        27
44.300        40
44.310        67
44.320        27
44.330        53
44.340        60
44.350        67
44.360        73
44.370        73
44.380        87
44.390        73
44.400        53
44.410       113
44.420        60
44.430       133
44.440        60
44.450        80
44.460        80
44.470        73
44.480        93
44.490        60
44.500        93
44.510        87
44.520       107
44.530        93
44.540        60
44.550        80
44.560        60
44.570        93
44.580        53
44.590        87
44.600        33
44.610        80
44.620        33
44.630        53
44.640        53
44.650        40
44.660        33
44.670        20
44.680        53
44.690        67
44.700        40
44.710        27
44.720        33
44.730        67
44.740        27
44.750        47
44.760        27
44.770        27
44.780        40
44.790        27
44.800        20
44.810        13
44.820         7
44.830        33
44.840        27
44.850        47
44.860        20
44.870        20
44.880        27
44.890        13
44.900        27
44.910        60
44.920        13
44.930        27
44.940        20
44.950        40
44.960        33
44.970        13
44.980        13
44.990         0
45.000        27
45.010        47
45.020        27
45.030        13
45.040        27
45.050        20
45.060         7
45.070        13
45.080        13
45.090        20
45.100        33
45.110        47
45.120        20
45.130         7
45.140        33
45.150        20
45.160        20
45.170        13
45.180        33
45.190        20
45.200        27
45.210        27
45.220         7
45.230        20
45.240        20
45.250         7
45.260        20
45.270        27
45.280        27
45.290         7
45.300        47
45.310        13
45.320         0
45.330        27
45.340         0
45.350        20
45.360        33
45.370        20
45.380         7
45.390        13
45.400        20
45.410         7
45.420        20
45.430        27
45.440        20
45.450        33
45.460        13
45.470        33
45.480         0
45.490         7
45.500        20
45.510         7
45.520        27
45.530        13
45.540         0
45.550        40
45.560        27
45.570         7
45.580        20
45.590        20
45.600         0
45.610        27
45.620        13
45.630        13
45.640         7
45.650        20
45.660        20
45.670        13
45.680         7
45.690        13
45.700        27
45.710        13
45.720         7
45.730        20
45.740         0
45.750        20
45.760         7
45.770        13
45.780        27
45.790        13
45.800        27
45.810        33
45.820        13
45.830        13
45.840         7
45.850        27
45.860        13
45.870        33
45.880        13
45.890        13
45.900         7
45.910         0
45.920        27
45.930        13
45.940         7
45.950        13
45.960         0
45.970         7
45.980        20
45.990        20
46.000         0
46.010        27
46.020        13
46.030        13
46.040        20
46.050        27
46.060        27
46.070         7
46.080        20
46.090        20
46.100         7
46.110         7
46.120         7
46.130        33
46.140        13
46.150        20
46.160        27
46.170        13
46.180        40
46.190        27
46.200        27
46.210         0
46.220        47
46.230         0
46.240        13
46.250         7
46.260        40
46.270        13
46.280        13
46.290        13
46.300        13
46.310         7
46.320        20
46.330         0
46.340         7
46.350        20
46.360         0
46.370        20
46.380        27
46.390        20
46.400        33
46.410        20
46.420         7
46.430        13
46.440        20
46.450        27
46.460        33
46.470        27
46.480        27
46.490         7
46.500         0
46.510        13
46.520         7
46.530        33
46.540        27
46.550         0
46.560        13
46.570         7
46.580        13
46.590        13
46.600        13
46.610         7
46.620        27
46.630        13
46.640        13
46.650         7
46.660        27
46.670        27
46.680        27
46.690         0
46.700         0
46.710         7
46.720         0
46.730        13
46.740        13
46.750         7
46.760         7
46.770         7
46.780         0
46.790        27
46.800         0
46.810        13
46.820         0
46.830        20
46.840        13
46.850         7
46.860        33
46.870        13
46.880        20
46.890        40
46.900        27
46.910        27
46.920        13
46.930         7
46.940         7
46.950        20
46.960         7
46.970        53
46.980        13
46.990        13
47.000        20
47.010        13
47.020        13
47.030        33
47.040        33
47.050        27
47.060        13
47.070         7
47.080         7
47.090        27
47.100         0
47.110        27
47.120         7
47.130         0
47.140        13
47.150         7
47.160        33
47.170        13
47.180        20
47.190         7
47.200        20
47.210        33
47.220        20
47.230        20
47.240        13
47.250         7
47.260        27
47.270        27
47.280        20
47.290        27
47.300        27
47.310        27
47.320        33
47.330        13
47.340         0
47.350         7
47.360         0
47.370        20
47.380         7
47.390        13
47.400        13
47.410         7
47.420         0
47.430        27
47.440        33
47.450        13
47.460        13
47.470        13
47.480        27
47.490         7
47.500         7
47.510        20
47.520         0
47.530         7
47.540        27
47.550         0
47.560        13
47.570        20
47.580         0
47.590        20
47.600        13
47.610        13
47.620         7
47.630        20
47.640        13
47.650        13
47.660         0
47.670        40
47.680        13
47.690         7
47.700        20
47.710        13
47.720         7
47.730         7
47.740         0
47.750        13
47.760        20
47.770         0
47.780        20
47.790        20
47.800        27
47.810         7
47.820         0
47.830        13
47.840        33
47.850        20
47.860         7
47.870        13
47.880        13
47.890        27
47.900         7
47.910        13
47.920        13
47.930        20
47.940         7
47.950        27
47.960        13
47.970        20
47.980         7
47.990         0
48.000        13
48.010        20
48.020        33
48.030        13
48.040        13
48.050        20
48.060         7
48.070         7
48.080        13
48.090        20
48.100         7
48.110        27
48.120         7
48.130        13
48.140        20
48.150        13
48.160        20
48.170        20
48.180        13
48.190        13
48.200        20
48.210        20
48.220        20
48.230         7
48.240         7
48.250         7
48.260         7
48.270        27
48.280        20
48.290        27
48.300         7
48.310         0
48.320        33
48.330        13
48.340        13
48.350         7
48.360        13
48.370         7
48.380         7
48.390         7
48.400        20
48.410         0
48.420        13
48.430         0
48.440        27
48.450        20
48.460        47
48.470         7
48.480        27
48.490        33
48.500        40
48.510        33
48.520        13
48.530        13
48.540         0
48.550        13
48.560        33
48.570        13
48.580        27
48.590        20
48.600         7
48.610        20
48.620        13
48.630        20
48.640        20
48.650        13
48.660         7
48.670        20
48.680        13
48.690        20
48.700        27
48.710         0
48.720        20
48.730        33
48.740        33
48.750        20
48.760         7
48.770         0
48.780        13
48.790         7
48.800        20
48.810         0
48.820        13
48.830         0
48.840        13
48.850        13
48.860        33
48.870        33
48.880        33
48.890         0
48.900        13
48.910        13
48.920        33
48.930        13
48.940         7
48.950        20
48.960        13
48.970         7
48.980        53
48.990        33
49.000        20
49.010         0
49.020        20
49.030        27
49.040        13
49.050        33
49.060         7
49.070         7
49.080        13
49.090         7
49.100        27
49.110        20
49.120        13
49.130        20
49.140        20
49.150        33
49.160         7
49.170        13
49.180         7
49.190        20
49.200         0
49.210        20
49.220        13
49.230         7
49.240        40
49.250         7
49.260        27
49.270        13
49.280         0
49.290        27
49.300        27
49.310        13
49.320        13
49.330        13
49.340        27
49.350        13
49.360        20
49.370        13
49.380        13
49.390         0
49.400        40
49.410        27
49.420        20
49.430        20
49.440        20
49.450        20
49.460         0
49.470         7
49.480        20
49.490        20
49.500        20
49.510         7
49.520        20
49.530        27
49.540        13
49.550        40
49.560        33
49.570        20
49.580        13
49.590        27
49.600         7
49.610         0
49.620         0
49.630        20
49.640         7
49.650        20
49.660        13
49.670        13
49.680         7
49.690         0
49.700        27
49.710         0
49.720        27
49.730         7
49.740         7
49.750         0
49.760        27
49.770        20
49.780        20
49.790        13
49.800        20
49.810        13
49.820         7
49.830        13
49.840        27
49.850        27
49.860        27
49.870        20
49.880        13
49.890         7
49.900        27
49.910        40
49.920        40
49.930        13
49.940        20
49.950        27
49.960         0
49.970        27
49.980        13
49.990        13
50.000        13
50.010        13
50.020        13
50.030        13
50.040         7
50.050        40
50.060        20
50.070        20
50.080         7
50.090        20
50.100        13
50.110        47
50.120        13
50.130        20
50.140         7
50.150        27
50.160         7
50.170         7
50.180        20
50.190        27
50.200        27
50.210        13
50.220        20
50.230         0
50.240        27
50.250        47
50.260         7
50.270        13
50.280        20
50.290        13
50.300        20
50.310        13
50.320         7
50.330        20
50.340        27
50.350         7
50.360         0
50.370        20
50.380         7
50.390         0
50.400         0
50.410        20
50.420         7
50.430        20
50.440         0
50.450        27
50.460        20
50.470         0
50.480         7
50.490        27
50.500         7
50.510        27
50.520        13
50.530         0
50.540        13
50.550         7
50.560         7
50.570        27
50.580         0
50.590        40
50.600        33
50.610         0
50.620         0
50.630        27
50.640        13
50.650        20
50.660        13
50.670         0
50.680        20
50.690        20
50.700        13
50.710         7
50.720        13
50.730        20
50.740        13
50.750        27
50.760         0
50.770        20
50.780        13
50.790        20
50.800        27
50.810         7
50.820         0
50.830         7
50.840        20
50.850        13
50.860        20
50.870        13
50.880        20
50.890        13
50.900         7
50.910        20
50.920         7
50.930        27
50.940        20
50.950        13
50.960        20
50.970         0
50.980        13
50.990         7
51.000        27
51.010         7
51.020        20
51.030         0
51.040        20
51.050        13
51.060         7
51.070         7
51.080         0
51.090        20
51.100        13
51.110        20
51.120        13
51.130        13
51.140        13
51.150         7
51.160        13
51.170        20
51.180         7
51.190         0
51.200         7
51.210        20
51.220        13
51.230        13
51.240        13
51.250        27
51.260        13
51.270        20
51.280        47
51.290        13
51.300        13
51.310        20
51.320        27
51.330         0
51.340         7
51.350        13
51.360        13
51.370         0
51.380         7
51.390         7
51.400        13
51.410        27
51.420        33
51.430         0
51.440        13
51.450         7
51.460         7
51.470        13
51.480        13
51.490        13
51.500        13
51.510         7
51.520        20
51.530         0
51.540         7
51.550         7
51.560         7
51.570         7
51.580        13
51.590        13
51.600        27
51.610        13
51.620        13
51.630         7
51.640        20
51.650        20
51.660         0
51.670         0
51.680        20
51.690         7
51.700        20
51.710         7
51.720         0
51.730         7
51.740        13
51.750         7
51.760         7
51.770        20
51.780         7
51.790        27
51.800        20
51.810        27
51.820        13
51.830         7
51.840         0
51.850         7
51.860        20
51.870        33
51.880        27
51.890        13
51.900        13
51.910        13
51.920        20
51.930        13
51.940        13
51.950        13
51.960         7
51.970         7
51.980        20
51.990         0
52.000        27
52.010        27
52.020        20
52.030         0
52.040        27
52.050         7
52.060        20
52.070        13
52.080        13
52.090         7
52.100        20
52.110        20
52.120         0
52.130         0
52.140         7
52.150        13
52.160         0
52.170        20
52.180        20
52.190        20
52.200        13
52.210        20
52.220        20
52.230        27
52.240         7
52.250         7
52.260         7
52.270         7
52.280         7
52.290         7
52.300         7
52.310        13
52.320         7
52.330        27
52.340        13
52.350        20
52.360        13
52.370         7
52.380         7
52.390         7
52.400         7
52.410        13
52.420         7
52.430        27
52.440        13
52.450        20
52.460        27
52.470        20
52.480        13
52.490        20
52.500         7
52.510         7
52.520         7
52.530        20
52.540        20
52.550         0
52.560        13
52.570        13
52.580        40
52.590        20
52.600         0
52.610        20
52.620        20
52.630         0
52.640        13
52.650        13
52.660        33
52.670        27
52.680         0
52.690        20
52.700        27
52.710        13
52.720        13
52.730        27
52.740         7
52.750        13
52.760        20
52.770        13
52.780        20
52.790        27
52.800        20
52.810        27
52.820         7
52.830         7
52.840        13
52.850        13
52.860        33
52.870        13
52.880        13
52.890        27
52.900        20
52.910        13
52.920         7
52.930        27
52.940         0
52.950        20
52.960         7
52.970         7
52.980        33
52.990        27
53.000        20
53.010        13
53.020        20
53.030        13
53.040        13
53.050        20
53.060        13
53.070         0
53.080         7
53.090        33
53.100         7
53.110         0
53.120        20
53.130        13
53.140        13
53.150         7
53.160         7
53.170         7
53.180        20
53.190        33
53.200        13
53.210        20
53.220        20
53.230         7
53.240        20
53.250        13
53.260         0
53.270        20
53.280        20
53.290        33
53.300        27
53.310        13
53.320        13
53.330         7
53.340        13
53.350        27
53.360        20
53.370        13
53.380        20
53.390        33
53.400         0
53.410         7
53.420         7
53.430         7
53.440         0
53.450        20
53.460        13
53.470        33
53.480         0
53.490        20
53.500         0
53.510         0
53.520        13
53.530        13
53.540        13
53.550         7
53.560        13
53.570        20
53.580         7
53.590         7
53.600        20
53.610         7
53.620        20
53.630         7
53.640        13
53.650        20
53.660        20
53.670        20
53.680        13
53.690         7
53.700        27
53.710        20
53.720         0
53.730        20
53.740         7
53.750        13
53.760        13
53.770        20
53.780        13
53.790        33
53.800        20
53.810         0
53.820        13
53.830        33
53.840         7
53.850        13
53.860        20
53.870        20
53.880        33
53.890        27
53.900         0
53.910        13
53.920        20
53.930         7
53.940         7
53.950         7
53.960        20
53.970        20
53.980        33
53.990        20
54.000        40
54.010         0
54.020        33
54.030        27
54.040        13
54.050        20
54.060         0
54.070         0
54.080        13
54.090        20
54.100         0
54.110         0
54.120        27
54.130        47
54.140        20
54.150        13
54.160         7
54.170        20
54.180        27
54.190        20
54.200        20
54.210        13
54.220        20
54.230        20
54.240         0
54.250         7
54.260        13
54.270         7
54.280        13
54.290         7
54.300        20
54.310        20
54.320        13
54.330         7
54.340        33
54.350         7
54.360        13
54.370        20
54.380         7
54.390        27
54.400        27
54.410        33
54.420        20
54.430         7
54.440        20
54.450         7
54.460        40
54.470        33
54.480         7
54.490         7
54.500        13
54.510        13
54.520        27
54.530        13
54.540        20
54.550        33
54.560         7
54.570        13
54.580        33
54.590        13
54.600        27
54.610        27
54.620        13
54.630        13
54.640        33
54.650        20
54.660        13
54.670        27
54.680        40
54.690         0
54.700        27
54.710         0
54.720        13
54.730        47
54.740         7
54.750        13
54.760        33
54.770        27
54.780        33
54.790         7
54.800        27
54.810        20
54.820         7
54.830        40
54.840        33
54.850        20
54.860        40
54.870        33
54.880        20
54.890        53
54.900        40
54.910        27
54.920        33
54.930        47
54.940        33
54.950        13
54.960        47
54.970        27
54.980        40
54.990        40
55.000        80
55.010        27
55.020        53
55.030       120
55.040        87
55.050        93
55.060       113
55.070       113
55.080        87
55.090       113
55.100        67
55.110       113
55.120       133
55.130       100
55.140       120
55.150       207
55.160       113
55.170       107
55.180       120
55.190       127
55.200       120
55.210       120
55.220       147
55.230       100
55.240        87
55.250        80
55.260        73
55.270        67
55.280       153
55.290       100
55.300        67
55.310        53
55.320        60
55.330        53
55.340        73
55.350        53
55.360        67
55.370        40
55.380        13
55.390        33
55.400        33
55.410        13
55.420        20
55.430        53
55.440        47
55.450        13
55.460        47
55.470        40
55.480        40
55.490        47
55.500         0
55.510        27
55.520         7
55.530        27
55.540        33
55.550        20
55.560        13
55.570        13
55.580        27
55.590        20
55.600        20
55.610         0
55.620        20
55.630        13
55.640        33
55.650        33
55.660         7
55.670         7
55.680        47
55.690        20
55.700         7
55.710         7
55.720        20
55.730        33
55.740        27
55.750        13
55.760        27
55.770         7
55.780        27
55.790        27
55.800        27
55.810         7
55.820        27
55.830         0
55.840        33
55.850         7
55.860         7
55.870        33
55.880         0
55.890        13
55.900        27
55.910         0
55.920        33
55.930         7
55.940         7
55.950        20
55.960        20
55.970         7
55.980        13
55.990        13
56.000         7
56.010         7
56.020        20
56.030         0
56.040        20
56.050        13
56.060         7
56.070         7
56.080        20
56.090         7
56.100        27
56.110         0
56.120        13
56.130        13
56.140         7
56.150         7
56.160         0
56.170        20
56.180        33
56.190        20
56.200        20
56.210        20
56.220        20
56.230        27
56.240        13
56.250         0
56.260        20
56.270        20
56.280         7
56.290        27
56.300        33
56.310        13
56.320         7
56.330        13
56.340        13
56.350        13
56.360        27
56.370         7
56.380        13
56.390        20
56.400        20
56.410        27
56.420         7
56.430        27
56.440        27
56.450        27
56.460        13
56.470         0
56.480        33
56.490         7
56.500        33
56.510        20
56.520         7
56.530        20
56.540        20
56.550        20
56.560        13
56.570         7
56.580        20
56.590         7
56.600         7
56.610         7
56.620         7
56.630        20
56.640        20
56.650         7
56.660         7
56.670        27
56.680        20
56.690        13
56.700         0
56.710         7
56.720        20
56.730        33
56.740         7
56.750        27
56.760         7
56.770        20
56.780         0
56.790         0
56.800         0
56.810         0
56.820         7
56.830         0
56.840         7
56.850        27
56.860        13
56.870        20
56.880        20
56.890         7
56.900        33
56.910         7
56.920         7
56.930        13
56.940        13
56.950        20
56.960         7
56.970         7
56.980        20
56.990         7
57.000        13
57.010        13
57.020        13
57.030         7
57.040        27
57.050        33
57.060         0
57.070        13
57.080        13
57.090        13
57.100        27
57.110         0
57.120        27
57.130        13
57.140        20
57.150        13
57.160         0
57.170         0
57.180        20
57.190        27
57.200        13
57.210        20
57.220         7
57.230         7
57.240        20
57.250        13
57.260        13
57.270        20
57.280         7
57.290        13
57.300         7
57.310         0
57.320        13
57.330         7
57.340        13
57.350        20
57.360         7
57.370         0
57.380         7
57.390        20
57.400         7
57.410        13
57.420        13
57.430        27
57.440        40
57.450        47
57.460        13
57.470        33
57.480         7
57.490        40
57.500        20
57.510        20
57.520        53
57.530        13
57.540        20
57.550        53
57.560        20
57.570        20
57.580        20
57.590        27
57.600        13
57.610         7
57.620        27
57.630        13
57.640        20
57.650        27
57.660         7
57.670        27
57.680        47
57.690        20
57.700        13
57.710        40
57.720        20
57.730         7
57.740        33
57.750        13
57.760        13
57.770        13
57.780         7
57.790        20
57.800        13
57.810        27
57.820        20
57.830        47
57.840         7
57.850        13
57.860        13
57.870         7
57.880        13
57.890        13
57.900         7
57.910         7
57.920        13
57.930        13
57.940        20
57.950         7
57.960         7
57.970         0
57.980         0
57.990        13
58.000         7
58.010        13
58.020         7
58.030        20
58.040         7
58.050        20
58.060         7
58.070        13
58.080        27
58.090        20
58.100         0
58.110        20
58.120        13
58.130         7
58.140         7
58.150         7
58.160        27
58.170        27
58.180         7
58.190        13
58.200         0
58.210         7
58.220        20
58.230        13
58.240        13
58.250        13
58.260        20
58.270        33
58.280        13
58.290         7
58.300         7
58.310         7
58.320        27
58.330         0
58.340        20
58.350        20
58.360        13
58.370        13
58.380         0
58.390         7
58.400         7
58.410        20
58.420        20
58.430         7
58.440        13
58.450        20
58.460        33
58.470        13
58.480        13
58.490        27
58.500        20
58.510         0
58.520         7
58.530         7
58.540        13
58.550        13
58.560         0
58.570        13
58.580         0
58.590         0
58.600        13
58.610        13
58.620        13
58.630        13
58.640        13
58.650        13
58.660         0
58.670        13
58.680         0
58.690        13
58.700         7
58.710         0
58.720         7
58.730         7
58.740         7
58.750         0
58.760        13
58.770         7
58.780        33
58.790         7
58.800        33
58.810         7
58.820        13
58.830        13
58.840         7
58.850         7
58.860        20
58.870        13
58.880        20
58.890        27
58.900         0
58.910        47
58.920        20
58.930         7
58.940         7
58.950         7
58.960        13
58.970         7
58.980        20
58.990        13
59.000         7
59.010         7
59.020        20
59.030         7
59.040        47
59.050        20
59.060        27
59.070         7
59.080        13
59.090        13
59.100         0
59.110        20
59.120         7
59.130        20
59.140        13
59.150        13
59.160         7
59.170        13
59.180        27
59.190         7
59.200        20
59.210         0
59.220         0
59.230        13
59.240        33
59.250        13
59.260         7
59.270         7
59.280        13
59.290         7
59.300         7
59.310         0
59.320        13
59.330         0
59.340        20
59.350         7
59.360        13
59.370        20
59.380        27
59.390        20
59.400        13
59.410        13
59.420        20
59.430         7
59.440        20
59.450        13
59.460        20
59.470        13
59.480        27
59.490        20
59.500         0
59.510        20
59.520        13
59.530         0
59.540        13
59.550        33
59.560        13
59.570        13
59.580        13
59.590        33
59.600         7
59.610         7
59.620         0
59.630         7
59.640        13
59.650        27
59.660         7
59.670        13
59.680        40
59.690         7
59.700         7
59.710         7
59.720        13
59.730        13
59.740         7
59.750        20
59.760         7
59.770        20
59.780        33
59.790        13
59.800         0
59.810         7
59.820        13
59.830        20
59.840        13
59.850         7
59.860        13
59.870        40
59.880         0
59.890        13
59.900        13
59.910        20
59.920        27
59.930        13
59.940        20
59.950        27
59.960         7
59.970         0
59.980         7
59.990        13
60.000         7
