20.000        67
20.010        13
20.020        53
20.030        27
20.040        27
20.050        67
20.060        80
20.070        80
20.080        53
20.090        93
20.100        13
20.110        27
20.120        27
20.130        40
20.140        93
20.150       120
20.160        93
20.170        13
20.180        80
20.190       120
20.200        53
20.210        40
20.220        93
20.230        67
20.240       107
20.250        27
20.260        40
20.270        53
20.280        53
20.290        67
20.300         0
20.310        80
20.320        80
20.330        13
20.340        80
20.350        53
20.360        40
20.370         0
20.380        53
20.390        67
20.400        40
20.410        67
20.420        53
20.430        67
20.440        80
20.450        67
20.460       120
20.470        53
20.480        27
20.490        40
20.500        40
20.510        13
20.520        27
20.530        13
20.540        40
20.550        67
20.560        40
20.570        27
20.580         0
20.590        40
20.600        67
20.610        40
20.620        93
20.630        13
20.640        40
20.650        13
20.660        53
20.670        27
20.680        40
20.690        67
20.700        13
20.710        27
20.720        13
20.730        53
20.740        67
20.750        40
20.760        13
20.770        40
20.780        27
20.790        80
20.800        27
20.810        53
20.820        53
20.830        53
20.840       133
20.850        27
20.860        27
20.870        40
20.880        40
20.890        80
20.900        27
20.910        67
20.920        40
20.930        53
20.940        67
20.950        67
20.960        13
20.970        13
20.980        53
20.990        27
21.000        53
21.010        53
21.020        13
21.030        80
21.040        53
21.050        27
21.060        67
21.070        53
21.080        67
21.090        27
21.100        27
21.110        13
21.120        40
21.130        67
21.140        27
21.150        27
21.160        13
21.170        13
21.180        40
21.190        80
21.200        40
21.210        40
21.220        27
21.230        27
21.240        27
21.250        80
21.260        27
21.270        40
21.280        27
21.290        40
21.300        13
21.310         0
21.320        67
21.330        53
21.340        13
21.350        93
21.360        53
21.370        53
21.380        93
21.390        80
21.400        67
21.410        27
21.420        53
21.430        67
21.440        40
21.450        13
21.460        40
21.470        40
21.480         0
21.490        13
21.500        13
21.510        53
21.520        40
21.530        27
21.540        27
21.550        53
21.560        80
21.570        13
21.580        53
21.590        27
21.600        53
21.610        53
21.620        13
21.630        53
21.640        13
21.650         0
21.660        53
21.670        13
21.680        40
21.690        27
21.700         0
21.710        40
21.720        53
21.730        53
21.740        67
21.750        13
21.760        13
21.770        27
21.780        40
21.790        13
21.800        27
21.810        27
21.820        13
21.830        53
21.840        40
21.850        53
21.860        53
21.870        67
21.880        53
21.890        27
21.900        13
21.910        80
21.920        53
21.930        40
21.940        93
21.950        40
21.960        53
21.970        53
21.980        40
21.990        27
22.000        13
22.010        40
22.020        53
22.030        27
22.040        67
22.050        27
22.060        93
22.070        53
22.080        93
22.090       107
22.100        53
22.110        67
22.120        40
22.130        27
22.140        40
22.150        13
22.160        53
22.170        40
22.180        80
22.190        80
22.200        40
22.210        80
22.220        53
22.230        67
22.240        80
22.250        80
22.260        93
22.270       107
22.280       107
22.290       120
22.300        67
22.310       120
22.320        67
22.330       160
22.340        93
22.350       120
22.360       147
22.370       147
22.380       107
22.390       147
22.400       240
22.410       320
22.420       293
22.430       293
22.440       373
22.450       227
22.460       360
22.470       480
22.480       307
22.490       560
22.500       613
22.510       440
22.520       733
22.530       933
22.540       840
22.550       946
22.560       760
22.570       840
22.580      1093
22.590       800
22.600       613
22.610       600
22.620       600
22.630       493
22.640       426
22.650       333
22.660       400
22.670       267
22.680       160
22.690       187
22.700       173
22.710       133
22.720       120
22.730        93
22.740       147
22.750        93
22.760        93
22.770        93
22.780       107
22.790       120
22.800        27
22.810        67
22.820        13
22.830        53
22.840        53
22.850        40
22.860        40
22.870        53
22.880        27
22.890        53
22.900        67
22.910        13
22.920        53
22.930        53
22.940       107
22.950        67
22.960        40
22.970        40
22.980       107
22.990        40
23.000        27
23.010        67
23.020        80
23.030        13
23.040       120
23.050        27
23.060       107
23.070        13
23.080        27
23.090        40
23.100        40
23.110        53
23.120        13
23.130        53
23.140        40
23.150        80
23.160       120
23.170        27
23.180        40
23.190        40
23.200        53
23.210        27
23.220        53
23.230        93
23.240        27
23.250        40
23.260        67
23.270         0
23.280        67
23.290        27
23.300        27
23.310        40
23.320        53
23.330        27
23.340        80
23.350        27
23.360        40
23.370        27
23.380        67
23.390        27
23.400        40
23.410        40
23.420        13
23.430        53
23.440        27
23.450        93
23.460        13
23.470        93
23.480        40
23.490        53
23.500        53
23.510        13
23.520         0
23.530        40
23.540        40
23.550        27
23.560        67
23.570        40
23.580        40
23.590        53
23.600        53
23.610        40
23.620        67
23.630        13
23.640       107
23.650       120
23.660        13
23.670        13
23.680        13
23.690        53
23.700        13
23.710        53
23.720        53
23.730        27
23.740        40
23.750        67
23.760        13
23.770        67
23.780        53
23.790        53
23.800        13
23.810        13
23.820        40
23.830        67
23.840       120
23.850        27
23.860        40
23.870        40
23.880        27
23.890        13
23.900        13
23.910        27
23.920        27
23.930        40
23.940        27
23.950        53
23.960        53
23.970        40
23.980        27
23.990        40
24.000        80
24.010        53
24.020        80
24.030        40
24.040        40
24.050        53
24.060       107
24.070         0
24.080        53
24.090        53
24.100        40
24.110        40
24.120        40
24.130        40
24.140        67
24.150        67
24.160        27
24.170        80
24.180        53
24.190        40
24.200        53
24.210        67
24.220        40
24.230        53
24.240        67
24.250        27
24.260        13
24.270        40
24.280        27
24.290        27
24.300        13
24.310        40
24.320        40
24.330        13
24.340         0
24.350        53
24.360        53
24.370        67
24.380        13
24.390        53
24.400         0
24.410        53
24.420       107
24.430        13
24.440        80
24.450        27
24.460        27
24.470        67
24.480        53
24.490        27
24.500        40
24.510        67
24.520       133
24.530        67
24.540        40
24.550         0
24.560        27
24.570        40
24.580        27
24.590        80
24.600        53
24.610        67
24.620        27
24.630         0
24.640        53
24.650         0
24.660         0
24.670        40
24.680        93
24.690        40
24.700        13
24.710        67
24.720        67
24.730        67
24.740        40
24.750        53
24.760        27
24.770        67
24.780        67
24.790        40
24.800        13
24.810        27
24.820        67
24.830        80
24.840        53
24.850        53
24.860        80
24.870        53
24.880        27
24.890        67
24.900        40
24.910        53
24.920        40
24.930         0
24.940        40
24.950        67
24.960        13
24.970        93
24.980        40
24.990        27
25.000        53
25.010        67
25.020        27
25.030        40
25.040        27
25.050        27
25.060        53
25.070        13
25.080        13
25.090        93
25.100        40
25.110        40
25.120        40
25.130        27
25.140       107
25.150        40
25.160        67
25.170        40
25.180        27
25.190        27
25.200        27
25.210        67
25.220         0
25.230       107
25.240        67
25.250        67
25.260        53
25.270        53
25.280        13
25.290         0
25.300        13
25.310        13
25.320        27
25.330        13
25.340        40
25.350        53
25.360        93
25.370        80
25.380        13
25.390        40
25.400        13
25.410        67
25.420        40
25.430        27
25.440        53
25.450        80
25.460        13
25.470        40
25.480        93
25.490        13
25.500        53
25.510        40
25.520        80
25.530       120
25.540        53
25.550        40
25.560        93
25.570        53
25.580       147
25.590        80
25.600        80
25.610        67
25.620       107
25.630       160
25.640       120
25.650       227
25.660       173
25.670       213
25.680       187
25.690       253
25.700       240
25.710       253
25.720       333
25.730       426
25.740       280
25.750       360
25.760       400
25.770       320
25.780       426
25.790       640
25.800       426
25.810       426
25.820       333
25.830       413
25.840       307
25.850       360
25.860       200
25.870       320
25.880       240
25.890       200
25.900       240
25.910       213
25.920       160
25.930       147
25.940        53
25.950        93
25.960        27
25.970        67
25.980        53
25.990        80
26.000        80
26.010        27
26.020        40
26.030        80
26.040        27
26.050        40
26.060        67
26.070        13
26.080        80
26.090        40
26.100        27
26.110        53
26.120        40
26.130        53
26.140        93
26.150        13
26.160        40
26.170        27
26.180        80
26.190        80
26.200        40
26.210        53
26.220        80
26.230        53
26.240        93
26.250        13
26.260        67
26.270        67
26.280        27
26.290        27
26.300        40
26.310        40
26.320        13
26.330        40
26.340        53
26.350        53
26.360        53
26.370        27
26.380        40
26.390        40
26.400        13
26.410        40
26.420        53
26.430        13
26.440        27
26.450        53
26.460        13
26.470        27
26.480         0
26.490        40
26.500        53
26.510        93
26.520         0
26.530        40
26.540        53
26.550        67
26.560        67
26.570        27
26.580        80
26.590        67
26.600        40
26.610        13
26.620        27
26.630        53
26.640        53
26.650        40
26.660        40
26.670        53
26.680        40
26.690        53
26.700        40
26.710        40
26.720        13
26.730        53
26.740        40
26.750        53
26.760        53
26.770        27
26.780         0
26.790        40
26.800        13
26.810        27
26.820         0
26.830        27
26.840        27
26.850        27
26.860        53
26.870        53
26.880        27
26.890        27
26.900        27
26.910        80
26.920        40
26.930        53
26.940        13
26.950        53
26.960        27
26.970        27
26.980        53
26.990         0
27.000        13
27.010        27
27.020        27
27.030        27
27.040        40
27.050        80
27.060        13
27.070        40
27.080        27
27.090        40
27.100        93
27.110        27
27.120        53
27.130        67
27.140        27
27.150        40
27.160        13
27.170        13
27.180         0
27.190        27
27.200        53
27.210        80
27.220        13
27.230        27
27.240        80
27.250        53
27.260        13
27.270        93
27.280        67
27.290        40
27.300        27
27.310        13
27.320        67
27.330        13
27.340        40
27.350        93
27.360        53
27.370        40
27.380        13
27.390        13
27.400        67
27.410        53
27.420        13
27.430        40
27.440        67
27.450        40
27.460        53
27.470        93
27.480        40
27.490        13
27.500        40
27.510        40
27.520        13
27.530        27
27.540        53
27.550        13
27.560        27
27.570        27
27.580        53
27.590        13
27.600        13
27.610        67
27.620        40
27.630        80
27.640        27
27.650        93
27.660        93
27.670        27
27.680        80
27.690        80
27.700        53
27.710        53
27.720       107
27.730        27
27.740       107
27.750        93
27.760        80
27.770        27
27.780        93
27.790        67
27.800        93
27.810        67
27.820        53
27.830        53
27.840        40
27.850        40
27.860        80
27.870        13
27.880         0
27.890        27
27.900        40
27.910        27
27.920        40
27.930        67
27.940        67
27.950        27
27.960        40
27.970        67
27.980        13
27.990        27
28.000        13
28.010        40
28.020        40
28.030        27
28.040        53
28.050        53
28.060        27
28.070        27
28.080        53
28.090        27
28.100        13
28.110        40
28.120        40
28.130        27
28.140        13
28.150        27
28.160        40
28.170        27
28.180        27
28.190        13
28.200        40
28.210        40
28.220        80
28.230        40
28.240        67
28.250        13
28.260        40
28.270        13
28.280        80
28.290        40
28.300        40
28.310        93
28.320        27
28.330        27
28.340         0
28.350        27
28.360         0
28.370        13
28.380        53
28.390        67
28.400        40
28.410        40
28.420       107
28.430        80
28.440        40
28.450        53
28.460        40
28.470        40
28.480         0
28.490        80
28.500        27
28.510       120
28.520        40
28.530        67
28.540        53
28.550        27
28.560        53
28.570       133
28.580        93
28.590       133
28.600       133
28.610       147
28.620       133
28.630       227
28.640       173
28.650       213
28.660       227
28.670       240
28.680       133
28.690       240
28.700       227
28.710       200
28.720       133
28.730       160
28.740       147
28.750       120
28.760       107
28.770        67
28.780       120
28.790        93
28.800        53
28.810        67
28.820        67
28.830        53
28.840        93
28.850        40
28.860        67
28.870        67
28.880        53
28.890        53
28.900       107
28.910        40
28.920        27
28.930        40
28.940        40
28.950        80
28.960        40
28.970        53
28.980        40
28.990        13
29.000        80
29.010        80
29.020        13
29.030        53
29.040        67
29.050         0
29.060        53
29.070        40
29.080         0
29.090        53
29.100        53
29.110         0
29.120        40
29.130        53
29.140        93
29.150        67
29.160        53
29.170        67
29.180        27
29.190        67
29.200        67
29.210        40
29.220        53
29.230        93
29.240        93
29.250       147
29.260        80
29.270        80
29.280        80
29.290        93
29.300        53
29.310        93
29.320        80
29.330       120
29.340       160
29.350       133
29.360       147
29.370       320
29.380       293
29.390       253
29.400       213
29.410       320
29.420       280
29.430       293
29.440       347
29.450       440
29.460       613
29.470       613
29.480       626
29.490       853
29.500       960
29.510      1053
29.520       986
29.530      1413
29.540      1333
29.550      1519
29.560      1519
29.570      1399
29.580      1293
29.590      1386
29.600      1026
29.610      1306
29.620       813
29.630       840
29.640       986
29.650       773
29.660       706
29.670       600
29.680       480
29.690       347
29.700       293
29.710       280
29.720       187
29.730       227
29.740       187
29.750       173
29.760       120
29.770        67
29.780       120
29.790       147
29.800        80
29.810        93
29.820        80
29.830        40
29.840       133
29.850        40
29.860        13
29.870        40
29.880        67
29.890        67
29.900        40
29.910        40
29.920        40
29.930        53
29.940        53
29.950       133
29.960        93
29.970        13
29.980        27
29.990        40
30.000        80
30.010        53
30.020        40
30.030        40
30.040        40
30.050        53
30.060        53
30.070        80
30.080       107
30.090        40
30.100        40
30.110        40
30.120        80
30.130        13
30.140        40
30.150        40
30.160        13
30.170        67
30.180        67
30.190        13
30.200        67
30.210        53
30.220        40
30.230        27
30.240        67
30.250        40
30.260        67
30.270        80
30.280        80
30.290       120
30.300        53
30.310       133
30.320        93
30.330        67
30.340       107
30.350        67
30.360       187
30.370       160
30.380       173
30.390       280
30.400       267
30.410       453
30.420       253
30.430       267
30.440       240
30.450       253
30.460       200
30.470       373
30.480       373
30.490       213
30.500       200
30.510       240
30.520       120
30.530       267
30.540       133
30.550       133
30.560       147
30.570       187
30.580        93
30.590       133
30.600       133
30.610        80
30.620        93
30.630        13
30.640        40
30.650        67
30.660        40
30.670        93
30.680        27
30.690        53
30.700        53
30.710        13
30.720         0
30.730        67
30.740        27
30.750        27
30.760        13
30.770        13
30.780        13
30.790        13
30.800        67
30.810         0
30.820        53
30.830        40
30.840        53
30.850        13
30.860        27
30.870        13
30.880        40
30.890        27
30.900        40
30.910        40
30.920        80
30.930        67
30.940         0
30.950        53
30.960        40
30.970         0
30.980         0
30.990        40
31.000        53
31.010        67
31.020        13
31.030        27
31.040        53
31.050        13
31.060        80
31.070        67
31.080        53
31.090        40
31.100        13
31.110        40
31.120        13
31.130        27
31.140        27
31.150        53
31.160        13
31.170         0
31.180        40
31.190        93
31.200        13
31.210        13
31.220        13
31.230        27
31.240        27
31.250        40
31.260        27
31.270        53
31.280        40
31.290        27
31.300        53
31.310        13
31.320        40
31.330        53
31.340        80
31.350         0
31.360         0
31.370        40
31.380        27
31.390        40
31.400        13
31.410        53
31.420         0
31.430        40
31.440        40
31.450        13
31.460        27
31.470        40
31.480         0
31.490         0
31.500        27
31.510         0
31.520        67
31.530        27
31.540        40
31.550        27
31.560        40
31.570         0
31.580        53
31.590        40
31.600        27
31.610        40
31.620        27
31.630        27
31.640        53
31.650        27
31.660        13
31.670        27
31.680        53
31.690         0
31.700        13
31.710        13
31.720        27
31.730         0
31.740        40
31.750        27
31.760        27
31.770        93
31.780        27
31.790        40
31.800        27
31.810        53
31.820        80
31.830        67
31.840        40
31.850        13
31.860        53
31.870        40
31.880        67
31.890        40
31.900        93
31.910        67
31.920        53
31.930        53
31.940        93
31.950        53
31.960        93
31.970       107
31.980        67
31.990       160
32.000        67
32.010       227
32.020       213
32.030       253
32.040       200
32.050       187
32.060       413
32.070       320
32.080       213
32.090       333
32.100       320
32.110       333
32.120       387
32.130       440
32.140       387
32.150       387
32.160       320
32.170       360
32.180       413
32.190       320
32.200       280
32.210       253
32.220       280
32.230       413
32.240       227
32.250       147
32.260       187
32.270        80
32.280       200
32.290        80
32.300        93
32.310        53
32.320       120
32.330        80
32.340        53
32.350        67
32.360       120
32.370        13
32.380        40
32.390        53
32.400        67
32.410        40
32.420        53
32.430        53
32.440        13
32.450        13
32.460        40
32.470        67
32.480        40
32.490        53
32.500        67
32.510        40
32.520        27
32.530         0
32.540        80
32.550         0
32.560         0
32.570        13
32.580        27
32.590        27
32.600        13
32.610        40
32.620         0
32.630         0
32.640        27
32.650         0
32.660        40
32.670         0
32.680        40
32.690        27
32.700        13
32.710        13
32.720        27
32.730        27
32.740        40
32.750        13
32.760        67
32.770         0
32.780        27
32.790        53
32.800        40
32.810        13
32.820        27
32.830        13
32.840         0
32.850        40
32.860         0
32.870        27
32.880        40
32.890        13
32.900        27
32.910        27
32.920        53
32.930         0
32.940        27
32.950        13
32.960        40
32.970        27
32.980        27
32.990        27
33.000         0
33.010        53
33.020        13
33.030        13
33.040         0
33.050         0
33.060        27
33.070        27
33.080        40
33.090        13
33.100        27
33.110        67
33.120        27
33.130        67
33.140        13
33.150        27
33.160        13
33.170        27
33.180        40
33.190        13
33.200        27
33.210        13
33.220        40
33.230        27
33.240        40
33.250        53
33.260        13
33.270        40
33.280        13
33.290         0
33.300        40
33.310        13
33.320        27
33.330        13
33.340        27
33.350        53
33.360        53
33.370        13
33.380        53
33.390        40
33.400        93
33.410         0
33.420        27
33.430        27
33.440        13
33.450         0
33.460         0
33.470        13
33.480        40
33.490        27
33.500        40
33.510        13
33.520        13
33.530        27
33.540        13
33.550        27
33.560        80
33.570         0
33.580        13
33.590        40
33.600        27
33.610         0
33.620         0
33.630        13
33.640        53
33.650        27
33.660        13
33.670        53
33.680        40
33.690        13
33.700        13
33.710        53
33.720        13
33.730        27
33.740        27
33.750        53
33.760        13
33.770        27
33.780        13
33.790        13
33.800        13
33.810        13
33.820        27
33.830         0
33.840        40
33.850        40
33.860        27
33.870        13
33.880        40
33.890        27
33.900        53
33.910        40
33.920        13
33.930        27
33.940         0
33.950        13
33.960        67
33.970        27
33.980        13
33.990        40
34.000        13
34.010        27
34.020        27
34.030        40
34.040        40
34.050        40
34.060        67
34.070        13
34.080        53
34.090        27
34.100        13
34.110        13
34.120        13
34.130        13
34.140        53
34.150        40
34.160        27
34.170        27
34.180        27
34.190        40
34.200        13
34.210        13
34.220        13
34.230        40
34.240        40
34.250        13
34.260        27
34.270        67
34.280        13
34.290        40
34.300         0
34.310        27
34.320        40
34.330        40
34.340        27
34.350        40
34.360        27
34.370        40
34.380        13
34.390        40
34.400        13
34.410        13
34.420        80
34.430        13
34.440        40
34.450        67
34.460        40
34.470        40
34.480        13
34.490         0
34.500        40
34.510        13
34.520        40
34.530        27
34.540        13
34.550        13
34.560        13
34.570        13
34.580        27
34.590        67
34.600        53
34.610        67
34.620        27
34.630        53
34.640        53
34.650        80
34.660        27
34.670        27
34.680        40
34.690        67
34.700        40
34.710         0
34.720        53
34.730        13
34.740         0
34.750        80
34.760        40
34.770         0
34.780        27
34.790        13
34.800        13
34.810        13
34.820        13
34.830         0
34.840         0
34.850        13
34.860        67
34.870        27
34.880        27
34.890        13
34.900        13
34.910        13
34.920        13
34.930         0
34.940        27
34.950        27
34.960         0
34.970        13
34.980        53
34.990        27
35.000        53
35.010        40
35.020        13
35.030        27
35.040        13
35.050        13
35.060        67
35.070        27
35.080        53
35.090        27
35.100        67
35.110        27
35.120        27
35.130        27
35.140        67
35.150        27
35.160        53
35.170         0
35.180        40
35.190        27
35.200        40
35.210        40
35.220        13
35.230        27
35.240        53
35.250        40
35.260        40
35.270        27
35.280        40
35.290        27
35.300         0
35.310        67
35.320        53
35.330        80
35.340        27
35.350         0
35.360        53
35.370         0
35.380        27
35.390        67
35.400        27
35.410        27
35.420        53
35.430        80
35.440         0
35.450        27
35.460        67
35.470        27
35.480        40
35.490        27
35.500        13
35.510        27
35.520        40
35.530         0
35.540        13
35.550        53
35.560        40
35.570         0
35.580        67
35.590         0
35.600        27
35.610        13
35.620        27
35.630        13
35.640        13
35.650        40
35.660         0
35.670        40
35.680        40
35.690        40
35.700        40
35.710         0
35.720        27
35.730        40
35.740        53
35.750        53
35.760        27
35.770        67
35.780        40
35.790        27
35.800        67
35.810        40
35.820        13
35.830        53
35.840        27
35.850        40
35.860        53
35.870        13
35.880        80
35.890        40
35.900        13
35.910        40
35.920        67
35.930         0
35.940        13
35.950        80
35.960        27
35.970        27
35.980        40
35.990        40
36.000        13
36.010        27
36.020        40
36.030         0
36.040        27
36.050        13
36.060        27
36.070        53
36.080        13
36.090        40
36.100        13
36.110        27
36.120        13
36.130        27
36.140        13
36.150        13
36.160        13
36.170        27
36.180        27
36.190        40
36.200        67
36.210        27
36.220        13
36.230        13
36.240        13
36.250        13
36.260        40
36.270        27
36.280        27
36.290        13
36.300        27
36.310        13
36.320        13
36.330         0
36.340        13
36.350        40
36.360        67
36.370        53
36.380        13
36.390        13
36.400        67
36.410         0
36.420        13
36.430        40
36.440        27
36.450        40
36.460         0
36.470         0
36.480        27
36.490        13
36.500        27
36.510        27
36.520         0
36.530        53
36.540        27
36.550        27
36.560        13
36.570         0
36.580        27
36.590        27
36.600         0
36.610        13
36.620         0
36.630        40
36.640        27
36.650        13
36.660        80
36.670        40
36.680         0
36.690         0
36.700        27
36.710        67
36.720        13
36.730        13
36.740        40
36.750        13
36.760        40
36.770         0
36.780        13
36.790        53
36.800        13
36.810        27
36.820         0
36.830        13
36.840        27
36.850        27
36.860         0
36.870         0
36.880        27
36.890         0
36.900        13
36.910        67
36.920        40
36.930        53
36.940        67
36.950        27
36.960        27
36.970        27
36.980        40
36.990        13
37.000         0
37.010        27
37.020        13
37.030        27
37.040        13
37.050        40
37.060        27
37.070        13
37.080        40
37.090        13
37.100        27
37.110        40
37.120        13
37.130         0
37.140        13
37.150        13
37.160        13
37.170        13
37.180         0
37.190        27
37.200         0
37.210        40
37.220        13
37.230        13
37.240        13
37.250         0
37.260        13
37.270        40
37.280         0
37.290        27
37.300        13
37.310        13
37.320        27
37.330        40
37.340         0
37.350        13
37.360        13
37.370        13
37.380        13
37.390        40
37.400         0
37.410         0
37.420        40
37.430        27
37.440        13
37.450         0
37.460        40
37.470         0
37.480         0
37.490        27
37.500        13
37.510        13
37.520        27
37.530         0
37.540        27
37.550        27
37.560        67
37.570        27
37.580        27
37.590        40
37.600        27
37.610         0
37.620        13
37.630        40
37.640        27
37.650        27
37.660        27
37.670        27
37.680        40
37.690        53
37.700         0
37.710         0
37.720        40
37.730        27
37.740         0
37.750        40
37.760        13
37.770        27
37.780        13
37.790        27
37.800        53
37.810        27
37.820        53
37.830         0
37.840        27
37.850        27
37.860        27
37.870        27
37.880        27
37.890        13
37.900        40
37.910        27
37.920        27
37.930        27
37.940        13
37.950         0
37.960        27
37.970         0
37.980        13
37.990         0
38.000        13
38.010        53
38.020        27
38.030        40
38.040        13
38.050        27
38.060        13
38.070        27
38.080        40
38.090        13
38.100        13
38.110        27
38.120        13
38.130         0
38.140        13
38.150         0
38.160        40
38.170        27
38.180        13
38.190        27
38.200         0
38.210        40
38.220        13
38.230        27
38.240         0
38.250        13
38.260        13
38.270        13
38.280        40
38.290         0
38.300        27
38.310        27
38.320        27
38.330        53
38.340        40
38.350         0
38.360        13
38.370         0
38.380        40
38.390        40
38.400        13
38.410        40
38.420        40
38.430        67
38.440        53
38.450        27
38.460        27
38.470        40
38.480        13
38.490         0
38.500        40
38.510        40
38.520        13
38.530        67
38.540        27
38.550        40
38.560         0
38.570        27
38.580        27
38.590        27
38.600        27
38.610        13
38.620        53
38.630        40
38.640        27
38.650         0
38.660        27
38.670        27
38.680         0
38.690        80
38.700        13
38.710        53
38.720        53
38.730        13
38.740        27
38.750        80
38.760        27
38.770        40
38.780        40
38.790        27
38.800        67
38.810        53
38.820        27
38.830        40
38.840        67
38.850         0
38.860        53
38.870        80
38.880       160
38.890        53
38.900       120
38.910        93
38.920        67
38.930        67
38.940        93
38.950        93
38.960       147
38.970        40
38.980        40
38.990        13
39.000        67
39.010        53
39.020        53
39.030       107
39.040        13
39.050        40
39.060        80
39.070        67
39.080        27
39.090        67
39.100        13
39.110        27
39.120         0
39.130        53
39.140        27
39.150        27
39.160        27
39.170        13
39.180        27
39.190        27
39.200        13
39.210        40
39.220        13
39.230        40
39.240        53
39.250        27
39.260        53
39.270        40
39.280        40
39.290        40
39.300        13
39.310        40
39.320        40
39.330        80
39.340        53
39.350        67
39.360        27
39.370        13
39.380        40
39.390        67
39.400         0
39.410        53
39.420        53
39.430         0
39.440        13
39.450        27
39.460        13
39.470        67
39.480        27
39.490        13
39.500        53
39.510        27
39.520        13
39.530        13
39.540        27
39.550        27
39.560        93
39.570        27
39.580         0
39.590        27
39.600        40
39.610        40
39.620        27
39.630        27
39.640        40
39.650         0
39.660        13
39.670        13
39.680        40
39.690        40
39.700        40
39.710        40
39.720        40
39.730        13
39.740        27
39.750        27
39.760        27
39.770         0
39.780        13
39.790        13
39.800        27
39.810        27
39.820        13
39.830        13
39.840        13
39.850        27
39.860         0
39.870        13
39.880        13
39.890        40
39.900        13
39.910        27
39.920         0
39.930        13
39.940        27
39.950        27
39.960         0
39.970        13
39.980        40
39.990        13
40.000        27
40.010        27
40.020        13
40.030        27
40.040        53
40.050        53
40.060        80
40.070        13
40.080        27
40.090        27
40.100        13
40.110        53
40.120        40
40.130        53
40.140        13
40.150         0
40.160        27
40.170        80
40.180        27
40.190        53
40.200        13
40.210        13
40.220        13
40.230         0
40.240        27
40.250         0
40.260        13
40.270        40
40.280        40
40.290        13
40.300        13
40.310         0
40.320         0
40.330        40
40.340        13
40.350        53
40.360        40
40.370        13
40.380        13
40.390        13
40.400        13
40.410         0
40.420        13
40.430        40
40.440         0
40.450        13
40.460        27
40.470        13
40.480         0
40.490        13
40.500        40
40.510        67
40.520         0
40.530        13
40.540        13
40.550        13
40.560        27
40.570         0
40.580        13
40.590        27
40.600        27
40.610        27
40.620        53
40.630        13
40.640        40
40.650        53
40.660        13
40.670        27
40.680        13
40.690        27
40.700        13
40.710         0
40.720        13
40.730        13
40.740        13
40.750        13
40.760        13
40.770        13
40.780        27
40.790        13
40.800        13
40.810        40
40.820        67
40.830        13
40.840        13
40.850        27
40.860         0
40.870        13
40.880        40
40.890        40
40.900        27
40.910        40
40.920        13
40.930        13
40.940        27
40.950        13
40.960        40
40.970         0
40.980        27
40.990        40
41.000        67
41.010        13
41.020        80
41.030        67
41.040        13
41.050        53
41.060        40
41.070        40
41.080        40
41.090        53
41.100        40
41.110        27
41.120        53
41.130        13
41.140        13
41.150        27
41.160        53
41.170        40
41.180        40
41.190         0
41.200        53
41.210        80
41.220        13
41.230        53
41.240        13
41.250        13
41.260        40
41.270        13
41.280        40
41.290         0
41.300         0
41.310        13
41.320        80
41.330        67
41.340         0
41.350        13
41.360        13
41.370        13
41.380        40
41.390        27
41.400        53
41.410        40
41.420        27
41.430        40
41.440        40
41.450        40
41.460        13
41.470        40
41.480        13
41.490        27
41.500        27
41.510        67
41.520        13
41.530        40
41.540        13
41.550        13
41.560        27
41.570         0
41.580        53
41.590        53
41.600        13
41.610        13
41.620        27
41.630        27
41.640        13
41.650        53
41.660        27
41.670        13
41.680        27
41.690        40
41.700        13
41.710        13
41.720        27
41.730        27
41.740        53
41.750        13
41.760        13
41.770        40
41.780         0
41.790        27
41.800        13
41.810        40
41.820        13
41.830        13
41.840        13
41.850         0
41.860        40
41.870        53
41.880        13
41.890        27
41.900        13
41.910        27
41.920        13
41.930        67
41.940        40
41.950        40
41.960        13
41.970        40
41.980        80
41.990        27
42.000        27
42.010        27
42.020        13
42.030        27
42.040        13
42.050        27
42.060        27
42.070        13
42.080        93
42.090        40
42.100        67
42.110        13
42.120        27
42.130        53
42.140        67
42.150        93
42.160        27
42.170       133
42.180        53
42.190        67
42.200       107
42.210        80
42.220        93
42.230        67
42.240       133
42.250       120
42.260       173
42.270       187
42.280       120
42.290       173
42.300       160
42.310       173
42.320       147
42.330        80
42.340       147
42.350       213
42.360       147
42.370       107
42.380       200
42.390       147
42.400       213
42.410       133
42.420        40
42.430       120
42.440        80
42.450        80
42.460        67
42.470        67
42.480       107
42.490       120
42.500        40
42.510       107
42.520        53
42.530        13
42.540        80
42.550        53
42.560        80
42.570        27
42.580        53
42.590        40
42.600        40
42.610        93
42.620        27
42.630        27
42.640        13
42.650        13
42.660        27
42.670        27
42.680        53
42.690         0
42.700        53
42.710        40
42.720        13
42.730        27
42.740        40
42.750        13
42.760        27
42.770        40
42.780        13
42.790        27
42.800         0
42.810        27
42.820        40
42.830        13
42.840        27
42.850        27
42.860        27
42.870        27
42.880        27
42.890        13
42.900        13
42.910        27
42.920         0
42.930        27
42.940        67
42.950        13
42.960        27
42.970         0
42.980        27
42.990         0
43.000        53
43.010         0
43.020        40
43.030        53
43.040        53
43.050        53
43.060        13
43.070        27
43.080        53
43.090        40
43.100        13
43.110        13
43.120        27
43.130         0
43.140        27
43.150        40
43.160        13
43.170        27
43.180        27
43.190        27
43.200        53
43.210        40
43.220        80
43.230        13
43.240         0
43.250        67
43.260        40
43.270        13
43.280        13
43.290        53
43.300        13
43.310        27
43.320        53
43.330         0
43.340        27
43.350        53
43.360        13
43.370        40
43.380         0
43.390        40
43.400        13
43.410        40
43.420        67
43.430        40
43.440        27
43.450        13
43.460        13
43.470        80
43.480        53
43.490        27
43.500        40
43.510        67
43.520        80
43.530        13
43.540        40
43.550        80
43.560        27
43.570        40
43.580        27
43.590        93
43.600        53
43.610        27
43.620        67
43.630        40
43.640        67
43.650        53
43.660        27
43.670        27
43.680        40
43.690        40
43.700        67
43.710        13
43.720        27
43.730        27
43.740         0
43.750        27
43.760        27
43.770        27
43.780         0
43.790        27
43.800        13
43.810        53
43.820        53
43.830        40
43.840        27
43.850        67
43.860        53
43.870        27
43.880         0
43.890         0
43.900        13
43.910        40
43.920        53
43.930        53
43.940        27
43.950         0
43.960        27
43.970        27
43.980         0
43.990         0
44.000        40
44.010         0
44.020        13
44.030        13
44.040         0
44.050        40
44.060        40
44.070        67
44.080        13
44.090        13
44.100         0
44.110        27
44.120        13
44.130        40
44.140        40
44.150         0
44.160        13
44.170        13
44.180        40
44.190        13
44.200        27
44.210        40
44.220        27
44.230        53
44.240        40
44.250        40
44.260        27
44.270        27
44.280        27
44.290        27
44.300        13
44.310        13
44.320        27
44.330        67
44.340       107
44.350        40
44.360        27
44.370        80
44.380         0
44.390        53
44.400        13
44.410         0
44.420         0
44.430        40
44.440        27
44.450        40
44.460        27
44.470        13
44.480        40
44.490        27
44.500        13
44.510        13
44.520        13
44.530        13
44.540        53
44.550        40
44.560        27
44.570        53
44.580        40
44.590        40
44.600        27
44.610        40
44.620         0
44.630        27
44.640        80
44.650         0
44.660        13
44.670         0
44.680         0
44.690        13
44.700        13
44.710        80
44.720        40
44.730         0
44.740         0
44.750        13
44.760        13
44.770        13
44.780        27
44.790         0
44.800        27
44.810        13
44.820         0
44.830        13
44.840        13
44.850        53
44.860        27
44.870        13
44.880        53
44.890        27
44.900        40
44.910        53
44.920        27
44.930        13
44.940        67
44.950         0
44.960        40
44.970         0
44.980        13
44.990        13
45.000        40
45.010        13
45.020        53
45.030        27
45.040        13
45.050         0
45.060        40
45.070        27
45.080        13
45.090         0
45.100        13
45.110        27
45.120        53
45.130        13
45.140        27
45.150        13
45.160        53
45.170        27
45.180        27
45.190         0
45.200        27
45.210        13
45.220        53
45.230         0
45.240        40
45.250        13
45.260        27
45.270        13
45.280        13
45.290         0
45.300        13
45.310        53
45.320        40
45.330        27
45.340        13
45.350        40
45.360        40
45.370        40
45.380        40
45.390        40
45.400        13
45.410        67
45.420         0
45.430        13
45.440        40
45.450         0
45.460        13
45.470        27
45.480        53
45.490        40
45.500         0
45.510        27
45.520         0
45.530        13
45.540        40
45.550        53
45.560        53
45.570        13
45.580        27
45.590        13
45.600        27
45.610        27
45.620        27
45.630        53
45.640        53
45.650        53
45.660        13
45.670         0
45.680        40
45.690        40
45.700        40
45.710        93
45.720        53
45.730        40
45.740        80
45.750        13
45.760        13
45.770        67
45.780        67
45.790        53
45.800        93
45.810       107
45.820        53
45.830       120
45.840       107
45.850        67
45.860       200
45.870       133
45.880       187
45.890       187
45.900       253
45.910       213
45.920       173
45.930       333
45.940       240
45.950       133
45.960       320
45.970       400
45.980       373
45.990       387
46.000       426
46.010       573
46.020       506
46.030       520
46.040       426
46.050       413
46.060       466
46.070       440
46.080       533
46.090       493
46.100       453
46.110       413
46.120       533
46.130       453
46.140       426
46.150       453
46.160       453
46.170       560
46.180       320
46.190       307
46.200       400
46.210       293
46.220       227
46.230       387
46.240       160
46.250       187
46.260       187
46.270       213
46.280       267
46.290       187
46.300       227
46.310       147
46.320       120
46.330       107
46.340        67
46.350        80
46.360        80
46.370        80
46.380       120
46.390        27
46.400        80
46.410        67
46.420        53
46.430        67
46.440        40
46.450        67
46.460        80
46.470        80
46.480         0
46.490        13
46.500        40
46.510        13
46.520        13
46.530         0
46.540        13
46.550        13
46.560         0
46.570        27
46.580        13
46.590         0
46.600        40
46.610        27
46.620        13
46.630        27
46.640        27
46.650        53
46.660        53
46.670        27
46.680        40
46.690        53
46.700        80
46.710        40
46.720        40
46.730        27
46.740        40
46.750        27
46.760        67
46.770        53
46.780        53
46.790        27
46.800        80
46.810        40
46.820        67
46.830        53
46.840        27
46.850        80
46.860        67
46.870        40
46.880        53
46.890        40
46.900        27
46.910        53
46.920        27
46.930        27
46.940        27
46.950        40
46.960        27
46.970        27
46.980        27
46.990        40
47.000        13
47.010        40
47.020        13
47.030        13
47.040         0
47.050        13
47.060        27
47.070         0
47.080        27
47.090         0
47.100        80
47.110        40
47.120        40
47.130        40
47.140        13
47.150        13
47.160        27
47.170        53
47.180        53
47.190        40
47.200        27
47.210        40
47.220        40
47.230        40
47.240         0
47.250        40
47.260         0
47.270        40
47.280        53
47.290        40
47.300        13
47.310        27
47.320        27
47.330        27
47.340         0
47.350        40
47.360        53
47.370        27
47.380        67
47.390        13
47.400        40
47.410         0
47.420        27
47.430        27
47.440        40
47.450        27
47.460        53
47.470        27
47.480        13
47.490        67
47.500        13
47.510        53
47.520        27
47.530        40
47.540         0
47.550        53
47.560        40
47.570        53
47.580        40
47.590         0
47.600        13
47.610        67
47.620        67
47.630        13
47.640        13
47.650         0
47.660        53
47.670        40
47.680        27
47.690         0
47.700        27
47.710        13
47.720        13
47.730        27
47.740        13
47.750        27
47.760        27
47.770        40
47.780        27
47.790        40
47.800        53
47.810        40
47.820        13
47.830        67
47.840        53
47.850        27
47.860        13
47.870        67
47.880        27
47.890        27
47.900        40
47.910        13
47.920        27
47.930        13
47.940        27
47.950        13
47.960        40
47.970        13
47.980        13
47.990        40
48.000        53
48.010        27
48.020        53
48.030        13
48.040        27
48.050        27
48.060         0
48.070        40
48.080        40
48.090        40
48.100        27
48.110        27
48.120        67
48.130        13
48.140        13
48.150        27
48.160        53
48.170        53
48.180        40
48.190        13
48.200        27
48.210        13
48.220         0
48.230        53
48.240        53
48.250        40
48.260        40
48.270        27
48.280         0
48.290        40
48.300        27
48.310        27
48.320        40
48.330        13
48.340        53
48.350         0
48.360        13
48.370         0
48.380        67
48.390        40
48.400        27
48.410        13
48.420        40
48.430        40
48.440        80
48.450        27
48.460        53
48.470        67
48.480        80
48.490        40
48.500        53
48.510        67
48.520        27
48.530         0
48.540        80
48.550        27
48.560        40
48.570        67
48.580        27
48.590        13
48.600        53
48.610        27
48.620        27
48.630        40
48.640        13
48.650        27
48.660        40
48.670        67
48.680        80
48.690        40
48.700         0
48.710         0
48.720        80
48.730        13
48.740        40
48.750        27
48.760        27
48.770         0
48.780        13
48.790        67
48.800        27
48.810        13
48.820        40
48.830        40
48.840        40
48.850        27
48.860        67
48.870        80
48.880        80
48.890        80
48.900        13
48.910        53
48.920        93
48.930        80
48.940       120
48.950        40
48.960       120
48.970       160
48.980       120
48.990       173
49.000       133
49.010       147
49.020       147
49.030        80
49.040       280
49.050       160
49.060       200
49.070       133
49.080       133
49.090       213
49.100       160
49.110       173
49.120       160
49.130       173
49.140       120
49.150       213
49.160       173
49.170       200
49.180       147
49.190       120
49.200       133
49.210       213
49.220       147
49.230       173
49.240        93
49.250       133
49.260        93
49.270       107
49.280        93
49.290        53
49.300        40
49.310        53
49.320        40
49.330        53
49.340        40
49.350        53
49.360        27
49.370        40
49.380        13
49.390        13
49.400       120
49.410        40
49.420        40
49.430        40
49.440        13
49.450        27
49.460        53
49.470        13
49.480        27
49.490         0
49.500        13
49.510        40
49.520        13
49.530        27
49.540        67
49.550        27
49.560        80
49.570        53
49.580        67
49.590        13
49.600        27
49.610         0
49.620        40
49.630        67
49.640        27
49.650        13
49.660        53
49.670        67
49.680        53
49.690        53
49.700        13
49.710        27
49.720        53
49.730        27
49.740        27
49.750        27
49.760        27
49.770        27
49.780        27
49.790        27
49.800        40
49.810        53
49.820        27
49.830        53
49.840        27
49.850        13
49.860        40
49.870        40
49.880        40
49.890        67
49.900        13
49.910        27
49.920        27
49.930        40
49.940        13
49.950        27
49.960        13
49.970         0
49.980        53
49.990        13
50.000        40
50.010        13
50.020        27
50.030        27
50.040        53
50.050         0
50.060        53
50.070        53
50.080        13
50.090        13
50.100        40
50.110        27
50.120        13
50.130        67
50.140        13
50.150        13
50.160        13
50.170        27
50.180        13
50.190        40
50.200        27
50.210        80
50.220        40
50.230        53
50.240        40
50.250        27
50.260        40
50.270        13
50.280        27
50.290        13
50.300        27
50.310        40
50.320        27
50.330        40
50.340        27
50.350        27
50.360        27
50.370        40
50.380        27
50.390        80
50.400        67
50.410        67
50.420        13
50.430        53
50.440        53
50.450        53
50.460        27
50.470        40
50.480        13
50.490        40
50.500        53
50.510        13
50.520        13
50.530        40
50.540        27
50.550        40
50.560        40
50.570         0
50.580        53
50.590        27
50.600        13
50.610         0
50.620        67
50.630         0
50.640        27
50.650         0
50.660         0
50.670         0
50.680        27
50.690        13
50.700        40
50.710        13
50.720        27
50.730        53
50.740        27
50.750        27
50.760         0
50.770        13
50.780        40
50.790        27
50.800        13
50.810         0
50.820        40
50.830        13
50.840        40
50.850        53
50.860        27
50.870        27
50.880        27
50.890        27
50.900        27
50.910        53
50.920         0
50.930         0
50.940        40
50.950        53
50.960         0
50.970        40
50.980        80
50.990        40
51.000        27
51.010        27
51.020        13
51.030        13
51.040         0
51.050        53
51.060        40
51.070         0
51.080         0
51.090        53
51.100        27
51.110        53
51.120        13
51.130        27
51.140        40
51.150         0
51.160        13
51.170        67
51.180        13
51.190        13
51.200        13
51.210        53
51.220        27
51.230        40
51.240        27
51.250        13
51.260        40
51.270        27
51.280        13
51.290        27
51.300         0
51.310        27
51.320         0
51.330        27
51.340        53
51.350         0
51.360        13
51.370        27
51.380        27
51.390        67
51.400        53
51.410        40
51.420        27
51.430         0
51.440        13
51.450        13
51.460        13
51.470         0
51.480        27
51.490        27
51.500        13
51.510        27
51.520        53
51.530        13
51.540        27
51.550        80
51.560        13
51.570        13
51.580        40
51.590        53
51.600        53
51.610        53
51.620        40
51.630        53
51.640        53
51.650        40
51.660        53
51.670        13
51.680        13
51.690       200
51.700       120
51.710        67
51.720       147
51.730        67
51.740       120
51.750       133
51.760       107
51.770       227
51.780       173
51.790       200
51.800       213
51.810       173
51.820       227
51.830       307
51.840       253
51.850       253
51.860       320
51.870       240
51.880       320
51.890       347
51.900       307
51.910       480
51.920       347
51.930       227
51.940       333
51.950       307
51.960       413
51.970       373
51.980       293
51.990       253
52.000       293
52.010       240
52.020       360
52.030       213
52.040       413
52.050       213
52.060       187
52.070       267
52.080       160
52.090       147
52.100       200
52.110       160
52.120       107
52.130       147
52.140       120
52.150       107
52.160       120
52.170        80
52.180       147
52.190       107
52.200       107
52.210       107
52.220       107
52.230        67
52.240        53
52.250        53
52.260        67
52.270        27
52.280        80
52.290       107
52.300        40
52.310        93
52.320        40
52.330        40
52.340       107
52.350        40
52.360        67
52.370        27
52.380        40
52.390        27
52.400         0
52.410        53
52.420        67
52.430        67
52.440        27
52.450        67
52.460        40
52.470        80
52.480        40
52.490        67
52.500        53
52.510        67
52.520        40
52.530        40
52.540        13
52.550        80
52.560        13
52.570        93
52.580        53
52.590        27
52.600        40
52.610        53
52.620       120
52.630        40
52.640        53
52.650        53
52.660        80
52.670        40
52.680        40
52.690        40
52.700        80
52.710        53
52.720        67
52.730        27
52.740        40
52.750        40
52.760        13
52.770        67
52.780        40
52.790        67
52.800        67
52.810        53
52.820        40
52.830        67
52.840        67
52.850        13
52.860        13
52.870        53
52.880        40
52.890        27
52.900        13
52.910        40
52.920        13
52.930        40
52.940        40
52.950        27
52.960        53
52.970         0
52.980         0
52.990        67
53.000        27
53.010        27
53.020        40
53.030        40
53.040        53
53.050        13
53.060        13
53.070        13
53.080        53
53.090        40
53.100        40
53.110        27
53.120        67
53.130        27
53.140        40
53.150        40
53.160        40
53.170        93
53.180        40
53.190        40
53.200        13
53.210         0
53.220        13
53.230        80
53.240        67
53.250         0
53.260        93
53.270        53
53.280        40
53.290        53
53.300        67
53.310        27
53.320        67
53.330        27
53.340        27
53.350        40
53.360        13
53.370        27
53.380        27
53.390        53
53.400        67
53.410         0
53.420        40
53.430        27
53.440        13
53.450        13
53.460        40
53.470        40
53.480        53
53.490        53
53.500        27
53.510         0
53.520        13
53.530        40
53.540        67
53.550        27
53.560         0
53.570        80
53.580        80
53.590        40
53.600        27
53.610        67
53.620        53
53.630        27
53.640        13
53.650        53
53.660        27
53.670        40
53.680        13
53.690        27
53.700        27
53.710        13
53.720        67
53.730        13
53.740        53
53.750        27
53.760        13
53.770        27
53.780        67
53.790        53
53.800        27
53.810        67
53.820         0
53.830        27
53.840        13
53.850        27
53.860        80
53.870        13
53.880        53
53.890        40
53.900         0
53.910        27
53.920         0
53.930        27
53.940        40
53.950        40
53.960         0
53.970        67
53.980        53
53.990        27
54.000        53
54.010         0
54.020        80
54.030        13
54.040        53
54.050         0
54.060        53
54.070        40
54.080        27
54.090        40
54.100        13
54.110         0
54.120        27
54.130        13
54.140        40
54.150        13
54.160        13
54.170        27
54.180        13
54.190        27
54.200        27
54.210        27
54.220        40
54.230        13
54.240        27
54.250        40
54.260        40
54.270        13
54.280        13
54.290        27
54.300        40
54.310        40
54.320        40
54.330        27
54.340        13
54.350        27
54.360        27
54.370        27
54.380         0
54.390        40
54.400        13
54.410        80
54.420        27
54.430        53
54.440        13
54.450         0
54.460        13
54.470        13
54.480        27
54.490        40
54.500        27
54.510        27
54.520        53
54.530        27
54.540        13
54.550        40
54.560        27
54.570        27
54.580        27
54.590        13
54.600        53
54.610        40
54.620        67
54.630        53
54.640        27
54.650         0
54.660         0
54.670        13
54.680         0
54.690        13
54.700        13
54.710        53
54.720        40
54.730         0
54.740        27
54.750        13
54.760        40
54.770        13
54.780        40
54.790        27
54.800        40
54.810        40
54.820        27
54.830        53
54.840        13
54.850        13
54.860        13
54.870        13
54.880        53
54.890        13
54.900         0
54.910        53
54.920        27
54.930        27
54.940        27
54.950        40
54.960        27
54.970        27
54.980         0
54.990        13
55.000         0
55.010        13
55.020         0
55.030        53
55.040         0
55.050        27
55.060        13
55.070        27
55.080        27
55.090        53
55.100        27
55.110         0
55.120        13
55.130         0
55.140        27
55.150        27
55.160        53
55.170        27
55.180        53
55.190        13
55.200         0
55.210        13
55.220         0
55.230        27
55.240        40
55.250        40
55.260         0
55.270         0
55.280        40
55.290        27
55.300        40
55.310        53
55.320        13
55.330        80
55.340        53
55.350        27
55.360         0
55.370        80
55.380         0
55.390         0
55.400         0
55.410        27
55.420        27
55.430        53
55.440         0
55.450         0
55.460        27
55.470        27
55.480        27
55.490        27
55.500        13
55.510         0
55.520        27
55.530        40
55.540        13
55.550        27
55.560        13
55.570        13
55.580        13
55.590        27
55.600        13
55.610        13
55.620        40
55.630        27
55.640        13
55.650        80
55.660        40
55.670        13
55.680        40
55.690        13
55.700        27
55.710        27
55.720        40
55.730        13
55.740        40
55.750        40
55.760        27
55.770        40
55.780         0
55.790        27
55.800         0
55.810        40
55.820        13
55.830        40
55.840        40
55.850        27
55.860        27
55.870        13
55.880        13
55.890        13
55.900        27
55.910         0
55.920         0
55.930        13
55.940        27
55.950         0
55.960        27
55.970        53
55.980        13
55.990         0
56.000        40
56.010         0
56.020        40
56.030         0
56.040        13
56.050        27
56.060        27
56.070        40
56.080        67
56.090        27
56.100        53
56.110       107
56.120        13
56.130        27
56.140        53
56.150        67
56.160        27
56.170        27
56.180        27
56.190        13
56.200        80
56.210         0
56.220        53
56.230        13
56.240        27
56.250        13
56.260        40
56.270        53
56.280        53
56.290        67
56.300        27
56.310        80
56.320        13
56.330        13
56.340        67
56.350        13
56.360        27
56.370        27
56.380        27
56.390        53
56.400        40
56.410        53
56.420        53
56.430         0
56.440        40
56.450        40
56.460        27
56.470        27
56.480        13
56.490         0
56.500        40
56.510        13
56.520         0
56.530        80
56.540        67
56.550        13
56.560        27
56.570        40
56.580        40
56.590        13
56.600        13
56.610        13
56.620        67
56.630        27
56.640        13
56.650        40
56.660        53
56.670        13
56.680        40
56.690        13
56.700        53
56.710        27
56.720        13
56.730        13
56.740        27
56.750         0
56.760         0
56.770        13
56.780         0
56.790         0
56.800        13
56.810         0
56.820         0
56.830         0
56.840        27
56.850        27
56.860        27
56.870         0
56.880        13
56.890        27
56.900        27
56.910        27
56.920        13
56.930        40
56.940        27
56.950        40
56.960         0
56.970        27
56.980        13
56.990        27
57.000        40
57.010        40
57.020        13
57.030        13
57.040        13
57.050         0
57.060        27
57.070        27
57.080        40
57.090         0
57.100        40
57.110        13
57.120        53
57.130        27
57.140         0
57.150         0
57.160        27
57.170         0
57.180         0
57.190        27
57.200        13
57.210        27
57.220        67
57.230        40
57.240        13
57.250        40
57.260        27
57.270        27
57.280        67
57.290        13
57.300        27
57.310        40
57.320        27
57.330        27
57.340        67
57.350        80
57.360        27
57.370        13
57.380        27
57.390        27
57.400        53
57.410        27
57.420         0
57.430        27
57.440        27
57.450         0
57.460        27
57.470        13
57.480        27
57.490        27
57.500        53
57.510        40
57.520        93
57.530         0
57.540         0
57.550        13
57.560        13
57.570        40
57.580        13
57.590        13
57.600         0
57.610        13
57.620        53
57.630         0
57.640        27
57.650        27
57.660        13
57.670        13
57.680        27
57.690        13
57.700        40
57.710        13
57.720         0
57.730        27
57.740        40
57.750        27
57.760        27
57.770        13
57.780        53
57.790        40
57.800         0
57.810        27
57.820        40
57.830        13
57.840       107
57.850        27
57.860        27
57.870        40
57.880        40
57.890        27
57.900        40
57.910        40
57.920        13
57.930        67
57.940        13
57.950        13
57.960        27
57.970        13
57.980        53
57.990        13
58.000        67
58.010        27
58.020        40
58.030         0
58.040        27
58.050        40
58.060        13
58.070        13
58.080         0
58.090         0
58.100         0
58.110         0
58.120        27
58.130        13
58.140        53
58.150        27
58.160        40
58.170        53
58.180        13
58.190        53
58.200        13
58.210         0
58.220         0
58.230         0
58.240        27
58.250        13
58.260        13
58.270        53
58.280        13
58.290        13
58.300        27
58.310        27
58.320        27
58.330        13
58.340        27
58.350         0
58.360         0
58.370        13
58.380        27
58.390        13
58.400        13
58.410        13
58.420         0
58.430        40
58.440         0
58.450         0
58.460        13
58.470        27
58.480        40
58.490        27
58.500        27
58.510         0
58.520        13
58.530         0
58.540        13
58.550        40
58.560        13
58.570        13
58.580        13
58.590         0
58.600         0
58.610        27
58.620        13
58.630        13
58.640        13
58.650        13
58.660        13
58.670        13
58.680         0
58.690        13
58.700         0
58.710        27
58.720        27
58.730        13
58.740        27
58.750         0
58.760        13
58.770         0
58.780        13
58.790         0
58.800        13
58.810        13
58.820        27
58.830        40
58.840        27
58.850        40
58.860        27
58.870         0
58.880        40
58.890        27
58.900        13
58.910        13
58.920        40
58.930        13
58.940         0
58.950        13
58.960         0
58.970         0
58.980        13
58.990        40
59.000        27
59.010        53
59.020         0
59.030        13
59.040         0
59.050        13
59.060        27
59.070        27
59.080         0
59.090        27
59.100        40
59.110        27
59.120        13
59.130         0
59.140        27
59.150         0
59.160         0
59.170        13
59.180        27
59.190        27
59.200        53
59.210        40
59.220        53
59.230        27
59.240        67
59.250        13
59.260         0
59.270        27
59.280        40
59.290        80
59.300        13
59.310        67
59.320        53
59.330        93
59.340        53
59.350        13
59.360        40
59.370        40
59.380        80
59.390        40
59.400        53
59.410        67
59.420        40
59.430        13
59.440        13
59.450        13
59.460        13
59.470        40
59.480        13
59.490        13
59.500        40
59.510        27
59.520        53
59.530         0
59.540        53
59.550        40
59.560        67
59.570        40
59.580        27
59.590        40
59.600        27
59.610        40
59.620        13
59.630        13
59.640        40
59.650        80
59.660        93
59.670       107
59.680        27
59.690        40
59.700        40
59.710        40
59.720        40
59.730        53
59.740        67
59.750        53
59.760        53
59.770        67
59.780        67
59.790        67
59.800        40
59.810        13
59.820        93
59.830        67
59.840        53
59.850        53
59.860        53
59.870        67
59.880        67
59.890        67
59.900        40
59.910        40
59.920       120
59.930        67
59.940        27
59.950         0
59.960        40
59.970        27
59.980        27
59.990         0
60.000         0
