20.000         0
20.010         0
20.020        13
20.030        40
20.040        40
20.050        53
20.060        67
20.070        67
20.080        67
20.090        53
20.100        53
20.110        67
20.120        27
20.130        53
20.140        27
20.150        53
20.160        40
20.170        67
20.180        53
20.190        13
20.200        27
20.210        53
20.220        27
20.230        13
20.240         0
20.250        13
20.260        53
20.270        93
20.280        40
20.290        13
20.300        40
20.310        53
20.320        53
20.330        13
20.340        53
20.350        40
20.360        27
20.370        27
20.380        40
20.390        40
20.400        13
20.410        67
20.420        40
20.430        27
20.440        93
20.450        40
20.460        13
20.470        53
20.480        40
20.490        13
20.500        27
20.510        27
20.520        53
20.530        80
20.540        93
20.550        67
20.560        67
20.570        40
20.580        40
20.590        40
20.600        13
20.610       107
20.620        40
20.630        40
20.640        27
20.650        13
20.660        93
20.670        13
20.680        13
20.690        27
20.700        80
20.710        67
20.720        13
20.730        40
20.740        53
20.750        80
20.760        40
20.770         0
20.780         0
20.790        93
20.800        80
20.810        93
20.820        40
20.830        27
20.840        13
20.850         0
20.860        13
20.870        67
20.880        53
20.890        13
20.900        27
20.910        67
20.920        27
20.930        40
20.940        53
20.950        13
20.960        53
20.970        53
20.980        80
20.990        53
21.000        27
21.010        80
21.020        27
21.030        13
21.040        67
21.050        27
21.060        40
21.070        40
21.080        40
21.090        40
21.100        53
21.110        40
21.120        27
21.130        27
21.140        67
21.150        40
21.160        67
21.170        53
21.180        27
21.190        53
21.200        27
21.210        27
21.220        53
21.230         0
21.240        27
21.250        53
21.260        13
21.270        27
21.280        13
21.290        13
21.300        40
21.310         0
21.320        40
21.330         0
21.340        40
21.350        27
21.360        27
21.370         0
21.380        27
21.390        13
21.400        67
21.410        13
21.420        53
21.430        13
21.440        53
21.450        53
21.460        40
21.470        27
21.480        67
21.490        13
21.500        40
21.510        40
21.520        27
21.530        80
21.540        67
21.550        80
21.560        27
21.570        40
21.580        40
21.590        13
21.600        27
21.610        40
21.620        67
21.630        27
21.640        27
21.650        40
21.660        27
21.670        40
21.680        53
21.690        53
21.700        13
21.710        80
21.720         0
21.730        27
21.740        53
21.750        27
21.760        40
21.770       120
21.780        93
21.790        80
21.800        53
21.810        40
21.820        80
21.830        67
21.840        40
21.850        27
21.860        53
21.870        53
21.880        13
21.890        40
21.900        27
21.910        40
21.920        40
21.930        53
21.940        13
21.950        53
21.960        80
21.970        53
21.980         0
21.990        13
22.000        40
22.010        40
22.020        13
22.030       120
22.040        27
22.050        80
22.060        67
22.070        67
22.080        53
22.090        53
22.100        80
22.110        27
22.120        13
22.130        27
22.140         0
22.150       107
22.160        40
22.170         0
22.180        27
22.190        53
22.200        40
22.210        27
22.220        67
22.230        40
22.240        93
22.250        40
22.260       107
22.270        67
22.280        53
22.290        80
22.300        27
22.310        40
22.320        40
22.330        27
22.340        53
22.350        80
22.360        67
22.370        27
22.380        80
22.390        67
22.400        67
22.410        27
22.420        53
22.430        40
22.440        40
22.450        93
22.460        13
22.470        40
22.480        67
22.490       120
22.500        53
22.510        80
22.520       120
22.530        93
22.540       133
22.550       120
22.560       107
22.570       187
22.580       133
22.590        53
22.600       147
22.610        67
22.620       120
22.630        53
22.640        67
22.650        80
22.660        40
22.670        67
22.680        80
22.690        80
22.700        93
22.710        80
22.720        93
22.730        27
22.740        93
22.750       107
22.760        53
22.770        40
22.780        53
22.790        53
22.800        40
22.810        67
22.820        93
22.830        67
22.840       133
22.850        80
22.860       133
22.870       133
22.880       147
22.890       160
22.900       107
22.910       107
22.920       187
22.930       200
22.940       173
22.950       133
22.960       240
22.970       173
22.980       293
22.990       227
23.000        93
23.010        93
23.020       133
23.030       187
23.040       120
23.050       160
23.060        53
23.070        80
23.080        80
23.090        53
23.100        53
23.110        40
23.120        80
23.130        67
23.140        53
23.150        53
23.160         0
23.170        13
23.180        67
23.190         0
23.200        40
23.210        27
23.220        53
23.230        67
23.240        67
23.250        53
23.260        40
23.270        80
23.280        27
23.290        40
23.300        27
23.310        13
23.320        67
23.330        67
23.340        53
23.350         0
23.360        40
23.370        40
23.380        40
23.390        40
23.400        40
23.410        53
23.420        13
23.430        13
23.440        13
23.450        27
23.460        27
23.470        93
23.480        13
23.490        40
23.500        80
23.510        40
23.520        40
23.530        27
23.540        67
23.550        13
23.560        53
23.570        27
23.580        27
23.590        67
23.600        80
23.610        13
23.620        13
23.630        53
23.640       147
23.650        27
23.660        27
23.670        93
23.680        13
23.690        13
23.700        13
23.710         0
23.720        27
23.730         0
23.740        27
23.750        13
23.760        93
23.770        13
23.780        13
23.790        67
23.800        80
23.810        67
23.820        13
23.830        93
23.840        53
23.850         0
23.860        53
23.870         0
23.880        40
23.890        67
23.900        40
23.910        40
23.920        13
23.930        13
23.940        13
23.950        40
23.960        40
23.970        13
23.980        40
23.990        27
24.000        27
24.010        67
24.020        13
24.030        93
24.040        13
24.050        13
24.060        27
24.070        27
24.080        40
24.090        53
24.100        53
24.110        40
24.120        40
24.130        53
24.140        13
24.150        40
24.160        27
24.170        27
24.180        40
24.190        13
24.200        13
24.210        13
24.220        27
24.230        40
24.240        53
24.250        27
24.260        40
24.270        93
24.280        27
24.290        40
24.300        53
24.310        13
24.320        40
24.330        27
24.340        27
24.350        40
24.360        13
24.370        53
24.380        13
24.390        27
24.400        13
24.410        40
24.420        27
24.430        27
24.440        40
24.450         0
24.460        27
24.470        40
24.480        27
24.490         0
24.500         0
24.510        53
24.520         0
24.530        67
24.540        27
24.550        13
24.560        80
24.570        67
24.580        27
24.590        53
24.600        13
24.610        40
24.620        53
24.630        27
24.640        13
24.650        53
24.660        13
24.670        67
24.680        13
24.690        80
24.700        27
24.710        93
24.720        27
24.730        13
24.740        40
24.750        67
24.760        53
24.770        53
24.780        13
24.790        27
24.800        13
24.810        27
24.820        13
24.830        27
24.840         0
24.850        67
24.860        40
24.870        67
24.880        40
24.890        27
24.900        40
24.910        53
24.920         0
24.930        53
24.940        13
24.950        80
24.960        53
24.970        27
24.980        40
24.990        40
25.000        40
25.010        53
25.020        67
25.030        67
25.040        27
25.050        27
25.060        67
25.070        13
25.080        27
25.090        13
25.100        53
25.110        27
25.120        40
25.130        67
25.140        80
25.150        67
25.160        27
25.170        40
25.180        40
25.190        53
25.200        27
25.210         0
25.220        13
25.230        67
25.240        13
25.250        27
25.260        13
25.270        67
25.280        13
25.290        40
25.300        27
25.310        27
25.320        13
25.330        40
25.340        53
25.350         0
25.360        13
25.370        27
25.380        13
25.390        13
25.400        67
25.410        27
25.420         0
25.430        27
25.440        53
25.450        27
25.460        13
25.470        67
25.480        13
25.490        40
25.500        53
25.510        13
25.520        27
25.530        53
25.540        27
25.550        67
25.560        53
25.570        67
25.580        80
25.590        80
25.600        27
25.610        40
25.620        93
25.630        53
25.640        67
25.650        67
25.660       147
25.670        93
25.680        93
25.690        67
25.700        27
25.710        27
25.720        53
25.730        27
25.740        27
25.750        40
25.760        40
25.770         0
25.780        40
25.790        13
25.800        27
25.810        40
25.820        40
25.830        53
25.840        27
25.850        27
25.860        40
25.870        27
25.880        67
25.890        13
25.900        40
25.910        67
25.920        40
25.930        80
25.940        67
25.950        67
25.960        13
25.970        27
25.980        40
25.990        53
26.000        80
26.010        27
26.020        53
26.030        53
26.040        27
26.050        93
26.060        40
26.070        40
26.080        67
26.090         0
26.100        40
26.110        40
26.120        27
26.130        40
26.140        40
26.150        40
26.160        13
26.170        53
26.180        53
26.190        27
26.200        53
26.210        27
26.220        27
26.230        80
26.240        27
26.250        27
26.260        27
26.270        53
26.280        40
26.290        53
26.300        40
26.310        40
26.320        67
26.330        40
26.340        40
26.350        27
26.360        27
26.370         0
26.380        53
26.390        13
26.400        27
26.410        27
26.420        67
26.430        53
26.440        40
26.450        13
26.460        40
26.470        13
26.480        13
26.490        27
26.500        27
26.510        13
26.520        53
26.530         0
26.540        40
26.550        67
26.560        40
26.570        13
26.580        93
26.590        27
26.600        80
26.610        13
26.620        40
26.630        40
26.640        27
26.650        40
26.660        40
26.670        13
26.680        40
26.690        40
26.700        13
26.710        27
26.720        27
26.730        80
26.740        53
26.750        13
26.760        40
26.770        13
26.780        27
26.790        67
26.800        27
26.810        53
26.820        40
26.830        27
26.840        13
26.850        67
26.860        40
26.870        27
26.880        13
26.890        13
26.900        40
26.910        27
26.920        27
26.930        40
26.940         0
26.950        27
26.960        40
26.970        53
26.980        13
26.990        13
27.000        27
27.010        27
27.020        40
27.030        53
27.040        67
27.050        27
27.060        40
27.070        27
27.080        53
27.090        80
27.100        53
27.110        27
27.120        13
27.130        40
27.140        93
27.150        13
27.160        80
27.170        80
27.180         0
27.190         0
27.200        27
27.210        13
27.220        13
27.230        13
27.240        27
27.250        27
27.260        40
27.270        40
27.280        27
27.290        27
27.300        40
27.310        67
27.320        27
27.330        53
27.340        53
27.350        40
27.360        27
27.370        40
27.380        27
27.390        40
27.400        13
27.410        27
27.420        27
27.430        93
27.440        13
27.450        13
27.460        13
27.470        40
27.480         0
27.490        40
27.500        27
27.510        27
27.520        67
27.530        40
27.540        67
27.550        67
27.560        40
27.570        53
27.580        80
27.590        27
27.600        13
27.610        27
27.620        13
27.630        13
27.640        13
27.650        67
27.660        13
27.670        40
27.680        80
27.690        67
27.700         0
27.710        40
27.720        13
27.730        27
27.740        13
27.750        67
27.760        53
27.770        13
27.780        40
27.790        27
27.800        27
27.810        80
27.820         0
27.830        13
27.840        53
27.850        40
27.860        67
27.870        53
27.880        53
27.890        67
27.900        27
27.910        40
27.920        67
27.930        40
27.940        53
27.950        53
27.960        53
27.970        93
27.980        27
27.990        80
28.000        13
28.010        93
28.020        27
28.030        80
28.040        40
28.050        67
28.060        27
28.070        13
28.080        13
28.090        93
28.100         0
28.110        67
28.120        53
28.130        53
28.140       107
28.150        80
28.160        67
28.170        27
28.180        67
28.190        80
28.200        67
28.210        67
28.220       147
28.230       107
28.240        93
28.250        53
28.260       107
28.270        27
28.280       120
28.290       187
28.300        67
28.310        67
28.320       147
28.330        93
28.340        93
28.350       107
28.360        80
28.370       107
28.380        80
28.390        67
28.400        53
28.410        53
28.420        93
28.430        80
28.440        67
28.450        80
28.460        93
28.470        40
28.480        53
28.490        67
28.500        67
28.510        40
28.520        67
28.530        67
28.540        80
28.550        27
28.560        40
28.570        93
28.580        80
28.590       107
28.600        67
28.610       120
28.620        67
28.630        53
28.640        40
28.650       133
28.660       120
28.670        80
28.680       133
28.690       120
28.700        93
28.710       160
28.720       107
28.730       213
28.740       107
28.750       120
28.760       160
28.770       160
28.780       120
28.790       227
28.800       200
28.810       200
28.820       147
28.830       107
28.840       200
28.850       160
28.860       227
28.870       227
28.880       200
28.890       213
28.900       227
28.910       280
28.920       360
28.930       253
28.940       360
28.950       160
28.960       227
28.970       173
28.980       227
28.990       280
29.000       307
29.010       400
29.020       373
29.030       267
29.040       187
29.050       160
29.060       253
29.070       227
29.080       160
29.090       267
29.100       240
29.110       280
29.120       267
29.130       267
29.140       200
29.150       307
29.160       253
29.170       133
29.180       160
29.190       133
29.200       227
29.210       227
29.220       267
29.230       187
29.240       227
29.250       133
29.260       187
29.270       240
29.280       173
29.290       173
29.300       133
29.310       173
29.320       253
29.330       120
29.340       173
29.350        67
29.360       120
29.370       173
29.380       147
29.390       160
29.400       173
29.410        40
29.420       120
29.430        27
29.440        27
29.450       160
29.460        93
29.470        80
29.480        80
29.490       133
29.500        93
29.510        53
29.520        93
29.530        93
29.540        80
29.550        67
29.560       147
29.570       120
29.580        13
29.590        40
29.600       107
29.610        67
29.620       133
29.630        53
29.640       120
29.650        80
29.660       107
29.670        53
29.680       107
29.690        80
29.700        53
29.710        80
29.720        93
29.730        80
29.740        80
29.750        53
29.760       107
29.770        67
29.780        67
29.790        93
29.800        40
29.810        40
29.820       107
29.830        40
29.840        80
29.850        40
29.860        53
29.870        53
29.880        67
29.890        53
29.900        53
29.910        27
29.920        80
29.930        80
29.940        67
29.950        80
29.960        93
29.970        67
29.980        40
29.990        93
30.000        53
30.010        67
30.020        40
30.030        53
30.040        40
30.050        27
30.060        13
30.070        27
30.080        27
30.090        80
30.100        40
30.110        67
30.120        67
30.130       107
30.140        13
30.150        27
30.160        27
30.170        13
30.180        27
30.190        13
30.200        40
30.210        40
30.220         0
30.230        53
30.240        40
30.250        13
30.260        27
30.270        53
30.280        27
30.290        40
30.300        53
30.310        67
30.320        13
30.330        13
30.340        27
30.350        27
30.360        27
30.370        27
30.380        27
30.390        40
30.400         0
30.410        13
30.420        53
30.430        40
30.440        40
30.450        40
30.460        40
30.470        40
30.480        93
30.490        27
30.500        53
30.510        40
30.520        27
30.530        80
30.540        53
30.550        40
30.560        40
30.570        27
30.580        27
30.590        40
30.600        27
30.610        40
30.620        13
30.630        40
30.640        53
30.650        27
30.660        27
30.670        67
30.680        13
30.690        13
30.700        27
30.710        13
30.720        13
30.730        27
30.740        13
30.750        53
30.760        13
30.770        27
30.780        53
30.790        13
30.800        40
30.810         0
30.820        53
30.830        67
30.840        40
30.850        53
30.860         0
30.870        53
30.880        27
30.890        53
30.900         0
30.910        13
30.920        27
30.930        27
30.940         0
30.950        27
30.960        27
30.970        80
30.980        13
30.990        13
31.000        53
31.010        13
31.020        53
31.030        27
31.040        40
31.050        13
31.060        27
31.070        27
31.080        53
31.090        40
31.100        40
31.110        53
31.120        27
31.130        53
31.140        27
31.150         0
31.160        53
31.170        80
31.180        53
31.190        67
31.200        13
31.210         0
31.220         0
31.230        93
31.240        40
31.250        13
31.260        27
31.270        80
31.280        80
31.290        53
31.300        40
31.310        27
31.320        67
31.330        13
31.340        27
31.350        40
31.360        27
31.370        40
31.380        67
31.390        53
31.400        27
31.410        53
31.420        40
31.430        53
31.440       120
31.450         0
31.460        53
31.470        40
31.480        13
31.490        13
31.500        27
31.510        27
31.520        53
31.530         0
31.540        53
31.550         0
31.560         0
31.570        27
31.580        40
31.590        40
31.600         0
31.610        27
31.620        40
31.630         0
31.640        40
31.650        13
31.660        27
31.670        40
31.680        13
31.690        27
31.700        40
31.710        40
31.720        53
31.730        53
31.740        27
31.750        13
31.760        40
31.770        80
31.780        27
31.790        40
31.800        40
31.810        40
31.820        27
31.830        93
31.840        13
31.850        27
31.860        13
31.870        27
31.880        40
31.890        53
31.900        27
31.910        40
31.920        27
31.930        27
31.940        53
31.950        13
31.960        27
31.970        67
31.980        27
31.990        13
32.000        67
32.010        13
32.020        53
32.030         0
32.040        40
32.050        40
32.060        40
32.070        93
32.080        40
32.090        40
32.100        53
32.110        13
32.120        53
32.130        27
32.140        27
32.150        53
32.160        27
32.170        93
32.180        13
32.190        53
32.200        67
32.210        13
32.220        27
32.230        40
32.240        40
32.250        80
32.260        53
32.270        53
32.280        80
32.290        93
32.300        40
32.310        40
32.320        80
32.330         0
32.340        53
32.350        13
32.360        40
32.370        67
32.380        40
32.390        93
32.400        27
32.410        27
32.420        27
32.430        53
32.440        13
32.450        80
32.460        53
32.470        40
32.480        27
32.490        53
32.500        27
32.510        13
32.520        53
32.530        27
32.540        40
32.550        93
32.560        67
32.570        80
32.580       120
32.590        13
32.600        93
32.610        93
32.620        53
32.630        93
32.640       107
32.650        40
32.660        67
32.670        40
32.680        53
32.690        80
32.700        80
32.710        53
32.720        40
32.730        27
32.740        67
32.750        67
32.760        67
32.770        13
32.780        40
32.790        67
32.800        27
32.810        40
32.820        67
32.830        67
32.840        27
32.850        13
32.860        13
32.870        27
32.880        53
32.890        40
32.900        67
32.910        67
32.920        27
32.930        27
32.940        27
32.950        13
32.960        27
32.970        40
32.980        53
32.990        80
33.000        40
33.010        40
33.020        53
33.030        27
33.040         0
33.050         0
33.060        27
33.070        27
33.080        27
33.090        27
33.100         0
33.110         0
33.120        27
33.130        13
33.140        27
33.150        40
33.160        40
33.170         0
33.180        27
33.190        53
33.200        13
33.210        40
33.220        27
33.230        40
33.240        13
33.250         0
33.260        40
33.270        67
33.280        13
33.290        40
33.300        13
33.310        13
33.320        93
33.330        13
33.340        40
33.350        40
33.360        27
33.370        40
33.380        13
33.390        27
33.400        80
33.410        53
33.420         0
33.430        13
33.440        13
33.450        40
33.460        53
33.470        27
33.480        27
33.490        13
33.500        13
33.510        27
33.520        13
33.530         0
33.540        27
33.550        13
33.560        27
33.570        40
33.580         0
33.590        27
33.600         0
33.610        13
33.620        27
33.630        13
33.640         0
33.650        27
33.660        27
33.670        13
33.680        27
33.690        13
33.700        13
33.710        27
33.720        13
33.730        27
33.740         0
33.750        53
33.760        13
33.770        53
33.780        13
33.790        13
33.800        13
33.810        13
33.820        40
33.830        27
33.840        53
33.850        67
33.860        13
33.870        13
33.880         0
33.890        40
33.900        53
33.910         0
33.920         0
33.930        40
33.940        13
33.950        27
33.960        13
33.970        40
33.980        27
33.990        67
34.000        13
34.010        40
34.020        93
34.030        13
34.040        53
34.050        27
34.060         0
34.070        13
34.080        27
34.090        40
34.100        67
34.110        13
34.120        13
34.130        27
34.140        13
34.150        13
34.160        40
34.170        27
34.180        27
34.190        27
34.200         0
34.210        13
34.220         0
34.230        13
34.240        13
34.250        40
34.260        27
34.270         0
34.280        13
34.290        13
34.300        27
34.310        40
34.320        27
34.330        27
34.340        40
34.350        53
34.360        13
34.370       107
34.380        53
34.390        27
34.400        13
34.410         0
34.420        53
34.430        13
34.440        13
34.450        53
34.460        40
34.470         0
34.480        67
34.490        13
34.500        67
34.510        27
34.520        40
34.530        53
34.540         0
34.550        67
34.560        53
34.570        27
34.580        53
34.590        13
34.600        27
34.610        40
34.620         0
34.630        13
34.640        27
34.650        13
34.660        40
34.670        80
34.680        13
34.690        27
34.700        53
34.710        40
34.720        27
34.730        13
34.740        27
34.750        40
34.760        40
34.770        53
34.780        40
34.790        53
34.800        13
34.810        53
34.820        13
34.830        40
34.840        40
34.850       107
34.860        27
34.870        27
34.880        27
34.890        13
34.900        40
34.910        27
34.920        40
34.930        40
34.940        40
34.950        40
34.960        27
34.970        13
34.980        40
34.990        40
35.000        67
35.010        40
35.020        27
35.030        27
35.040        53
35.050        27
35.060        67
35.070        67
35.080        40
35.090        93
35.100        80
35.110        80
35.120        40
35.130       120
35.140        93
35.150       107
35.160       133
35.170       187
35.180       400
35.190       307
35.200       293
35.210       280
35.220       280
35.230       107
35.240       120
35.250        27
35.260       107
35.270       147
35.280       227
35.290       200
35.300       133
35.310       120
35.320        53
35.330        67
35.340        13
35.350        13
35.360        53
35.370         0
35.380        27
35.390        40
35.400        40
35.410        13
35.420        53
35.430        40
35.440        40
35.450        13
35.460        53
35.470         0
35.480         0
35.490        13
35.500        13
35.510        13
35.520        27
35.530        27
35.540        27
35.550        27
35.560        27
35.570        40
35.580         0
35.590         0
35.600        40
35.610        13
35.620        27
35.630        13
35.640        27
35.650         0
35.660        27
35.670        40
35.680        13
35.690        40
35.700        40
35.710         0
35.720        40
35.730        13
35.740        27
35.750        53
35.760        27
35.770         0
35.780        27
35.790        27
35.800        40
35.810        40
35.820        27
35.830        13
35.840        80
35.850        40
35.860        13
35.870        13
35.880        13
35.890        67
35.900         0
35.910        53
35.920        13
35.930        40
35.940        53
35.950         0
35.960        40
35.970        40
35.980        67
35.990        27
36.000        27
36.010        27
36.020        40
36.030        80
36.040        53
36.050        27
36.060         0
36.070        13
36.080        40
36.090        27
36.100        13
36.110         0
36.120        13
36.130        27
36.140         0
36.150        40
36.160        27
36.170        67
36.180        67
36.190        13
36.200        27
36.210        27
36.220        13
36.230        13
36.240         0
36.250        13
36.260        67
36.270        27
36.280        53
36.290        13
36.300        27
36.310        13
36.320        53
36.330        53
36.340        13
36.350        67
36.360        27
36.370         0
36.380        13
36.390        53
36.400        40
36.410        40
36.420        27
36.430        40
36.440        80
36.450        40
36.460         0
36.470        13
36.480        93
36.490         0
36.500        40
36.510        27
36.520        53
36.530        27
36.540        27
36.550        27
36.560        13
36.570        13
36.580        40
36.590        27
36.600        67
36.610        13
36.620        40
36.630        53
36.640        40
36.650        27
36.660        40
36.670        27
36.680        53
36.690        93
36.700        13
36.710         0
36.720        27
36.730        53
36.740        27
36.750        40
36.760        40
36.770        27
36.780        27
36.790        13
36.800        13
36.810         0
36.820        13
36.830        40
36.840        53
36.850        27
36.860        27
36.870        40
36.880        40
36.890        40
36.900        40
36.910        53
36.920        13
36.930        13
36.940        13
36.950        27
36.960        13
36.970        53
36.980        27
36.990        53
37.000        40
37.010        67
37.020        13
37.030         0
37.040        40
37.050        40
37.060        27
37.070        27
37.080         0
37.090        27
37.100        13
37.110         0
37.120        13
37.130        80
37.140        13
37.150        40
37.160        40
37.170        40
37.180        27
37.190        13
37.200        13
37.210        40
37.220        13
37.230        13
37.240        13
37.250        27
37.260        27
37.270        27
37.280        13
37.290        13
37.300        13
37.310        40
37.320         0
37.330        13
37.340         0
37.350        80
37.360        27
37.370        13
37.380         0
37.390        27
37.400        27
37.410        27
37.420        40
37.430        13
37.440        13
37.450        27
37.460        27
37.470        27
37.480        27
37.490        27
37.500        13
37.510        13
37.520         0
37.530         0
37.540        27
37.550        53
37.560        27
37.570        67
37.580         0
37.590        40
37.600        40
37.610        53
37.620        53
37.630        67
37.640        80
37.650        80
37.660        40
37.670        40
37.680        27
37.690         0
37.700        53
37.710        53
37.720        40
37.730       107
37.740        13
37.750        27
37.760        53
37.770        27
37.780        13
37.790        67
37.800       120
37.810       120
37.820       147
37.830       107
37.840       147
37.850       133
37.860       200
37.870        93
37.880       147
37.890        93
37.900        53
37.910        93
37.920        53
37.930       173
37.940        40
37.950        93
37.960       107
37.970         0
37.980        27
37.990        27
38.000        40
38.010        27
38.020        40
38.030        27
38.040        27
38.050        13
38.060        40
38.070        13
38.080        13
38.090         0
38.100        27
38.110        13
38.120        53
38.130        27
38.140         0
38.150        13
38.160        53
38.170        13
38.180        80
38.190        40
38.200        53
38.210        40
38.220        40
38.230         0
38.240        53
38.250        13
38.260        13
38.270        13
38.280        13
38.290        27
38.300        13
38.310        27
38.320        13
38.330        13
38.340        27
38.350        27
38.360         0
38.370        27
38.380         0
38.390        40
38.400        13
38.410        27
38.420        13
38.430         0
38.440        27
38.450        40
38.460        40
38.470         0
38.480        40
38.490        53
38.500        13
38.510        13
38.520         0
38.530        40
38.540        27
38.550        40
38.560        27
38.570        13
38.580        13
38.590        13
38.600        27
38.610        27
38.620        13
38.630        40
38.640        53
38.650        13
38.660        13
38.670        27
38.680        13
38.690        13
38.700        53
38.710        13
38.720        27
38.730        27
38.740        40
38.750        27
38.760        27
38.770        27
38.780        40
38.790        53
38.800        40
38.810        27
38.820        40
38.830        53
38.840        13
38.850        40
38.860        40
38.870        13
38.880        40
38.890         0
38.900        13
38.910        27
38.920        27
38.930        40
38.940        13
38.950        27
38.960        27
38.970         0
38.980        13
38.990        13
39.000        13
39.010        67
39.020        13
39.030         0
39.040        13
39.050        13
39.060        27
39.070        13
39.080        13
39.090         0
39.100        27
39.110        27
39.120        40
39.130        40
39.140        13
39.150        13
39.160        13
39.170        13
39.180        40
39.190        40
39.200         0
39.210        27
39.220        27
39.230        13
39.240        27
39.250        27
39.260        40
39.270        13
39.280        27
39.290        40
39.300         0
39.310        40
39.320        27
39.330         0
39.340        40
39.350         0
39.360        13
39.370        27
39.380        13
39.390        13
39.400        13
39.410        67
39.420        53
39.430         0
39.440        53
39.450        53
39.460        27
39.470        67
39.480        27
39.490        13
39.500        13
39.510        13
39.520        27
39.530        13
39.540        27
39.550        13
39.560        13
39.570        13
39.580        40
39.590        40
39.600        27
39.610         0
39.620         0
39.630        13
39.640        53
39.650        13
39.660        13
39.670        13
39.680        40
39.690        67
39.700         0
39.710        13
39.720        67
39.730        13
39.740        40
39.750        13
39.760        40
39.770        27
39.780        40
39.790         0
39.800        40
39.810        53
39.820         0
39.830         0
39.840        13
39.850        27
39.860        27
39.870        40
39.880        27
39.890        40
39.900        80
39.910        67
39.920         0
39.930        40
39.940        40
39.950        53
39.960        53
39.970        27
39.980        67
39.990        27
40.000        53
40.010        67
40.020        13
40.030        67
40.040        27
40.050        27
40.060        93
40.070        40
40.080        40
40.090        27
40.100        67
40.110       107
40.120        40
40.130       120
40.140        67
40.150        40
40.160       107
40.170        13
40.180        67
40.190        67
40.200        80
40.210        67
40.220        53
40.230        80
40.240        40
40.250        40
40.260        53
40.270        93
40.280        80
40.290        13
40.300        53
40.310       107
40.320       147
40.330        53
40.340        53
40.350        53
40.360        40
40.370        67
40.380        67
40.390        67
40.400        67
40.410        93
40.420        67
40.430       107
40.440        67
40.450        40
40.460        53
40.470        67
40.480        80
40.490        40
40.500        80
40.510        13
40.520        67
40.530        93
40.540        40
40.550        13
40.560        40
40.570       107
40.580        27
40.590        40
40.600        53
40.610        67
40.620        80
40.630        53
40.640        40
40.650        13
40.660        40
40.670        80
40.680        53
40.690       107
40.700        80
40.710         0
40.720        40
40.730        40
40.740        13
40.750        53
40.760        53
40.770        53
40.780        53
40.790        27
40.800        67
40.810        53
40.820        67
40.830        27
40.840        40
40.850         0
40.860        13
40.870        40
40.880        27
40.890        27
40.900        27
40.910        27
40.920        80
40.930        53
40.940        27
40.950        27
40.960        27
40.970        27
40.980        40
40.990        67
41.000        40
41.010        13
41.020        40
41.030        53
41.040        53
41.050        53
41.060        13
41.070        13
41.080        67
41.090        40
41.100         0
41.110       107
41.120        53
41.130        27
41.140        53
41.150        27
41.160         0
41.170         0
41.180        13
41.190         0
41.200        13
41.210        27
41.220        40
41.230        13
41.240        27
41.250        53
41.260        27
41.270        40
41.280        13
41.290        27
41.300         0
41.310        40
41.320        27
41.330        40
41.340        40
41.350        27
41.360        27
41.370        53
41.380        53
41.390        53
41.400        27
41.410        13
41.420         0
41.430        13
41.440        13
41.450        40
41.460        27
41.470        13
41.480        40
41.490        40
41.500        40
41.510        13
41.520        27
41.530        27
41.540        40
41.550        40
41.560        40
41.570        67
41.580        27
41.590        13
41.600        40
41.610        67
41.620        13
41.630        40
41.640        80
41.650       107
41.660        80
41.670        67
41.680       160
41.690       173
41.700       147
41.710       120
41.720       200
41.730       120
41.740       187
41.750        67
41.760        93
41.770        93
41.780       133
41.790       107
41.800       107
41.810        80
41.820       187
41.830        93
41.840       120
41.850        53
41.860        27
41.870        40
41.880        53
41.890        67
41.900        40
41.910        40
41.920        27
41.930        27
41.940        27
41.950         0
41.960         0
41.970        27
41.980        27
41.990        27
42.000        27
42.010         0
42.020        13
42.030         0
42.040        13
42.050        40
42.060         0
42.070        27
42.080        27
42.090        13
42.100        13
42.110        13
42.120         0
42.130        53
42.140        27
42.150        13
42.160        53
42.170        67
42.180        27
42.190        13
42.200        27
42.210        13
42.220        13
42.230        13
42.240        13
42.250        27
42.260        53
42.270        40
42.280        13
42.290        27
42.300        13
42.310        13
42.320        40
42.330        27
42.340        13
42.350        67
42.360         0
42.370        80
42.380        13
42.390        67
42.400        13
42.410        53
42.420        13
42.430        27
42.440        27
42.450        67
42.460        13
42.470        27
42.480        67
42.490        67
42.500        13
42.510        53
42.520        13
42.530         0
42.540        27
42.550        13
42.560        53
42.570         0
42.580        27
42.590        40
42.600        27
42.610         0
42.620        40
42.630        40
42.640        40
42.650        40
42.660        13
42.670        53
42.680        67
42.690        13
42.700         0
42.710        40
42.720        53
42.730        53
42.740        40
42.750        27
42.760        93
42.770        27
42.780        27
42.790        40
42.800        40
42.810        53
42.820        27
42.830        27
42.840        27
42.850        13
42.860        80
42.870        67
42.880        80
42.890        13
42.900        27
42.910        40
42.920        27
42.930        40
42.940        40
42.950        53
42.960        40
42.970        40
42.980        40
42.990        53
43.000        80
43.010        67
43.020        40
43.030        53
43.040        40
43.050        80
43.060        53
43.070        27
43.080        53
43.090        53
43.100        53
43.110        40
43.120        13
43.130         0
43.140        27
43.150        27
43.160        67
43.170        27
43.180        13
43.190        27
43.200        13
43.210        53
43.220        13
43.230        40
43.240        13
43.250        40
43.260        40
43.270        27
43.280        27
43.290        40
43.300        27
43.310        93
43.320        93
43.330       133
43.340       120
43.350       133
43.360       120
43.370       160
43.380       200
43.390       147
43.400       173
43.410       213
43.420        93
43.430        67
43.440        67
43.450        67
43.460        40
43.470       133
43.480       107
43.490       160
43.500        67
43.510       160
43.520       133
43.530        53
43.540        40
43.550        27
43.560        67
43.570        13
43.580        40
43.590         0
43.600        13
43.610        67
43.620        13
43.630        27
43.640        27
43.650        40
43.660        53
43.670        27
43.680        27
43.690        93
43.700        27
43.710        53
43.720        27
43.730        40
43.740        27
43.750        13
43.760        13
43.770        40
43.780        13
43.790        27
43.800        40
43.810        13
43.820        67
43.830         0
43.840        13
43.850        13
43.860        67
43.870         0
43.880         0
43.890         0
43.900        27
43.910        13
43.920        40
43.930        67
43.940        27
43.950        53
43.960        27
43.970        53
43.980         0
43.990        40
44.000        27
44.010        27
44.020        13
44.030        40
44.040        13
44.050        27
44.060        27
44.070        93
44.080        40
44.090        13
44.100        27
44.110         0
44.120        27
44.130        13
44.140        13
44.150        13
44.160        27
44.170        67
44.180        27
44.190        13
44.200        40
44.210        13
44.220        53
44.230        13
44.240        67
44.250        27
44.260        40
44.270        13
44.280        27
44.290        67
44.300        13
44.310        13
44.320        40
44.330        13
44.340        40
44.350        27
44.360        13
44.370        27
44.380        27
44.390        27
44.400        27
44.410        40
44.420         0
44.430        13
44.440        40
44.450        53
44.460        40
44.470        27
44.480        13
44.490         0
44.500        27
44.510        53
44.520        13
44.530        13
44.540        40
44.550        40
44.560        27
44.570        93
44.580        40
44.590        27
44.600        27
44.610        40
44.620        67
44.630        40
44.640        27
44.650         0
44.660        27
44.670        40
44.680        13
44.690        27
44.700        27
44.710         0
44.720        27
44.730        40
44.740        27
44.750        13
44.760        27
44.770        13
44.780        27
44.790        13
44.800        40
44.810        27
44.820         0
44.830         0
44.840        53
44.850        27
44.860        40
44.870        40
44.880        40
44.890        27
44.900        27
44.910         0
44.920        40
44.930        40
44.940        40
44.950        13
44.960        40
44.970        13
44.980        13
44.990        40
45.000        27
45.010        13
45.020        40
45.030        40
45.040        13
45.050         0
45.060        13
45.070        13
45.080        40
45.090        13
45.100        13
45.110        40
45.120        40
45.130        27
45.140        13
45.150        27
45.160         0
45.170        27
45.180        27
45.190        27
45.200        53
45.210        13
45.220        13
45.230        27
45.240        53
45.250        13
45.260        27
45.270        13
45.280        67
45.290        27
45.300        13
45.310        53
45.320        13
45.330        40
45.340        40
45.350        40
45.360        27
45.370        53
45.380        27
45.390        27
45.400        40
45.410        27
45.420        27
45.430        27
45.440        27
45.450        53
45.460        67
45.470        13
45.480         0
45.490        13
45.500        27
45.510        13
45.520        53
45.530        40
45.540        40
45.550        13
45.560        53
45.570        67
45.580        13
45.590        53
45.600        13
45.610        40
45.620        13
45.630        13
45.640        53
45.650        80
45.660        27
45.670        13
45.680        27
45.690        40
45.700         0
45.710        67
45.720        40
45.730        27
45.740        40
45.750        40
45.760        80
45.770        40
45.780        27
45.790         0
45.800        53
45.810        40
45.820        67
45.830        53
45.840        53
45.850        40
45.860        27
45.870        67
45.880        27
45.890        27
45.900        67
45.910        67
45.920        40
45.930        80
45.940        93
45.950        67
45.960        53
45.970        40
45.980        93
45.990        53
46.000        40
46.010       107
46.020       160
46.030        67
46.040        93
46.050        67
46.060       160
46.070        80
46.080        53
46.090        40
46.100       107
46.110        53
46.120        67
46.130        53
46.140        80
46.150        40
46.160        80
46.170        13
46.180        80
46.190        53
46.200        40
46.210        27
46.220        13
46.230        67
46.240       107
46.250        40
46.260        40
46.270        13
46.280        13
46.290        93
46.300        40
46.310        27
46.320        40
46.330        27
46.340        27
46.350         0
46.360        40
46.370        13
46.380        53
46.390        27
46.400        27
46.410        40
46.420       107
46.430        40
46.440        13
46.450        27
46.460        40
46.470        13
46.480        27
46.490         0
46.500        13
46.510        13
46.520        27
46.530        13
46.540        40
46.550        40
46.560        53
46.570        40
46.580        27
46.590        67
46.600        67
46.610        53
46.620        67
46.630        67
46.640        67
46.650        27
46.660        53
46.670        40
46.680        93
46.690       107
46.700        13
46.710        53
46.720        67
46.730        53
46.740        80
46.750       120
46.760       160
46.770       147
46.780        80
46.790       173
46.800        93
46.810        93
46.820       120
46.830        80
46.840       133
46.850       133
46.860       133
46.870       120
46.880       120
46.890       107
46.900       160
46.910       133
46.920       107
46.930       133
46.940       120
46.950        67
46.960       133
46.970       160
46.980        80
46.990       133
47.000        93
47.010       120
47.020       133
47.030        53
47.040        80
47.050       107
47.060       107
47.070        80
47.080        40
47.090        67
47.100        80
47.110        53
47.120        67
47.130        53
47.140         0
47.150        27
47.160        67
47.170         0
47.180        27
47.190        53
47.200        53
47.210        53
47.220        27
47.230        13
47.240        27
47.250        13
47.260        53
47.270        13
47.280        27
47.290         0
47.300        27
47.310        27
47.320        40
47.330        40
47.340        27
47.350        27
47.360        27
47.370        53
47.380        27
47.390        13
47.400        13
47.410        13
47.420        40
47.430        40
47.440        53
47.450        27
47.460        13
47.470        27
47.480         0
47.490        13
47.500        40
47.510        27
47.520        53
47.530        27
47.540        40
47.550        40
47.560        67
47.570        40
47.580        13
47.590        27
47.600        27
47.610        27
47.620        40
47.630        13
47.640         0
47.650        27
47.660        53
47.670        27
47.680        13
47.690        13
47.700        13
47.710        27
47.720        13
47.730        27
47.740        13
47.750        27
47.760        13
47.770        40
47.780         0
47.790        40
47.800        13
47.810         0
47.820        13
47.830         0
47.840        13
47.850         0
47.860        13
47.870        13
47.880        13
47.890        40
47.900        27
47.910        27
47.920         0
47.930         0
47.940         0
47.950        40
47.960        13
47.970         0
47.980         0
47.990        27
48.000        13
48.010        53
48.020        27
48.030         0
48.040         0
48.050        13
48.060         0
48.070        27
48.080        40
48.090        13
48.100        13
48.110        27
48.120        13
48.130        13
48.140        40
48.150        53
48.160         0
48.170        40
48.180        13
48.190         0
48.200        27
48.210         0
48.220         0
48.230         0
48.240        13
48.250        53
48.260        13
48.270        27
48.280        27
48.290        13
48.300         0
48.310        13
48.320        40
48.330        27
48.340        40
48.350        53
48.360        53
48.370        27
48.380        13
48.390        53
48.400        13
48.410         0
48.420        13
48.430         0
48.440        13
48.450        27
48.460        53
48.470        53
48.480        40
48.490        13
48.500        67
48.510        40
48.520        40
48.530        40
48.540        27
48.550        27
48.560         0
48.570        13
48.580         0
48.590        13
48.600        13
48.610        13
48.620        27
48.630        40
48.640        13
48.650        13
48.660        27
48.670        27
48.680        13
48.690        27
48.700        27
48.710        53
48.720         0
48.730        67
48.740        13
48.750        40
48.760        13
48.770        13
48.780        27
48.790        27
48.800         0
48.810        40
48.820        13
48.830        27
48.840        27
48.850        53
48.860        27
48.870        53
48.880        27
48.890        27
48.900         0
48.910        13
48.920        27
48.930        27
48.940        27
48.950        13
48.960        13
48.970        40
48.980        40
48.990        27
49.000        13
49.010        27
49.020        40
49.030        13
49.040        53
49.050        13
49.060        13
49.070        13
49.080         0
49.090        13
49.100        40
49.110        40
49.120        13
49.130        40
49.140        53
49.150        13
49.160        13
49.170         0
49.180        53
49.190        13
49.200        40
49.210        40
49.220         0
49.230        27
49.240        27
49.250        27
49.260        27
49.270         0
49.280        13
49.290         0
49.300        13
49.310        53
49.320        27
49.330        40
49.340        40
49.350        80
49.360        13
49.370        27
49.380         0
49.390        27
49.400        93
49.410        13
49.420        27
49.430        53
49.440        27
49.450         0
49.460        13
49.470        40
49.480        53
49.490        80
49.500        27
49.510        13
49.520        27
49.530         0
49.540        27
49.550        27
49.560        93
49.570        53
49.580        27
49.590        13
49.600       107
49.610        40
49.620         0
49.630        13
49.640        13
49.650        40
49.660        27
49.670        40
49.680        13
49.690        40
49.700        40
49.710        27
49.720        27
49.730        27
49.740        27
49.750        27
49.760        40
49.770        40
49.780         0
49.790        40
49.800        53
49.810        67
49.820        80
49.830        67
49.840         0
49.850        80
49.860        13
49.870        53
49.880        53
49.890        27
49.900        53
49.910        40
49.920        40
49.930        53
49.940         0
49.950        67
49.960        13
49.970        40
49.980         0
49.990         0
50.000        40
50.010        40
50.020         0
50.030        53
50.040        27
50.050         0
50.060         0
50.070        53
50.080         0
50.090        13
50.100        13
50.110        40
50.120        13
50.130        27
50.140        40
50.150        40
50.160         0
50.170        13
50.180        40
50.190        13
50.200        53
50.210        13
50.220        40
50.230        27
50.240        13
50.250        40
50.260        27
50.270        40
50.280        67
50.290        40
50.300        13
50.310       133
50.320        13
50.330        27
50.340        27
50.350         0
50.360        40
50.370        53
50.380        40
50.390        40
50.400        27
50.410        27
50.420        53
50.430        67
50.440        53
50.450        53
50.460        40
50.470        80
50.480        53
50.490        27
50.500        27
50.510        13
50.520        27
50.530        53
50.540        93
50.550        13
50.560        40
50.570        13
50.580        40
50.590        27
50.600        27
50.610        13
50.620        53
50.630        27
50.640        53
50.650        13
50.660        53
50.670        67
50.680        53
50.690        13
50.700         0
50.710         0
50.720        13
50.730        13
50.740        27
50.750        40
50.760        13
50.770        27
50.780        13
50.790         0
50.800        53
50.810        13
50.820        27
50.830        27
50.840        13
50.850        40
50.860        13
50.870        27
50.880        13
50.890         0
50.900        27
50.910         0
50.920        27
50.930        13
50.940        27
50.950        27
50.960        13
50.970        13
50.980        27
50.990        40
51.000        27
51.010         0
51.020         0
51.030        27
51.040        13
51.050         0
51.060        13
51.070         0
51.080        13
51.090         0
51.100        27
51.110         0
51.120        27
51.130        40
51.140        67
51.150        27
51.160        13
51.170        80
51.180        27
51.190        13
51.200        40
51.210        53
51.220        53
51.230         0
51.240        53
51.250        13
51.260        27
51.270        40
51.280        13
51.290        67
51.300        13
51.310        40
51.320        13
51.330        13
51.340        27
51.350         0
51.360        13
51.370        13
51.380         0
51.390        40
51.400        27
51.410        40
51.420        40
51.430        27
51.440        13
51.450        27
51.460        40
51.470        40
51.480        53
51.490        67
51.500        53
51.510        27
51.520        13
51.530        27
51.540        40
51.550        40
51.560        13
51.570         0
51.580        13
51.590        40
51.600        40
51.610        13
51.620        40
51.630        40
51.640        40
51.650        93
51.660        27
51.670        13
51.680        13
51.690        67
51.700         0
51.710        13
51.720        67
51.730        40
51.740        27
51.750        67
51.760        40
51.770        13
51.780        13
51.790        67
51.800        53
51.810        67
51.820        53
51.830        40
51.840        80
51.850        13
51.860        27
51.870        27
51.880        13
51.890        53
51.900        13
51.910        40
51.920        40
51.930        13
51.940        53
51.950        27
51.960        27
51.970        53
51.980        13
51.990        40
52.000        40
52.010        40
52.020        13
52.030        40
52.040        40
52.050        40
52.060        40
52.070        40
52.080        27
52.090         0
52.100        13
52.110        40
52.120        93
52.130        53
52.140        40
52.150        27
52.160        53
52.170        27
52.180        40
52.190        13
52.200        13
52.210        27
52.220        53
52.230        40
52.240        40
52.250        27
52.260         0
52.270        40
52.280        27
52.290        27
52.300        13
52.310        40
52.320        40
52.330        27
52.340        27
52.350         0
52.360        27
52.370        40
52.380         0
52.390        13
52.400         0
52.410        27
52.420        27
52.430         0
52.440        27
52.450        13
52.460        27
52.470        53
52.480        27
52.490        13
52.500        13
52.510        27
52.520         0
52.530        13
52.540       120
52.550         0
52.560        93
52.570        13
52.580        67
52.590        67
52.600       227
52.610       160
52.620       267
52.630       173
52.640       293
52.650       213
52.660       200
52.670       227
52.680        67
52.690        27
52.700        53
52.710        27
52.720        27
52.730       133
52.740        93
52.750        67
52.760        67
52.770       120
52.780       107
52.790       120
52.800        80
52.810       107
52.820        67
52.830         0
52.840        67
52.850        27
52.860        53
52.870        13
52.880        27
52.890        13
52.900        13
52.910        27
52.920        13
52.930        53
52.940         0
52.950        40
52.960         0
52.970        13
52.980        40
52.990        13
53.000        13
53.010        13
53.020        13
53.030        13
53.040        40
53.050         0
53.060        27
53.070        13
53.080         0
53.090        27
53.100        27
53.110        27
53.120        27
53.130         0
53.140         0
53.150        27
53.160        13
53.170        13
53.180        40
53.190         0
53.200        13
53.210         0
53.220        13
53.230        13
53.240        27
53.250        13
53.260        13
53.270        27
53.280        27
53.290        40
53.300         0
53.310        27
53.320        13
53.330        13
53.340        13
53.350        53
53.360        40
53.370        27
53.380        13
53.390        13
53.400        13
53.410        40
53.420        27
53.430        13
53.440         0
53.450        27
53.460        40
53.470        27
53.480        27
53.490        27
53.500        40
53.510        40
53.520        27
53.530         0
53.540        13
53.550        27
53.560         0
53.570        13
53.580        40
53.590        27
53.600        13
53.610        67
53.620        27
53.630         0
53.640        13
53.650        13
53.660         0
53.670         0
53.680         0
53.690        13
53.700        27
53.710         0
53.720         0
53.730        27
53.740        40
53.750        40
53.760        13
53.770        53
53.780        13
53.790        27
53.800         0
53.810        27
53.820        13
53.830        27
53.840        93
53.850         0
53.860        13
53.870        40
53.880        13
53.890        80
53.900        13
53.910        13
53.920        13
53.930         0
53.940        27
53.950        40
53.960        40
53.970        13
53.980        27
53.990         0
54.000        53
54.010        13
54.020        53
54.030        27
54.040        27
54.050        13
54.060        13
54.070        27
54.080        13
54.090        27
54.100        13
54.110        27
54.120        53
54.130        27
54.140        13
54.150        13
54.160        13
54.170        27
54.180        13
54.190        27
54.200         0
54.210        27
54.220        53
54.230        53
54.240        40
54.250        27
54.260        40
54.270        27
54.280        27
54.290        13
54.300        13
54.310         0
54.320        13
54.330        13
54.340         0
54.350         0
54.360        40
54.370         0
54.380        13
54.390         0
54.400        40
54.410        13
54.420         0
54.430         0
54.440        27
54.450        27
54.460        53
54.470        27
54.480        13
54.490        27
54.500         0
54.510        27
54.520        40
54.530        40
54.540        93
54.550        80
54.560         0
54.570        27
54.580         0
54.590        27
54.600        27
54.610        13
54.620        27
54.630        27
54.640        27
54.650        40
54.660        27
54.670         0
54.680        40
54.690        27
54.700        40
54.710        13
54.720        13
54.730        40
54.740         0
54.750        13
54.760        40
54.770        40
54.780         0
54.790        27
54.800         0
54.810        27
54.820        27
54.830         0
54.840        13
54.850        27
54.860        13
54.870        27
54.880        40
54.890        13
54.900        13
54.910        27
54.920        13
54.930        13
54.940        13
54.950        13
54.960        40
54.970        27
54.980        13
54.990        13
55.000        27
55.010        67
55.020        27
55.030        13
55.040         0
55.050        67
55.060        13
55.070         0
55.080        27
55.090         0
55.100        13
55.110         0
55.120        13
55.130        27
55.140         0
55.150         0
55.160        13
55.170         0
55.180        13
55.190        40
55.200        27
55.210        13
55.220        27
55.230        27
55.240        27
55.250        27
55.260        40
55.270        40
55.280        27
55.290        13
55.300        27
55.310        13
55.320        40
55.330         0
55.340        27
55.350        40
55.360        27
55.370        27
55.380        13
55.390        67
55.400        67
55.410        13
55.420        40
55.430        27
55.440         0
55.450        13
55.460        40
55.470        40
55.480        13
55.490        13
55.500        53
55.510        27
55.520        13
55.530        27
55.540        13
55.550        53
55.560        40
55.570        27
55.580        53
55.590        67
55.600        67
55.610        27
55.620        13
55.630        53
55.640        40
55.650        13
55.660        27
55.670        53
55.680        13
55.690        53
55.700        27
55.710        13
55.720        27
55.730        13
55.740         0
55.750        40
55.760        40
55.770        13
55.780        27
55.790        40
55.800        40
55.810        27
55.820        13
55.830        67
55.840        13
55.850        40
55.860         0
55.870        53
55.880        13
55.890        27
55.900        53
55.910        40
55.920        40
55.930        13
55.940        27
55.950        53
55.960        67
55.970        13
55.980        27
55.990        27
56.000        67
56.010        27
56.020        13
56.030        40
56.040        13
56.050        13
56.060        67
56.070        13
56.080        53
56.090        40
56.100        27
56.110        93
56.120        13
56.130        67
56.140        40
56.150        40
56.160        13
56.170         0
56.180        40
56.190        13
56.200        13
56.210        27
56.220        40
56.230        13
56.240         0
56.250        67
56.260        40
56.270        13
56.280        40
56.290        27
56.300        27
56.310        27
56.320        27
56.330        40
56.340        27
56.350        13
56.360         0
56.370        27
56.380        53
56.390        67
56.400        40
56.410        53
56.420        40
56.430        40
56.440        27
56.450        53
56.460        67
56.470        13
56.480        13
56.490        13
56.500        13
56.510        53
56.520        27
56.530        27
56.540        13
56.550        27
56.560        27
56.570        13
56.580        27
56.590         0
56.600        27
56.610        27
56.620        13
56.630         0
56.640        67
56.650        13
56.660        40
56.670        13
56.680        67
56.690        27
56.700        27
56.710        13
56.720        40
56.730        13
56.740         0
56.750        27
56.760        13
56.770        13
56.780        27
56.790        27
56.800        27
56.810        13
56.820        40
56.830        27
56.840        13
56.850        27
56.860        13
56.870         0
56.880        27
56.890         0
56.900        40
56.910        13
56.920        13
56.930        53
56.940         0
56.950        40
56.960        27
56.970        13
56.980        13
56.990         0
57.000        53
57.010        13
57.020        13
57.030        27
57.040        27
57.050        40
57.060        27
57.070        27
57.080        40
57.090        67
57.100        27
57.110         0
57.120         0
57.130        13
57.140        13
57.150        27
57.160        27
57.170        80
57.180         0
57.190        13
57.200         0
57.210        27
57.220         0
57.230        53
57.240        13
57.250        27
57.260         0
57.270        40
57.280        40
57.290        27
57.300        27
57.310        40
57.320        13
57.330         0
57.340         0
57.350        67
57.360        13
57.370        13
57.380        40
57.390        80
57.400        13
57.410        80
57.420        40
57.430        27
57.440        27
57.450        13
57.460        13
57.470        93
57.480        93
57.490        53
57.500        80
57.510        80
57.520       107
57.530        53
57.540        67
57.550        53
57.560        80
57.570       120
57.580        93
57.590        80
57.600       133
57.610        53
57.620        13
57.630        40
57.640        80
57.650        40
57.660        67
57.670       133
57.680        40
57.690        40
57.700        67
57.710        40
57.720       133
57.730        40
57.740        27
57.750        53
57.760        40
57.770        27
57.780        27
57.790        27
57.800         0
57.810        13
57.820        27
57.830        40
57.840        27
57.850        40
57.860        53
57.870        27
57.880        27
57.890        13
57.900        13
57.910        40
57.920         0
57.930        27
57.940        40
57.950         0
57.960        13
57.970        40
57.980        40
57.990        13
58.000        13
58.010        53
58.020        13
58.030        27
58.040        40
58.050        13
58.060        40
58.070        13
58.080         0
58.090        40
58.100        53
58.110         0
58.120        13
58.130        27
58.140         0
58.150        27
58.160         0
58.170        93
58.180         0
58.190         0
58.200        40
58.210        27
58.220        40
58.230         0
58.240        13
58.250        13
58.260         0
58.270        13
58.280        40
58.290        40
58.300        13
58.310         0
58.320        13
58.330         0
58.340         0
58.350        27
58.360        53
58.370        27
58.380        13
58.390        13
58.400        53
58.410        13
58.420        27
58.430        27
58.440        13
58.450        27
58.460        13
58.470        40
58.480         0
58.490        13
58.500        53
58.510        27
58.520        13
58.530        13
58.540        40
58.550        13
58.560         0
58.570         0
58.580        67
58.590         0
58.600        13
58.610        40
58.620        27
58.630        13
58.640         0
58.650        40
58.660        27
58.670        13
58.680        13
58.690         0
58.700         0
58.710         0
58.720        40
58.730        13
58.740        13
58.750        13
58.760         0
58.770         0
58.780         0
58.790        13
58.800         0
58.810         0
58.820         0
58.830        27
58.840        13
58.850        27
58.860        27
58.870        27
58.880        13
58.890        13
58.900        13
58.910        27
58.920         0
58.930        27
58.940         0
58.950        27
58.960        27
58.970        13
58.980        27
58.990        53
59.000         0
59.010        13
59.020         0
59.030        13
59.040        13
59.050         0
59.060        13
59.070        40
59.080        13
59.090         0
59.100        27
59.110        40
59.120        13
59.130         0
59.140        40
59.150        13
59.160        13
59.170        13
59.180        27
59.190        13
59.200        40
59.210        27
59.220        13
59.230         0
59.240         0
59.250         0
59.260        53
59.270        27
59.280         0
59.290        13
59.300         0
59.310        13
59.320        27
59.330         0
59.340        27
59.350         0
59.360        27
59.370        27
59.380         0
59.390        27
59.400        27
59.410        13
59.420        13
59.430         0
59.440        40
59.450        13
59.460        40
59.470        13
59.480        13
59.490        40
59.500        27
59.510        53
59.520        40
59.530        40
59.540        40
59.550        53
59.560        13
59.570        53
59.580        27
59.590         0
59.600        27
59.610        13
59.620        27
59.630        40
59.640         0
59.650         0
59.660        13
59.670        13
59.680        27
59.690         0
59.700        27
59.710         0
59.720        40
59.730        13
59.740         0
59.750        53
59.760         0
59.770        27
59.780         0
59.790        13
59.800        27
59.810        13
59.820        27
59.830        27
59.840        40
59.850        13
59.860        27
59.870         0
59.880        27
59.890        40
59.900        13
59.910        13
59.920         0
59.930        13
59.940        27
59.950        40
59.960         0
59.970        40
59.980         0
59.990         0
60.000        27
