20.000        53
20.010        27
20.020        67
20.030        27
20.040        67
20.050        93
20.060        40
20.070        40
20.080        67
20.090        27
20.100        40
20.110        27
20.120        40
20.130        13
20.140        80
20.150        40
20.160        40
20.170        40
20.180        27
20.190        93
20.200        27
20.210        93
20.220        80
20.230       120
20.240        27
20.250         0
20.260        67
20.270       107
20.280        80
20.290        53
20.300        67
20.310        27
20.320        53
20.330       107
20.340        27
20.350        40
20.360        93
20.370        80
20.380        80
20.390        40
20.400        67
20.410        27
20.420        40
20.430        40
20.440        27
20.450        27
20.460        80
20.470        27
20.480        13
20.490        80
20.500         0
20.510        40
20.520        40
20.530        80
20.540        27
20.550        67
20.560        27
20.570        93
20.580        40
20.590        53
20.600        53
20.610        27
20.620        80
20.630        27
20.640        40
20.650        27
20.660        27
20.670        40
20.680        27
20.690        27
20.700        40
20.710       107
20.720        27
20.730        93
20.740        80
20.750        40
20.760        13
20.770        93
20.780        93
20.790        13
20.800        93
20.810         0
20.820        13
20.830        80
20.840        53
20.850        80
20.860        27
20.870        67
20.880        27
20.890        53
20.900        67
20.910         0
20.920        40
20.930        67
20.940        27
20.950        27
20.960         0
20.970        80
20.980        53
20.990        53
21.000        13
21.010        67
21.020        40
21.030        40
21.040         0
21.050        40
21.060        27
21.070        27
21.080        53
21.090        40
21.100        80
21.110        80
21.120        40
21.130        40
21.140        27
21.150        27
21.160        13
21.170        67
21.180        80
21.190        67
21.200        27
21.210        13
21.220        27
21.230        40
21.240        80
21.250        93
21.260        27
21.270         0
21.280        13
21.290        53
21.300        27
21.310        13
21.320        67
21.330        27
21.340        53
21.350        13
21.360        27
21.370        40
21.380        27
21.390        27
21.400         0
21.410        53
21.420        27
21.430        13
21.440        13
21.450        67
21.460        27
21.470        27
21.480        67
21.490        27
21.500        53
21.510         0
21.520        67
21.530        40
21.540        67
21.550        53
21.560        53
21.570        27
21.580        13
21.590        40
21.600        53
21.610        13
21.620         0
21.630        53
21.640        67
21.650        53
21.660        27
21.670        40
21.680        13
21.690        27
21.700        40
21.710        40
21.720        67
21.730        13
21.740        53
21.750        27
21.760        27
21.770        40
21.780        40
21.790        53
21.800        53
21.810        27
21.820        13
21.830        80
21.840        53
21.850        93
21.860        13
21.870        40
21.880        40
21.890        53
21.900        53
21.910        27
21.920        40
21.930        53
21.940        27
21.950        80
21.960        53
21.970        27
21.980        67
21.990        27
22.000        27
22.010        13
22.020        27
22.030        67
22.040        53
22.050        80
22.060        40
22.070        27
22.080        67
22.090        40
22.100        53
22.110        13
22.120        13
22.130        40
22.140        93
22.150        53
22.160        93
22.170        40
22.180        13
22.190        40
22.200        13
22.210        53
22.220        40
22.230        40
22.240       147
22.250       120
22.260        80
22.270        67
22.280        93
22.290       160
22.300       147
22.310       160
22.320        93
22.330        93
22.340       147
22.350       147
22.360       213
22.370       253
22.380       200
22.390       227
22.400       173
22.410       293
22.420       213
22.430       293
22.440       400
22.450       426
22.460       453
22.470       626
22.480       600
22.490       746
22.500       920
22.510      1093
22.520      1106
22.530      1266
22.540      1120
22.550      1186
22.560      1253
22.570      1026
22.580      1053
22.590      1026
22.600       906
22.610       760
22.620       813
22.630       746
22.640       653
22.650       546
22.660       466
22.670       453
22.680       280
22.690       293
22.700       200
22.710       147
22.720       160
22.730        80
22.740       107
22.750        93
22.760        27
22.770        80
22.780       147
22.790       120
22.800        53
22.810        53
22.820        67
22.830        80
22.840        40
22.850        53
22.860        67
22.870        53
22.880        53
22.890        67
22.900        53
22.910        53
22.920        67
22.930        80
22.940        53
22.950        40
22.960        93
22.970        13
22.980        40
22.990        80
23.000        53
23.010        27
23.020        67
23.030        53
23.040        40
23.050        53
23.060        67
23.070        13
23.080        93
23.090        27
23.100        13
23.110        67
23.120        13
23.130        13
23.140        40
23.150        53
23.160        40
23.170       133
23.180        53
23.190        40
23.200        67
23.210        80
23.220        13
23.230        80
23.240        13
23.250        67
23.260        40
23.270        13
23.280        80
23.290        67
23.300        27
23.310        67
23.320        67
23.330        40
23.340        13
23.350        80
23.360        13
23.370        27
23.380        53
23.390        93
23.400        67
23.410        67
23.420        40
23.430        93
23.440        53
23.450        93
23.460        27
23.470        27
23.480        53
23.490        40
23.500       120
23.510        13
23.520        40
23.530        13
23.540        53
23.550         0
23.560        27
23.570        13
23.580        53
23.590        67
23.600        53
23.610        27
23.620        27
23.630        27
23.640        27
23.650        80
23.660        93
23.670        13
23.680        93
23.690        53
23.700        27
23.710        27
23.720        40
23.730         0
23.740        80
23.750        53
23.760        27
23.770        40
23.780        27
23.790        27
23.800        53
23.810        40
23.820        53
23.830        53
23.840        53
23.850        53
23.860        80
23.870        80
23.880        40
23.890        40
23.900        80
23.910        53
23.920        27
23.930        53
23.940        13
23.950         0
23.960        27
23.970        53
23.980        40
23.990        80
24.000        53
24.010         0
24.020        80
24.030        80
24.040        27
24.050        13
24.060        27
24.070        53
24.080        27
24.090        40
24.100        27
24.110         0
24.120        27
24.130        67
24.140        40
24.150        40
24.160        40
24.170        53
24.180        13
24.190        13
24.200        53
24.210        13
24.220        27
24.230        13
24.240        53
24.250        27
24.260        53
24.270        53
24.280        67
24.290        13
24.300        53
24.310        67
24.320        53
24.330        13
24.340         0
24.350       107
24.360        40
24.370        80
24.380        53
24.390        53
24.400        27
24.410        53
24.420        40
24.430        67
24.440        40
24.450        93
24.460        13
24.470        27
24.480        53
24.490        40
24.500        27
24.510        53
24.520        53
24.530        53
24.540        40
24.550        53
24.560        53
24.570        80
24.580        53
24.590        53
24.600        40
24.610        80
24.620        27
24.630        27
24.640        67
24.650        53
24.660        53
24.670        27
24.680        53
24.690         0
24.700       107
24.710        40
24.720        40
24.730        80
24.740        80
24.750        40
24.760        80
24.770        80
24.780        40
24.790        40
24.800        40
24.810        40
24.820        67
24.830        67
24.840        40
24.850        40
24.860        27
24.870        40
24.880        13
24.890        67
24.900         0
24.910        40
24.920        67
24.930        27
24.940        80
24.950        40
24.960        27
24.970        27
24.980        27
24.990        27
25.000        67
25.010        40
25.020        27
25.030        93
25.040        40
25.050         0
25.060        40
25.070        53
25.080        27
25.090        67
25.100        27
25.110        53
25.120        40
25.130        53
25.140        53
25.150        27
25.160        40
25.170        53
25.180        40
25.190        27
25.200        27
25.210        27
25.220        13
25.230        27
25.240        27
25.250        13
25.260        13
25.270        93
25.280        53
25.290        67
25.300        80
25.310        27
25.320        40
25.330        27
25.340        93
25.350        53
25.360        27
25.370        13
25.380        40
25.390        67
25.400        27
25.410        40
25.420        40
25.430        67
25.440        40
25.450        53
25.460        53
25.470        80
25.480       107
25.490        67
25.500       107
25.510       107
25.520        40
25.530        93
25.540        80
25.550        80
25.560        93
25.570       133
25.580       120
25.590       173
25.600        80
25.610       160
25.620        40
25.630       200
25.640       213
25.650       173
25.660        67
25.670       347
25.680       280
25.690       347
25.700       227
25.710       253
25.720       360
25.730       293
25.740       453
25.750       506
25.760       560
25.770       440
25.780       533
25.790       560
25.800       440
25.810       440
25.820       520
25.830       466
25.840       426
25.850       307
25.860       333
25.870       293
25.880       213
25.890       253
25.900       213
25.910       173
25.920       200
25.930       253
25.940       107
25.950       120
25.960        80
25.970        40
25.980        40
25.990        40
26.000       120
26.010        13
26.020        93
26.030        13
26.040        80
26.050        40
26.060        27
26.070        67
26.080        53
26.090        40
26.100        13
26.110        53
26.120        67
26.130        93
26.140        67
26.150        40
26.160        27
26.170        40
26.180        40
26.190        67
26.200        27
26.210        27
26.220        53
26.230        27
26.240        67
26.250        40
26.260        40
26.270        40
26.280        27
26.290        13
26.300        40
26.310        40
26.320        13
26.330        27
26.340        80
26.350        13
26.360        53
26.370        27
26.380        27
26.390        13
26.400        27
26.410        67
26.420        27
26.430        27
26.440        27
26.450         0
26.460        40
26.470        53
26.480         0
26.490        27
26.500        13
26.510        27
26.520        13
26.530        27
26.540        67
26.550        27
26.560        53
26.570        67
26.580        53
26.590        40
26.600        80
26.610        13
26.620        13
26.630        53
26.640        13
26.650        40
26.660        93
26.670        40
26.680        13
26.690        27
26.700        27
26.710        80
26.720        67
26.730        27
26.740        27
26.750        67
26.760        27
26.770        53
26.780        13
26.790        67
26.800        53
26.810        27
26.820        53
26.830        27
26.840        27
26.850        13
26.860        67
26.870         0
26.880        13
26.890        93
26.900        40
26.910        27
26.920        80
26.930        67
26.940        67
26.950        67
26.960        40
26.970        13
26.980        27
26.990        27
27.000        27
27.010        27
27.020        13
27.030        67
27.040        13
27.050        27
27.060        13
27.070        27
27.080        53
27.090        27
27.100         0
27.110        53
27.120        13
27.130        40
27.140         0
27.150        53
27.160        13
27.170        27
27.180       120
27.190        13
27.200        27
27.210         0
27.220        67
27.230        93
27.240        27
27.250        67
27.260        40
27.270        13
27.280        40
27.290        27
27.300        53
27.310        53
27.320        13
27.330        53
27.340        13
27.350        27
27.360        13
27.370        40
27.380         0
27.390        27
27.400         0
27.410        80
27.420        27
27.430        80
27.440        53
27.450        13
27.460        13
27.470        27
27.480        13
27.490        53
27.500        27
27.510        40
27.520        27
27.530        27
27.540        40
27.550        27
27.560        27
27.570        53
27.580        27
27.590        40
27.600        40
27.610        27
27.620        67
27.630        27
27.640        40
27.650        67
27.660        67
27.670        93
27.680        27
27.690        53
27.700        93
27.710        27
27.720        53
27.730        53
27.740        27
27.750        53
27.760        80
27.770        67
27.780       107
27.790        27
27.800        27
27.810        93
27.820        40
27.830        53
27.840        40
27.850        27
27.860        40
27.870        27
27.880        40
27.890        40
27.900        13
27.910        53
27.920        40
27.930        27
27.940        67
27.950        13
27.960         0
27.970        53
27.980        80
27.990        67
28.000        40
28.010        27
28.020        13
28.030        67
28.040        93
28.050        67
28.060        13
28.070        40
28.080        53
28.090        13
28.100        53
28.110         0
28.120        67
28.130         0
28.140        40
28.150        67
28.160        13
28.170        40
28.180        27
28.190        13
28.200        67
28.210        13
28.220        67
28.230        40
28.240        27
28.250        80
28.260        27
28.270        40
28.280        13
28.290        40
28.300        40
28.310        67
28.320        27
28.330        53
28.340        13
28.350        27
28.360        27
28.370        80
28.380        40
28.390        53
28.400        53
28.410        13
28.420        27
28.430        27
28.440        40
28.450        13
28.460        40
28.470        40
28.480        80
28.490         0
28.500        53
28.510        67
28.520        40
28.530        80
28.540        53
28.550        27
28.560        53
28.570        67
28.580        80
28.590        67
28.600        53
28.610       173
28.620       187
28.630       147
28.640        67
28.650        67
28.660        53
28.670        67
28.680       120
28.690        67
28.700       107
28.710       120
28.720        67
28.730        93
28.740       133
28.750       107
28.760        53
28.770        53
28.780        40
28.790        40
28.800        67
28.810        67
28.820        40
28.830        40
28.840        40
28.850        40
28.860        80
28.870        40
28.880        67
28.890        40
28.900        13
28.910        67
28.920        93
28.930        27
28.940        27
28.950        27
28.960        40
28.970        80
28.980        53
28.990        53
29.000        27
29.010        40
29.020        67
29.030        53
29.040        53
29.050        40
29.060        40
29.070        67
29.080        40
29.090        93
29.100        53
29.110         0
29.120        13
29.130        53
29.140        67
29.150        53
29.160        13
29.170        27
29.180        67
29.190        53
29.200        53
29.210        27
29.220        67
29.230        53
29.240       107
29.250        40
29.260        80
29.270        67
29.280        53
29.290       133
29.300        80
29.310        93
29.320        80
29.330       160
29.340       133
29.350       147
29.360       173
29.370       200
29.380       160
29.390       347
29.400       160
29.410       253
29.420       227
29.430       307
29.440       413
29.450       360
29.460       520
29.470       626
29.480       560
29.490       706
29.500       773
29.510       786
29.520      1000
29.530       786
29.540      1066
29.550      1013
29.560       986
29.570      1000
29.580       973
29.590      1066
29.600      1053
29.610       906
29.620       893
29.630       880
29.640       693
29.650       653
29.660       560
29.670       493
29.680       546
29.690       493
29.700       280
29.710       293
29.720       387
29.730       213
29.740       160
29.750       147
29.760       160
29.770       133
29.780       107
29.790        93
29.800       147
29.810        67
29.820        67
29.830       133
29.840        67
29.850       107
29.860        40
29.870       107
29.880        80
29.890        67
29.900        40
29.910        67
29.920        27
29.930        80
29.940        27
29.950        27
29.960        40
29.970        80
29.980        27
29.990        27
30.000        13
30.010        80
30.020        40
30.030       107
30.040        40
30.050        53
30.060        13
30.070        13
30.080        13
30.090        80
30.100         0
30.110        40
30.120        27
30.130        53
30.140        27
30.150         0
30.160        27
30.170        40
30.180        40
30.190        80
30.200        53
30.210        40
30.220        80
30.230        40
30.240        53
30.250        93
30.260        27
30.270        67
30.280        80
30.290        40
30.300        80
30.310        93
30.320       160
30.330       107
30.340       120
30.350       253
30.360       160
30.370       173
30.380       227
30.390       227
30.400       200
30.410       213
30.420       280
30.430       413
30.440       267
30.450       307
30.460       333
30.470       293
30.480       253
30.490       373
30.500       240
30.510       293
30.520       200
30.530       267
30.540       133
30.550       173
30.560        93
30.570       133
30.580       227
30.590       107
30.600       133
30.610       173
30.620        80
30.630        93
30.640        40
30.650        93
30.660        13
30.670        40
30.680        13
30.690       107
30.700        27
30.710        67
30.720        67
30.730        27
30.740        13
30.750        27
30.760        27
30.770        40
30.780        80
30.790        27
30.800        27
30.810        27
30.820        80
30.830        40
30.840        40
30.850        13
30.860        40
30.870        80
30.880        40
30.890        13
30.900        53
30.910        27
30.920        40
30.930        27
30.940        27
30.950        40
30.960        27
30.970        27
30.980        40
30.990        13
31.000        40
31.010        13
31.020        27
31.030        40
31.040        53
31.050        27
31.060        27
31.070        27
31.080        27
31.090        53
31.100         0
31.110        40
31.120        40
31.130        67
31.140        13
31.150        27
31.160        27
31.170        13
31.180        13
31.190        27
31.200        27
31.210        27
31.220        27
31.230        40
31.240        40
31.250         0
31.260        27
31.270        13
31.280        27
31.290        13
31.300        27
31.310        40
31.320        27
31.330        40
31.340        13
31.350        40
31.360        27
31.370        40
31.380        40
31.390        40
31.400        67
31.410         0
31.420        40
31.430        27
31.440        53
31.450        27
31.460        40
31.470        27
31.480        13
31.490        40
31.500        53
31.510        27
31.520         0
31.530        13
31.540        27
31.550        53
31.560        13
31.570        13
31.580        13
31.590        13
31.600        27
31.610        27
31.620        13
31.630        27
31.640        13
31.650        80
31.660        40
31.670        67
31.680        80
31.690         0
31.700        27
31.710        53
31.720        53
31.730        27
31.740        40
31.750        13
31.760        40
31.770         0
31.780        53
31.790        13
31.800        53
31.810        40
31.820        13
31.830        53
31.840        40
31.850        40
31.860        27
31.870        67
31.880        80
31.890        53
31.900         0
31.910        67
31.920        13
31.930       107
31.940        93
31.950        67
31.960       107
31.970        93
31.980        93
31.990       120
32.000       160
32.010       147
32.020       133
32.030       253
32.040       160
32.050       227
32.060       347
32.070       213
32.080       347
32.090       320
32.100       333
32.110       600
32.120       400
32.130       413
32.140       387
32.150       440
32.160       426
32.170       280
32.180       413
32.190       333
32.200       466
32.210       240
32.220       240
32.230       320
32.240       213
32.250       227
32.260       147
32.270       120
32.280       160
32.290        80
32.300        93
32.310        67
32.320        53
32.330        67
32.340        67
32.350        67
32.360        40
32.370        67
32.380        40
32.390        93
32.400        53
32.410        53
32.420        67
32.430        13
32.440        13
32.450        40
32.460        27
32.470         0
32.480        53
32.490        67
32.500        13
32.510        13
32.520        27
32.530        27
32.540        13
32.550        13
32.560        53
32.570        40
32.580        53
32.590        27
32.600        27
32.610        40
32.620        27
32.630        40
32.640        53
32.650        53
32.660        40
32.670        13
32.680         0
32.690        13
32.700        13
32.710        67
32.720        27
32.730        27
32.740        27
32.750        13
32.760        40
32.770         0
32.780         0
32.790        13
32.800        40
32.810        40
32.820         0
32.830         0
32.840        40
32.850        40
32.860        13
32.870        27
32.880        13
32.890        27
32.900        67
32.910        13
32.920        27
32.930        13
32.940        53
32.950        13
32.960         0
32.970        27
32.980         0
32.990        67
33.000        40
33.010        53
33.020        13
33.030         0
33.040        13
33.050        40
33.060        40
33.070        27
33.080         0
33.090        13
33.100        40
33.110        13
33.120        13
33.130        40
33.140         0
33.150        27
33.160        27
33.170        27
33.180        40
33.190        27
33.200        13
33.210        13
33.220        27
33.230        13
33.240        13
33.250        27
33.260        13
33.270        40
33.280        13
33.290        40
33.300        27
33.310        27
33.320        53
33.330         0
33.340        40
33.350         0
33.360         0
33.370        27
33.380        40
33.390         0
33.400        13
33.410        40
33.420        27
33.430         0
33.440        27
33.450         0
33.460        27
33.470        13
33.480        40
33.490        27
33.500        27
33.510        40
33.520        13
33.530        13
33.540        13
33.550        13
33.560        13
33.570        27
33.580        27
33.590        13
33.600        40
33.610        27
33.620         0
33.630        13
33.640        27
33.650         0
33.660        27
33.670         0
33.680        80
33.690        13
33.700        13
33.710        13
33.720        53
33.730        13
33.740        27
33.750        27
33.760        13
33.770        13
33.780        27
33.790        40
33.800         0
33.810        27
33.820        40
33.830        67
33.840        13
33.850         0
33.860        27
33.870         0
33.880         0
33.890        13
33.900        40
33.910        27
33.920        13
33.930        13
33.940        13
33.950        27
33.960        53
33.970        67
33.980        40
33.990        40
34.000        27
34.010        27
34.020        13
34.030        13
34.040        27
34.050        53
34.060         0
34.070        13
34.080        27
34.090        27
34.100        40
34.110        13
34.120        13
34.130         0
34.140        40
34.150        27
34.160        40
34.170        13
34.180        27
34.190        40
34.200        80
34.210        13
34.220        13
34.230        53
34.240         0
34.250        27
34.260         0
34.270         0
34.280        27
34.290         0
34.300         0
34.310        27
34.320        80
34.330        13
34.340        13
34.350         0
34.360        27
34.370        13
34.380        13
34.390        53
34.400        27
34.410        13
34.420        13
34.430        13
34.440        27
34.450        27
34.460        13
34.470        67
34.480        13
34.490        13
34.500        40
34.510        53
34.520         0
34.530        13
34.540         0
34.550        27
34.560        13
34.570        13
34.580        40
34.590        13
34.600        13
34.610        27
34.620        27
34.630        27
34.640        40
34.650        27
34.660        13
34.670        80
34.680        13
34.690        13
34.700        27
34.710        40
34.720         0
34.730        53
34.740        27
34.750        27
34.760        27
34.770        27
34.780        40
34.790        80
34.800        40
34.810        13
34.820        27
34.830        13
34.840        13
34.850        40
34.860        13
34.870        40
34.880        27
34.890        27
34.900        40
34.910        27
34.920         0
34.930        13
34.940        13
34.950        13
34.960        40
34.970         0
34.980        13
34.990        40
35.000        40
35.010        27
35.020        40
35.030        40
35.040        27
35.050         0
35.060        27
35.070        40
35.080        13
35.090        13
35.100        40
35.110        13
35.120        13
35.130        27
35.140        27
35.150        40
35.160        40
35.170        13
35.180        67
35.190        40
35.200        13
35.210        40
35.220         0
35.230         0
35.240        27
35.250         0
35.260        13
35.270         0
35.280        40
35.290        67
35.300         0
35.310        13
35.320        40
35.330        40
35.340        13
35.350         0
35.360        53
35.370        40
35.380        40
35.390        67
35.400        40
35.410         0
35.420        27
35.430        53
35.440        13
35.450        13
35.460        27
35.470        67
35.480         0
35.490        13
35.500        27
35.510        40
35.520        13
35.530        67
35.540         0
35.550         0
35.560         0
35.570        53
35.580        53
35.590        40
35.600        40
35.610         0
35.620        40
35.630        27
35.640         0
35.650        40
35.660        13
35.670        40
35.680        53
35.690        13
35.700         0
35.710        40
35.720         0
35.730        13
35.740        67
35.750        27
35.760        27
35.770         0
35.780        13
35.790        27
35.800        27
35.810        13
35.820        13
35.830        27
35.840         0
35.850        53
35.860        13
35.870        67
35.880        40
35.890        13
35.900        40
35.910        13
35.920        13
35.930        13
35.940         0
35.950        13
35.960         0
35.970         0
35.980        40
35.990        13
36.000        13
36.010         0
36.020        13
36.030        53
36.040         0
36.050        13
36.060         0
36.070        27
36.080        13
36.090        40
36.100        40
36.110        40
36.120        13
36.130         0
36.140        13
36.150        27
36.160        13
36.170        53
36.180         0
36.190        40
36.200         0
36.210        13
36.220        13
36.230        27
36.240        40
36.250        27
36.260        40
36.270        40
36.280        40
36.290        13
36.300        27
36.310        40
36.320        53
36.330        13
36.340        13
36.350         0
36.360        13
36.370        27
36.380        13
36.390         0
36.400        13
36.410        27
36.420         0
36.430         0
36.440         0
36.450        13
36.460        27
36.470        13
36.480        13
36.490        27
36.500        13
36.510        27
36.520        27
36.530        27
36.540         0
36.550        53
36.560        13
36.570        13
36.580        13
36.590         0
36.600        27
36.610        27
36.620        13
36.630        27
36.640        27
36.650        27
36.660         0
36.670        13
36.680        13
36.690        13
36.700        13
36.710        27
36.720        13
36.730         0
36.740         0
36.750        27
36.760        13
36.770        27
36.780        13
36.790         0
36.800         0
36.810         0
36.820        27
36.830         0
36.840        13
36.850        27
36.860        13
36.870        40
36.880        27
36.890        27
36.900        13
36.910        13
36.920        27
36.930         0
36.940        27
36.950        53
36.960        13
36.970        13
36.980         0
36.990        27
37.000        40
37.010        27
37.020        53
37.030         0
37.040         0
37.050        13
37.060        13
37.070         0
37.080         0
37.090        13
37.100         0
37.110        13
37.120        27
37.130        13
37.140        40
37.150         0
37.160        53
37.170        80
37.180        40
37.190         0
37.200         0
37.210        13
37.220         0
37.230        27
37.240        53
37.250        40
37.260        27
37.270        27
37.280        13
37.290         0
37.300        40
37.310        27
37.320        40
37.330        40
37.340        27
37.350        53
37.360         0
37.370        13
37.380        13
37.390        67
37.400        13
37.410        13
37.420         0
37.430        13
37.440         0
37.450        40
37.460        13
37.470        40
37.480        27
37.490        13
37.500        27
37.510        40
37.520        13
37.530        27
37.540        13
37.550         0
37.560         0
37.570        13
37.580        13
37.590        13
37.600        40
37.610        13
37.620         0
37.630        13
37.640         0
37.650         0
37.660        40
37.670        13
37.680        27
37.690         0
37.700         0
37.710        27
37.720        27
37.730        53
37.740         0
37.750        13
37.760        27
37.770        27
37.780        13
37.790        53
37.800        27
37.810        27
37.820         0
37.830        13
37.840         0
37.850         0
37.860        40
37.870        27
37.880        27
37.890        13
37.900         0
37.910        13
37.920         0
37.930        27
37.940        40
37.950        53
37.960        13
37.970         0
37.980        40
37.990        27
38.000        13
38.010        40
38.020        67
38.030        13
38.040        53
38.050        27
38.060        40
38.070        40
38.080         0
38.090        13
38.100         0
38.110        13
38.120        53
38.130        40
38.140        27
38.150        13
38.160        53
38.170        40
38.180        40
38.190        27
38.200        27
38.210         0
38.220        40
38.230        13
38.240        13
38.250        27
38.260        13
38.270         0
38.280        53
38.290        40
38.300        13
38.310        13
38.320        13
38.330        13
38.340        27
38.350        53
38.360        13
38.370        27
38.380        53
38.390        27
38.400        13
38.410        40
38.420        13
38.430        40
38.440         0
38.450        27
38.460         0
38.470        40
38.480        27
38.490        27
38.500        40
38.510        67
38.520        27
38.530        13
38.540        27
38.550        40
38.560        13
38.570        27
38.580        13
38.590        40
38.600        13
38.610        13
38.620        13
38.630        40
38.640        13
38.650         0
38.660        27
38.670        40
38.680        40
38.690        27
38.700        40
38.710         0
38.720         0
38.730        27
38.740        27
38.750        13
38.760        40
38.770        13
38.780        40
38.790        27
38.800        40
38.810        67
38.820        53
38.830       107
38.840        53
38.850       120
38.860        27
38.870        67
38.880        40
38.890        80
38.900        40
38.910        80
38.920        53
38.930        53
38.940       107
38.950       107
38.960        80
38.970       120
38.980        80
38.990        67
39.000        67
39.010        40
39.020        67
39.030        40
39.040        67
39.050        27
39.060       107
39.070        13
39.080        40
39.090        40
39.100        27
39.110        27
39.120        40
39.130        40
39.140        27
39.150        13
39.160        53
39.170        27
39.180        13
39.190        13
39.200        13
39.210        27
39.220         0
39.230        53
39.240        27
39.250        27
39.260        27
39.270        27
39.280         0
39.290        13
39.300        40
39.310        27
39.320        27
39.330        13
39.340         0
39.350        27
39.360        40
39.370        40
39.380        13
39.390        13
39.400         0
39.410         0
39.420         0
39.430         0
39.440        13
39.450        13
39.460        67
39.470        40
39.480         0
39.490        27
39.500         0
39.510        13
39.520        27
39.530        13
39.540        53
39.550        53
39.560        53
39.570        27
39.580        53
39.590        13
39.600         0
39.610         0
39.620        13
39.630         0
39.640        27
39.650        27
39.660         0
39.670         0
39.680        40
39.690        27
39.700         0
39.710        40
39.720        27
39.730         0
39.740        13
39.750         0
39.760         0
39.770        13
39.780        27
39.790        27
39.800         0
39.810        13
39.820         0
39.830        53
39.840         0
39.850        27
39.860        27
39.870         0
39.880        27
39.890        13
39.900        27
39.910         0
39.920        27
39.930        13
39.940        27
39.950        27
39.960        40
39.970         0
39.980        13
39.990        40
40.000        80
40.010        13
40.020        13
40.030         0
40.040        53
40.050        27
40.060        13
40.070        27
40.080         0
40.090         0
40.100        53
40.110        13
40.120        27
40.130        13
40.140        27
40.150        13
40.160        13
40.170         0
40.180         0
40.190        53
40.200        27
40.210        27
40.220        27
40.230         0
40.240        13
40.250         0
40.260        53
40.270         0
40.280        40
40.290        40
40.300        27
40.310        27
40.320        13
40.330        27
40.340        13
40.350        27
40.360        53
40.370        13
40.380        40
40.390        13
40.400         0
40.410        27
40.420        13
40.430        13
40.440        53
40.450        40
40.460        13
40.470        40
40.480        13
40.490         0
40.500        27
40.510        40
40.520         0
40.530        27
40.540         0
40.550        40
40.560        27
40.570        27
40.580        13
40.590        13
40.600        13
40.610        40
40.620        13
40.630        40
40.640        13
40.650        67
40.660        40
40.670         0
40.680         0
40.690        40
40.700        27
40.710         0
40.720        13
40.730         0
40.740        40
40.750        27
40.760        27
40.770         0
40.780        27
40.790         0
40.800         0
40.810        13
40.820        40
40.830        27
40.840        13
40.850        27
40.860        27
40.870         0
40.880        13
40.890        13
40.900        13
40.910         0
40.920        40
40.930        40
40.940        13
40.950        27
40.960        40
40.970        27
40.980        40
40.990        13
41.000        13
41.010        27
41.020        80
41.030        40
41.040        40
41.050        80
41.060        40
41.070         0
41.080        13
41.090        13
41.100        53
41.110        13
41.120        40
41.130        80
41.140        13
41.150         0
41.160         0
41.170        13
41.180         0
41.190         0
41.200         0
41.210        27
41.220        27
41.230        13
41.240        27
41.250        53
41.260        13
41.270        40
41.280        13
41.290         0
41.300        13
41.310        13
41.320        13
41.330        13
41.340        27
41.350        27
41.360        27
41.370        13
41.380        53
41.390        13
41.400        40
41.410        13
41.420        40
41.430        40
41.440        40
41.450        40
41.460        27
41.470        13
41.480        27
41.490        27
41.500        27
41.510        27
41.520        27
41.530        27
41.540        40
41.550         0
41.560        53
41.570        27
41.580        13
41.590         0
41.600        13
41.610         0
41.620         0
41.630        13
41.640        27
41.650        27
41.660         0
41.670        40
41.680        27
41.690        13
41.700         0
41.710        13
41.720         0
41.730        27
41.740        13
41.750        13
41.760         0
41.770        40
41.780        27
41.790        13
41.800         0
41.810        27
41.820        40
41.830        27
41.840        27
41.850         0
41.860        13
41.870        27
41.880         0
41.890        27
41.900        13
41.910        27
41.920        27
41.930        13
41.940        53
41.950        27
41.960         0
41.970        27
41.980        80
41.990        13
42.000        13
42.010        27
42.020        40
42.030         0
42.040         0
42.050        40
42.060         0
42.070        13
42.080        27
42.090        27
42.100        40
42.110        40
42.120        40
42.130        40
42.140        27
42.150        53
42.160        40
42.170       173
42.180       120
42.190        53
42.200       120
42.210       107
42.220        67
42.230        67
42.240       147
42.250       133
42.260       107
42.270       107
42.280       160
42.290       160
42.300       133
42.310       107
42.320       160
42.330       200
42.340       133
42.350       173
42.360       173
42.370       160
42.380       133
42.390       147
42.400       107
42.410       120
42.420       147
42.430       107
42.440       160
42.450       107
42.460        80
42.470        80
42.480        13
42.490        27
42.500        67
42.510       107
42.520        40
42.530        40
42.540        40
42.550        40
42.560        27
42.570        27
42.580        13
42.590        40
42.600         0
42.610        27
42.620        40
42.630        27
42.640         0
42.650        27
42.660        27
42.670        27
42.680        27
42.690        40
42.700        27
42.710        27
42.720        27
42.730        27
42.740        40
42.750        27
42.760        13
42.770        27
42.780        27
42.790        13
42.800        40
42.810        40
42.820        27
42.830        13
42.840         0
42.850         0
42.860        13
42.870        53
42.880        40
42.890        40
42.900        13
42.910        27
42.920        13
42.930        40
42.940        13
42.950         0
42.960        13
42.970        53
42.980        53
42.990        53
43.000        13
43.010        13
43.020        27
43.030         0
43.040        67
43.050        13
43.060        13
43.070        13
43.080         0
43.090        27
43.100        67
43.110        13
43.120        40
43.130        13
43.140         0
43.150         0
43.160        53
43.170        40
43.180        13
43.190        27
43.200        40
43.210        27
43.220        13
43.230        27
43.240        13
43.250        53
43.260        27
43.270         0
43.280        40
43.290        53
43.300        27
43.310         0
43.320        13
43.330        13
43.340         0
43.350        53
43.360         0
43.370        13
43.380        40
43.390         0
43.400        13
43.410        13
43.420        53
43.430        27
43.440         0
43.450        13
43.460        27
43.470        40
43.480        27
43.490        27
43.500        13
43.510        53
43.520        80
43.530        67
43.540        67
43.550        80
43.560       107
43.570        13
43.580         0
43.590        93
43.600        53
43.610        53
43.620        40
43.630        13
43.640        80
43.650        27
43.660        40
43.670        27
43.680        13
43.690        40
43.700        53
43.710        27
43.720        93
43.730        80
43.740        40
43.750        13
43.760        13
43.770        13
43.780        40
43.790        27
43.800        13
43.810         0
43.820        53
43.830         0
43.840        67
43.850        27
43.860        53
43.870        40
43.880        27
43.890        53
43.900        53
43.910        27
43.920        27
43.930        53
43.940         0
43.950        53
43.960        40
43.970        13
43.980         0
43.990         0
44.000         0
44.010        13
44.020        27
44.030        13
44.040         0
44.050        40
44.060        53
44.070        40
44.080        27
44.090        13
44.100        27
44.110        13
44.120        27
44.130        27
44.140         0
44.150         0
44.160        27
44.170        27
44.180        13
44.190        13
44.200         0
44.210        67
44.220        13
44.230        67
44.240        67
44.250        27
44.260        13
44.270        40
44.280        27
44.290        40
44.300        40
44.310         0
44.320        27
44.330        13
44.340        27
44.350        27
44.360         0
44.370        27
44.380        13
44.390        27
44.400        27
44.410        13
44.420        13
44.430        27
44.440        27
44.450        13
44.460        40
44.470        13
44.480        13
44.490        13
44.500        13
44.510        13
44.520        40
44.530        40
44.540         0
44.550        27
44.560        27
44.570        40
44.580        40
44.590        40
44.600        40
44.610        27
44.620        27
44.630        27
44.640         0
44.650        53
44.660        40
44.670        13
44.680         0
44.690         0
44.700        27
44.710        40
44.720        13
44.730        27
44.740        67
44.750        27
44.760        13
44.770        13
44.780        13
44.790        13
44.800        67
44.810         0
44.820        27
44.830        27
44.840        27
44.850        27
44.860        13
44.870        13
44.880        13
44.890        13
44.900        40
44.910         0
44.920        27
44.930        13
44.940        27
44.950        13
44.960        40
44.970        13
44.980        40
44.990        40
45.000        13
45.010         0
45.020        13
45.030        13
45.040        13
45.050        40
45.060        40
45.070         0
45.080        53
45.090        27
45.100        53
45.110        13
45.120        40
45.130        27
45.140        40
45.150        40
45.160         0
45.170        13
45.180         0
45.190        40
45.200        67
45.210        40
45.220        13
45.230        53
45.240        40
45.250        53
45.260        27
45.270        13
45.280        40
45.290        27
45.300         0
45.310        13
45.320        80
45.330         0
45.340         0
45.350        13
45.360        13
45.370        13
45.380        13
45.390        40
45.400        27
45.410        67
45.420        67
45.430        27
45.440        27
45.450        13
45.460        27
45.470        13
45.480        53
45.490        27
45.500        40
45.510        53
45.520        53
45.530         0
45.540         0
45.550        13
45.560        40
45.570        40
45.580        13
45.590        53
45.600        40
45.610        27
45.620         0
45.630         0
45.640        40
45.650        40
45.660         0
45.670        40
45.680        27
45.690        40
45.700        67
45.710        53
45.720         0
45.730        40
45.740        27
45.750        13
45.760        13
45.770        40
45.780        27
45.790        53
45.800        93
45.810        80
45.820        53
45.830        53
45.840       187
45.850       107
45.860       120
45.870       187
45.880        40
45.890       160
45.900       227
45.910       147
45.920       267
45.930       333
45.940       293
45.950       387
45.960       293
45.970       533
45.980       307
45.990       466
46.000       480
46.010       520
46.020       506
46.030       720
46.040       640
46.050       586
46.060       666
46.070       733
46.080       680
46.090       720
46.100       866
46.110       600
46.120       560
46.130       733
46.140       666
46.150       440
46.160       586
46.170       307
46.180       560
46.190       453
46.200       360
46.210       360
46.220       493
46.230       267
46.240       280
46.250       373
46.260       293
46.270       160
46.280       160
46.290       293
46.300       160
46.310       200
46.320       107
46.330       160
46.340       160
46.350        80
46.360        40
46.370        80
46.380       107
46.390        40
46.400       107
46.410        67
46.420        27
46.430       120
46.440       120
46.450        80
46.460        80
46.470        40
46.480        67
46.490        53
46.500        40
46.510        27
46.520        40
46.530        67
46.540        27
46.550        80
46.560        80
46.570        53
46.580        80
46.590        40
46.600         0
46.610        67
46.620        80
46.630        80
46.640        53
46.650       107
46.660        13
46.670       133
46.680        40
46.690        27
46.700        80
46.710       107
46.720        53
46.730        80
46.740        27
46.750        80
46.760        67
46.770        67
46.780        40
46.790        67
46.800        67
46.810        80
46.820         0
46.830        27
46.840        40
46.850        27
46.860        13
46.870        27
46.880        27
46.890        40
46.900        40
46.910        27
46.920        40
46.930        27
46.940        27
46.950        13
46.960        27
46.970         0
46.980        27
46.990        80
47.000        13
47.010         0
47.020        53
47.030        27
47.040         0
47.050        27
47.060        40
47.070         0
47.080        13
47.090        40
47.100        27
47.110        27
47.120        40
47.130        27
47.140        53
47.150        27
47.160        27
47.170        13
47.180        27
47.190        13
47.200         0
47.210         0
47.220        27
47.230        40
47.240        80
47.250        27
47.260        67
47.270        27
47.280        13
47.290        27
47.300         0
47.310        13
47.320        13
47.330        67
47.340        27
47.350        40
47.360        40
47.370        40
47.380        13
47.390        53
47.400        53
47.410        13
47.420        13
47.430        80
47.440        40
47.450        13
47.460        13
47.470        80
47.480        27
47.490        13
47.500         0
47.510        53
47.520        27
47.530        27
47.540         0
47.550         0
47.560        40
47.570        53
47.580        27
47.590         0
47.600        40
47.610         0
47.620        80
47.630        27
47.640         0
47.650        40
47.660        13
47.670        53
47.680        80
47.690        13
47.700        27
47.710        40
47.720         0
47.730        13
47.740        27
47.750         0
47.760        40
47.770        40
47.780        40
47.790         0
47.800        13
47.810        13
47.820        27
47.830        13
47.840        27
47.850         0
47.860         0
47.870        13
47.880        13
47.890        27
47.900        13
47.910        53
47.920        13
47.930        13
47.940        27
47.950        27
47.960         0
47.970         0
47.980        13
47.990         0
48.000        27
48.010        27
48.020        53
48.030        13
48.040         0
48.050        40
48.060         0
48.070        13
48.080        13
48.090        53
48.100        27
48.110        13
48.120        40
48.130        27
48.140        40
48.150        27
48.160        13
48.170        13
48.180        27
48.190        13
48.200        13
48.210        13
48.220        13
48.230        40
48.240        40
48.250        13
48.260        53
48.270        53
48.280        13
48.290        40
48.300         0
48.310        40
48.320        27
48.330        27
48.340        40
48.350        40
48.360        27
48.370        40
48.380        53
48.390         0
48.400         0
48.410        27
48.420        27
48.430        53
48.440        13
48.450        27
48.460        53
48.470        13
48.480        53
48.490        27
48.500        27
48.510        40
48.520        67
48.530        40
48.540        40
48.550        67
48.560         0
48.570         0
48.580        40
48.590        27
48.600         0
48.610        27
48.620         0
48.630        13
48.640        13
48.650        40
48.660        40
48.670        27
48.680        27
48.690        27
48.700        13
48.710        13
48.720        40
48.730        27
48.740        40
48.750        27
48.760        53
48.770        40
48.780        53
48.790         0
48.800        67
48.810        40
48.820        93
48.830        40
48.840        27
48.850        53
48.860        53
48.870       107
48.880        27
48.890        53
48.900        80
48.910        53
48.920        80
48.930        67
48.940       120
48.950        80
48.960       120
48.970       160
48.980       160
48.990       160
49.000       173
49.010       147
49.020       187
49.030       200
49.040       160
49.050       173
49.060       213
49.070       227
49.080       200
49.090       160
49.100       147
49.110       160
49.120       160
49.130       160
49.140       173
49.150       107
49.160       213
49.170       173
49.180       107
49.190        93
49.200       107
49.210        67
49.220       107
49.230        80
49.240        80
49.250        80
49.260        93
49.270       107
49.280       107
49.290        40
49.300        53
49.310        40
49.320        40
49.330        80
49.340        40
49.350        13
49.360        80
49.370        53
49.380        40
49.390        80
49.400        53
49.410        27
49.420        40
49.430         0
49.440        53
49.450        53
49.460        53
49.470        13
49.480        80
49.490        53
49.500        67
49.510        27
49.520        40
49.530        13
49.540        40
49.550        40
49.560         0
49.570        27
49.580        13
49.590        13
49.600        67
49.610        13
49.620         0
49.630        40
49.640        13
49.650        40
49.660         0
49.670         0
49.680        13
49.690        40
49.700        13
49.710        27
49.720        40
49.730        27
49.740        13
49.750         0
49.760        40
49.770         0
49.780        27
49.790         0
49.800        13
49.810         0
49.820        80
49.830        40
49.840        40
49.850        13
49.860        27
49.870        40
49.880        40
49.890         0
49.900         0
49.910        13
49.920        40
49.930        13
49.940        40
49.950        13
49.960        13
49.970        53
49.980         0
49.990        13
50.000        13
50.010        13
50.020        27
50.030        27
50.040        27
50.050        13
50.060        13
50.070         0
50.080        27
50.090        40
50.100        27
50.110        40
50.120        27
50.130         0
50.140         0
50.150        13
50.160        40
50.170        13
50.180         0
50.190        67
50.200        13
50.210        67
50.220        27
50.230        27
50.240        40
50.250         0
50.260         0
50.270        27
50.280        27
50.290         0
50.300        13
50.310        27
50.320        13
50.330        27
50.340        40
50.350        40
50.360        13
50.370        13
50.380        13
50.390        27
50.400        27
50.410         0
50.420        13
50.430        27
50.440        27
50.450        40
50.460        13
50.470        40
50.480         0
50.490        67
50.500        53
50.510        13
50.520        13
50.530        13
50.540        40
50.550        27
50.560        13
50.570         0
50.580        13
50.590        13
50.600        27
50.610        27
50.620        13
50.630        13
50.640        40
50.650         0
50.660         0
50.670        13
50.680         0
50.690        40
50.700        27
50.710        40
50.720        13
50.730        27
50.740        13
50.750        27
50.760        67
50.770         0
50.780        40
50.790        27
50.800        27
50.810        40
50.820        13
50.830        27
50.840         0
50.850        13
50.860        27
50.870        27
50.880        27
50.890         0
50.900        53
50.910        40
50.920        13
50.930        13
50.940        27
50.950        53
50.960        40
50.970         0
50.980        13
50.990        27
51.000        40
51.010        40
51.020        13
51.030        27
51.040        53
51.050        13
51.060        53
51.070        27
51.080        13
51.090        67
51.100        13
51.110        13
51.120        27
51.130        40
51.140         0
51.150        13
51.160         0
51.170        67
51.180        27
51.190        27
51.200        27
51.210        27
51.220        27
51.230        27
51.240        53
51.250        13
51.260        53
51.270        40
51.280        40
51.290        40
51.300        13
51.310        40
51.320        13
51.330        13
51.340         0
51.350        13
51.360        27
51.370        27
51.380        67
51.390        40
51.400        27
51.410        27
51.420        67
51.430        13
51.440        40
51.450        13
51.460        40
51.470        13
51.480        40
51.490        13
51.500        13
51.510        40
51.520        53
51.530        53
51.540        40
51.550        27
51.560        27
51.570        27
51.580        13
51.590         0
51.600        27
51.610        53
51.620        40
51.630        93
51.640        53
51.650        93
51.660        80
51.670       107
51.680        67
51.690        80
51.700        67
51.710        80
51.720       120
51.730       160
51.740       107
51.750        67
51.760       240
51.770       147
51.780       173
51.790       240
51.800       200
51.810       200
51.820       227
51.830       280
51.840       227
51.850       227
51.860       320
51.870       213
51.880       293
51.890       280
51.900       267
51.910       280
51.920       280
51.930       333
51.940       307
51.950       253
51.960       253
51.970       307
51.980       267
51.990       267
52.000       173
52.010       293
52.020       240
52.030       200
52.040       253
52.050       120
52.060       133
52.070       200
52.080       173
52.090       173
52.100       133
52.110        67
52.120       107
52.130       107
52.140       120
52.150       160
52.160        53
52.170        53
52.180        80
52.190        67
52.200        40
52.210        67
52.220        80
52.230        80
52.240        40
52.250       120
52.260        80
52.270        40
52.280        40
52.290        27
52.300        67
52.310        27
52.320        40
52.330        40
52.340        67
52.350        80
52.360        67
52.370        93
52.380        53
52.390        27
52.400        80
52.410        27
52.420        67
52.430        67
52.440        27
52.450        67
52.460        40
52.470        40
52.480        40
52.490        93
52.500        67
52.510        27
52.520        80
52.530        80
52.540        40
52.550        27
52.560        53
52.570         0
52.580        80
52.590        40
52.600        13
52.610        27
52.620        67
52.630       120
52.640        80
52.650        80
52.660       107
52.670        53
52.680        53
52.690        80
52.700        80
52.710        40
52.720        27
52.730        40
52.740        80
52.750        67
52.760        40
52.770        13
52.780        40
52.790        80
52.800        27
52.810        67
52.820        67
52.830        40
52.840        13
52.850         0
52.860        27
52.870        67
52.880        27
52.890        40
52.900        40
52.910        27
52.920        40
52.930         0
52.940        40
52.950        40
52.960        13
52.970        13
52.980        27
52.990        53
53.000        40
53.010        80
53.020        27
53.030        13
53.040        27
53.050        80
53.060        40
53.070        27
53.080        40
53.090        27
53.100        53
53.110        27
53.120        53
53.130        67
53.140        27
53.150        40
53.160        27
53.170        27
53.180        27
53.190        53
53.200        13
53.210        27
53.220        27
53.230        27
53.240        40
53.250        13
53.260         0
53.270        53
53.280        40
53.290        40
53.300        27
53.310        13
53.320         0
53.330        13
53.340        53
53.350        13
53.360        13
53.370        40
53.380        67
53.390        40
53.400        13
53.410        27
53.420        40
53.430        13
53.440         0
53.450        13
53.460        13
53.470       107
53.480        93
53.490        40
53.500        40
53.510        80
53.520        67
53.530        40
53.540        40
53.550        80
53.560        67
53.570        13
53.580        27
53.590        40
53.600        53
53.610        53
53.620        40
53.630        27
53.640        67
53.650        53
53.660        27
53.670        67
53.680        13
53.690        67
53.700        27
53.710        27
53.720        13
53.730        40
53.740        40
53.750        40
53.760        67
53.770        80
53.780        80
53.790        27
53.800        40
53.810         0
53.820         0
53.830        13
53.840        53
53.850        13
53.860         0
53.870        40
53.880         0
53.890        27
53.900        40
53.910        27
53.920        27
53.930        13
53.940        40
53.950        27
53.960        13
53.970        53
53.980        40
53.990        27
54.000        67
54.010        13
54.020        53
54.030        40
54.040        13
54.050        13
54.060        27
54.070        13
54.080        27
54.090        13
54.100         0
54.110         0
54.120        13
54.130        13
54.140        13
54.150         0
54.160        13
54.170        67
54.180        13
54.190        27
54.200         0
54.210         0
54.220        13
54.230        27
54.240        27
54.250        13
54.260        27
54.270        40
54.280        13
54.290         0
54.300        27
54.310        53
54.320        27
54.330        27
54.340        13
54.350        13
54.360        40
54.370         0
54.380        27
54.390        27
54.400        53
54.410        27
54.420        40
54.430         0
54.440         0
54.450        13
54.460        27
54.470        13
54.480        40
54.490        27
54.500        27
54.510        53
54.520        40
54.530        13
54.540         0
54.550        27
54.560        27
54.570        27
54.580        27
54.590        40
54.600        13
54.610        80
54.620        13
54.630        27
54.640        53
54.650        27
54.660        13
54.670         0
54.680        13
54.690         0
54.700        13
54.710         0
54.720        27
54.730        40
54.740        40
54.750        13
54.760        13
54.770        27
54.780        27
54.790         0
54.800        13
54.810        53
54.820        67
54.830        13
54.840        40
54.850        13
54.860        13
54.870        13
54.880        27
54.890        27
54.900        13
54.910        40
54.920        27
54.930        13
54.940        13
54.950        13
54.960        13
54.970        13
54.980        13
54.990        13
55.000        13
55.010        13
55.020        27
55.030        13
55.040        13
55.050        27
55.060        40
55.070         0
55.080        13
55.090        27
55.100        13
55.110        27
55.120        13
55.130        53
55.140        13
55.150        27
55.160         0
55.170        13
55.180        40
55.190         0
55.200        27
55.210        27
55.220        27
55.230        13
55.240        27
55.250        80
55.260        13
55.270        40
55.280        13
55.290         0
55.300        27
55.310        27
55.320         0
55.330        40
55.340        27
55.350        27
55.360         0
55.370        13
55.380        13
55.390        67
55.400         0
55.410        40
55.420        13
55.430        13
55.440        80
55.450        27
55.460        27
55.470        13
55.480        27
55.490         0
55.500         0
55.510         0
55.520         0
55.530        13
55.540        40
55.550        27
55.560        13
55.570        27
55.580        53
55.590        27
55.600        27
55.610        67
55.620        53
55.630         0
55.640        13
55.650        13
55.660        13
55.670        40
55.680        27
55.690        40
55.700        27
55.710        13
55.720        27
55.730        67
55.740        13
55.750        67
55.760        13
55.770        27
55.780         0
55.790        27
55.800        27
55.810        27
55.820        27
55.830        27
55.840        27
55.850        53
55.860        40
55.870        13
55.880        27
55.890         0
55.900        40
55.910        40
55.920        53
55.930        27
55.940         0
55.950        53
55.960        27
55.970        40
55.980        27
55.990         0
56.000         0
56.010        40
56.020        27
56.030        27
56.040        27
56.050        13
56.060        40
56.070         0
56.080        27
56.090        40
56.100         0
56.110        13
56.120        53
56.130        27
56.140        13
56.150         0
56.160        27
56.170        13
56.180        27
56.190        53
56.200        27
56.210        40
56.220        40
56.230        27
56.240        13
56.250        40
56.260        80
56.270        13
56.280        40
56.290        27
56.300         0
56.310        27
56.320        27
56.330        40
56.340        40
56.350        13
56.360        13
56.370        40
56.380        27
56.390        40
56.400        13
56.410        27
56.420        40
56.430        27
56.440        27
56.450        27
56.460        27
56.470         0
56.480        27
56.490        13
56.500        13
56.510        27
56.520         0
56.530        27
56.540        40
56.550        27
56.560        27
56.570        67
56.580        13
56.590        40
56.600        13
56.610        13
56.620        13
56.630         0
56.640        13
56.650        27
56.660         0
56.670        13
56.680         0
56.690         0
56.700         0
56.710        40
56.720        27
56.730        13
56.740        40
56.750        13
56.760        27
56.770        13
56.780        40
56.790         0
56.800        53
56.810        27
56.820        40
56.830        27
56.840         0
56.850        13
56.860        67
56.870         0
56.880        40
56.890        13
56.900        13
56.910         0
56.920        40
56.930        13
56.940        13
56.950        13
56.960        13
56.970         0
56.980         0
56.990        13
57.000        13
57.010        27
57.020        13
57.030         0
57.040        67
57.050        13
57.060         0
57.070         0
57.080        13
57.090         0
57.100        13
57.110        13
57.120        13
57.130        13
57.140         0
57.150        27
57.160        13
57.170        27
57.180        27
57.190        40
57.200        13
57.210        13
57.220        27
57.230        40
57.240        40
57.250        27
57.260        53
57.270        27
57.280        53
57.290        40
57.300        13
57.310        67
57.320        53
57.330        80
57.340        27
57.350        13
57.360        40
57.370        80
57.380        40
57.390        40
57.400        27
57.410        27
57.420        13
57.430         0
57.440         0
57.450        40
57.460        13
57.470        13
57.480        27
57.490        67
57.500        27
57.510        27
57.520        40
57.530        40
57.540        27
57.550        40
57.560        13
57.570        13
57.580         0
57.590        27
57.600         0
57.610         0
57.620        27
57.630        13
57.640        27
57.650        27
57.660        27
57.670        53
57.680         0
57.690        40
57.700        40
57.710        27
57.720        67
57.730        27
57.740         0
57.750        40
57.760        13
57.770         0
57.780        13
57.790        53
57.800        13
57.810        53
57.820        27
57.830        40
57.840        27
57.850        13
57.860        13
57.870        13
57.880        13
57.890        13
57.900        27
57.910        40
57.920        27
57.930        53
57.940        13
57.950        27
57.960        13
57.970         0
57.980        13
57.990        40
58.000        27
58.010         0
58.020        13
58.030        40
58.040         0
58.050        27
58.060         0
58.070         0
58.080        40
58.090        13
58.100        27
58.110        27
58.120        27
58.130         0
58.140        13
58.150        13
58.160        53
58.170        40
58.180         0
58.190        27
58.200        13
58.210         0
58.220        13
58.230        27
58.240        40
58.250         0
58.260        40
58.270        27
58.280        27
58.290        40
58.300        40
58.310        13
58.320         0
58.330        53
58.340        13
58.350        27
58.360        53
58.370         0
58.380        27
58.390        13
58.400        40
58.410         0
58.420        27
58.430        40
58.440        13
58.450         0
58.460        27
58.470        13
58.480        13
58.490        40
58.500        27
58.510        40
58.520        40
58.530        27
58.540         0
58.550        40
58.560        27
58.570        40
58.580        13
58.590        13
58.600        27
58.610        13
58.620        13
58.630         0
58.640         0
58.650         0
58.660         0
58.670         0
58.680        13
58.690        13
58.700        27
58.710         0
58.720        27
58.730        13
58.740        13
58.750         0
58.760        40
58.770        40
58.780        13
58.790        13
58.800        40
58.810        27
58.820         0
58.830         0
58.840         0
58.850         0
58.860        13
58.870         0
58.880         0
58.890        13
58.900        27
58.910         0
58.920         0
58.930         0
58.940         0
58.950        27
58.960        27
58.970        13
58.980        13
58.990         0
59.000        13
59.010        13
59.020        27
59.030        13
59.040        27
59.050         0
59.060        13
59.070        13
59.080         0
59.090        13
59.100         0
59.110        27
59.120        27
59.130        40
59.140        53
59.150        67
59.160        13
59.170        27
59.180        13
59.190        13
59.200        27
59.210         0
59.220        13
59.230         0
59.240        53
59.250        67
59.260         0
59.270        27
59.280        27
59.290        13
59.300        27
59.310         0
59.320        40
59.330        27
59.340         0
59.350        80
59.360        13
59.370        27
59.380        40
59.390        27
59.400        13
59.410        13
59.420        67
59.430        40
59.440        13
59.450        40
59.460        27
59.470        13
59.480        40
59.490        27
59.500        27
59.510        13
59.520        13
59.530        13
59.540        40
59.550        40
59.560         0
59.570        53
59.580        13
59.590        13
59.600        27
59.610        40
59.620        40
59.630        27
59.640        40
59.650        13
59.660        53
59.670        53
59.680        13
59.690        40
59.700        13
59.710        53
59.720        27
59.730         0
59.740        53
59.750        53
59.760         0
59.770        13
59.780        27
59.790        40
59.800        40
59.810        27
59.820        67
59.830        27
59.840        40
59.850        40
59.860        80
59.870        27
59.880        13
59.890        27
59.900        13
59.910        27
59.920        40
59.930        40
59.940        13
59.950        13
59.960        13
59.970        40
59.980        53
59.990         0
60.000         0
