20.000        60
20.010        53
20.020        47
20.030        20
20.040        53
20.050        60
20.060        40
20.070        47
20.080        80
20.090        73
20.100        40
20.110        33
20.120        20
20.130        47
20.140        27
20.150        33
20.160        40
20.170        40
20.180        33
20.190        27
20.200        60
20.210        60
20.220        40
20.230        47
20.240        47
20.250        53
20.260        40
20.270        67
20.280        53
20.290        33
20.300        47
20.310        27
20.320        20
20.330        27
20.340        53
20.350        47
20.360        60
20.370        33
20.380        60
20.390        53
20.400        53
20.410        47
20.420        47
20.430        47
20.440        33
20.450        13
20.460        47
20.470        73
20.480        13
20.490        47
20.500        33
20.510        33
20.520        47
20.530        33
20.540        60
20.550        67
20.560        40
20.570        13
20.580        20
20.590        33
20.600        40
20.610        40
20.620        27
20.630        20
20.640        33
20.650        40
20.660        20
20.670        60
20.680        67
20.690        33
20.700        47
20.710        40
20.720        53
20.730        20
20.740        40
20.750        33
20.760        20
20.770        53
20.780        20
20.790        27
20.800        40
20.810        67
20.820        27
20.830        40
20.840        33
20.850        53
20.860        60
20.870        87
20.880        27
20.890        27
20.900        53
20.910        13
20.920        53
20.930        40
20.940        27
20.950        53
20.960        33
20.970        73
20.980        47
20.990        47
21.000        33
21.010        53
21.020        40
21.030        53
21.040        27
21.050        13
21.060        47
21.070        67
21.080        27
21.090        33
21.100        33
21.110        60
21.120        40
21.130        47
21.140        33
21.150        47
21.160        47
21.170        40
21.180        33
21.190        87
21.200        33
21.210        27
21.220        47
21.230        20
21.240        27
21.250        27
21.260        47
21.270        27
21.280        40
21.290        53
21.300        27
21.310        47
21.320        27
21.330        27
21.340        40
21.350        40
21.360        40
21.370         7
21.380        80
21.390        73
21.400        13
21.410        40
21.420        53
21.430        33
21.440        20
21.450        60
21.460        40
21.470        67
21.480        40
21.490        47
21.500        53
21.510        47
21.520        53
21.530        13
21.540        27
21.550        47
21.560        40
21.570        27
21.580        60
21.590        13
21.600        40
21.610        47
21.620        53
21.630        20
21.640        27
21.650        33
21.660        47
21.670        13
21.680        27
21.690        53
21.700        60
21.710        47
21.720        33
21.730        20
21.740        47
21.750        27
21.760        27
21.770        40
21.780        33
21.790        20
21.800        47
21.810        67
21.820        40
21.830        47
21.840        13
21.850        40
21.860        33
21.870        20
21.880        20
21.890        27
21.900        53
21.910        60
21.920        20
21.930        40
21.940        40
21.950        27
21.960        13
21.970        27
21.980        73
21.990         7
22.000        40
22.010        80
22.020        47
22.030        73
22.040        33
22.050        53
22.060        60
22.070        60
22.080        53
22.090        60
22.100        20
22.110        13
22.120        33
22.130        47
22.140        33
22.150        33
22.160        40
22.170        47
22.180        40
22.190        47
22.200        67
22.210        47
22.220        40
22.230        40
22.240        47
22.250        40
22.260        73
22.270        20
22.280        47
22.290        73
22.300        87
22.310        73
22.320        67
22.330        60
22.340        33
22.350        60
22.360        80
22.370        73
22.380        80
22.390        73
22.400        67
22.410        87
22.420        67
22.430        67
22.440        80
22.450        73
22.460       100
22.470       100
22.480        87
22.490        93
22.500       140
22.510       120
22.520       113
22.530        93
22.540       107
22.550       140
22.560       107
22.570       127
22.580        80
22.590       127
22.600       120
22.610        80
22.620       113
22.630       120
22.640        73
22.650       147
22.660       107
22.670       127
22.680        80
22.690       107
22.700       127
22.710        67
22.720       133
22.730        67
22.740        80
22.750        60
22.760        87
22.770       127
22.780        73
22.790        80
22.800        53
22.810        53
22.820        73
22.830        47
22.840       160
22.850        87
22.860        60
22.870        73
22.880        73
22.890        67
22.900        27
22.910        47
22.920        60
22.930        47
22.940        60
22.950        80
22.960        80
22.970        53
22.980        53
22.990        47
23.000        33
23.010        80
23.020        87
23.030        53
23.040        60
23.050        80
23.060        40
23.070        47
23.080        40
23.090        80
23.100        40
23.110        33
23.120        60
23.130        67
23.140        40
23.150        20
23.160        27
23.170        27
23.180        47
23.190        73
23.200        20
23.210        13
23.220        20
23.230        40
23.240        53
23.250        73
23.260        47
23.270        47
23.280        53
23.290        60
23.300        67
23.310        67
23.320         7
23.330        27
23.340        27
23.350        40
23.360        53
23.370         7
23.380        47
23.390        60
23.400        73
23.410        40
23.420        53
23.430        27
23.440        20
23.450        47
23.460        47
23.470        20
23.480         7
23.490        40
23.500        40
23.510        47
23.520        20
23.530        40
23.540        47
23.550        40
23.560        47
23.570        33
23.580        20
23.590        47
23.600        40
23.610        47
23.620         0
23.630        27
23.640        40
23.650        20
23.660        20
23.670        73
23.680        40
23.690        40
23.700        73
23.710        93
23.720        27
23.730        33
23.740        40
23.750        40
23.760         0
23.770        40
23.780        13
23.790        53
23.800        47
23.810        20
23.820        20
23.830        47
23.840        53
23.850        40
23.860        40
23.870        20
23.880        33
23.890        20
23.900        40
23.910        60
23.920        27
23.930        40
23.940        33
23.950        40
23.960        47
23.970        33
23.980        60
23.990        47
24.000         7
24.010        27
24.020        53
24.030        40
24.040        33
24.050        47
24.060        67
24.070        73
24.080        33
24.090        33
24.100        13
24.110        27
24.120        27
24.130        13
24.140        53
24.150        27
24.160        33
24.170        33
24.180        67
24.190        27
24.200        33
24.210        47
24.220        20
24.230         7
24.240        60
24.250        27
24.260        27
24.270        27
24.280        47
24.290        40
24.300        47
24.310        27
24.320        33
24.330        60
24.340        27
24.350        27
24.360        40
24.370        27
24.380        47
24.390        27
24.400        33
24.410        47
24.420        47
24.430        33
24.440        13
24.450        40
24.460        33
24.470        53
24.480        60
24.490        20
24.500        27
24.510        53
24.520        13
24.530        27
24.540        33
24.550        13
24.560        27
24.570        20
24.580        40
24.590        40
24.600        53
24.610        47
24.620        60
24.630        27
24.640        27
24.650        60
24.660        13
24.670        53
24.680        47
24.690         7
24.700        53
24.710        47
24.720        27
24.730        40
24.740        20
24.750        20
24.760        47
24.770        47
24.780        40
24.790        53
24.800        33
24.810        47
24.820        40
24.830        40
24.840        33
24.850        27
24.860        27
24.870        27
24.880        60
24.890        27
24.900        27
24.910        27
24.920        40
24.930        67
24.940        47
24.950        47
24.960        20
24.970        40
24.980        60
24.990        40
25.000        40
25.010        47
25.020        67
25.030        33
25.040        27
25.050        33
25.060        60
25.070        40
25.080        13
25.090        60
25.100        40
25.110        40
25.120        20
25.130        20
25.140        33
25.150        33
25.160        33
25.170        27
25.180        33
25.190        13
25.200        33
25.210        53
25.220         7
25.230        20
25.240        33
25.250        33
25.260        47
25.270        20
25.280        33
25.290        60
25.300        13
25.310        53
25.320        47
25.330        27
25.340        13
25.350        87
25.360        20
25.370        27
25.380        53
25.390        33
25.400        27
25.410        40
25.420        53
25.430        47
25.440        53
25.450        80
25.460        67
25.470        53
25.480        60
25.490        67
25.500        60
25.510        73
25.520        93
25.530       100
25.540        47
25.550        40
25.560        67
25.570        27
25.580        20
25.590        27
25.600        47
25.610        47
25.620        60
25.630        40
25.640        13
25.650        33
25.660        13
25.670         0
25.680        13
25.690        27
25.700        40
25.710        20
25.720        33
25.730        13
25.740        27
25.750        40
25.760        33
25.770        20
25.780        33
25.790        60
25.800        60
25.810        67
25.820        53
25.830        20
25.840        27
25.850        13
25.860        60
25.870        20
25.880        33
25.890        20
25.900        27
25.910        33
25.920        13
25.930        33
25.940        20
25.950        27
25.960        53
25.970        40
25.980        47
25.990        33
26.000        53
26.010        13
26.020        27
26.030        67
26.040        33
26.050        13
26.060        27
26.070        27
26.080        60
26.090        20
26.100        27
26.110         0
26.120        33
26.130        13
26.140        27
26.150        20
26.160        33
26.170        27
26.180        20
26.190        53
26.200        40
26.210        20
26.220         7
26.230        27
26.240        27
26.250        33
26.260        53
26.270        27
26.280        33
26.290        13
26.300        33
26.310        20
26.320        13
26.330        27
26.340        60
26.350        13
26.360        40
26.370        27
26.380        53
26.390        13
26.400        67
26.410        20
26.420        20
26.430        20
26.440        60
26.450        47
26.460        33
26.470        27
26.480        33
26.490        40
26.500        40
26.510        13
26.520        13
26.530        20
26.540        13
26.550        27
26.560        33
26.570        13
26.580        27
26.590        20
26.600        40
26.610        33
26.620        40
26.630        20
26.640        20
26.650        13
26.660        20
26.670        20
26.680        40
26.690        73
26.700        53
26.710        33
26.720        33
26.730        20
26.740         7
26.750        40
26.760        13
26.770        40
26.780        20
26.790         7
26.800        13
26.810        27
26.820        27
26.830        13
26.840         7
26.850        47
26.860        33
26.870        27
26.880        33
26.890        60
26.900        40
26.910        13
26.920        33
26.930        27
26.940        33
26.950        27
26.960        53
26.970        53
26.980        27
26.990        67
27.000        27
27.010        13
27.020        27
27.030        13
27.040        40
27.050        33
27.060        47
27.070        13
27.080        53
27.090        53
27.100        40
27.110        27
27.120        27
27.130        47
27.140        27
27.150        60
27.160         7
27.170        53
27.180        40
27.190        27
27.200        33
27.210        33
27.220        13
27.230        33
27.240        13
27.250        20
27.260        40
27.270        13
27.280        27
27.290        27
27.300        27
27.310        40
27.320        20
27.330        20
27.340        33
27.350         7
27.360        40
27.370        53
27.380        13
27.390        33
27.400        53
27.410        27
27.420        33
27.430        27
27.440        27
27.450        27
27.460         7
27.470        27
27.480        33
27.490        40
27.500        27
27.510        27
27.520        20
27.530        20
27.540        27
27.550        20
27.560         0
27.570        27
27.580        27
27.590        33
27.600        40
27.610        13
27.620         0
27.630        40
27.640        47
27.650        53
27.660        33
27.670        20
27.680        20
27.690        40
27.700        40
27.710        13
27.720        33
27.730        33
27.740        47
27.750         7
27.760        27
27.770        33
27.780        40
27.790        47
27.800        40
27.810        20
27.820        33
27.830        20
27.840        33
27.850        40
27.860        27
27.870        33
27.880        20
27.890        33
27.900        33
27.910        60
27.920        40
27.930        40
27.940        20
27.950        20
27.960         7
27.970        33
27.980        40
27.990        13
28.000        33
28.010        47
28.020        53
28.030        27
28.040        20
28.050        20
28.060        20
28.070        53
28.080        13
28.090        20
28.100        33
28.110         7
28.120        27
28.130        27
28.140        27
28.150        40
28.160        27
28.170        33
28.180         7
28.190        40
28.200        33
28.210        33
28.220         0
28.230        27
28.240        20
28.250        33
28.260        47
28.270        27
28.280        20
28.290        20
28.300        27
28.310        47
28.320        27
28.330        33
28.340        20
28.350        53
28.360        20
28.370        20
28.380        20
28.390        20
28.400        33
28.410         7
28.420        13
28.430        27
28.440        20
28.450        27
28.460        13
28.470        40
28.480        20
28.490        33
28.500        27
28.510        27
28.520        33
28.530        40
28.540        33
28.550        20
28.560        47
28.570        27
28.580         7
28.590        33
28.600        27
28.610         0
28.620        20
28.630        33
28.640        33
28.650        20
28.660        27
28.670        33
28.680        33
28.690        27
28.700        67
28.710        13
28.720        13
28.730        20
28.740        20
28.750        27
28.760         7
28.770        13
28.780        20
28.790        20
28.800        13
28.810        20
28.820        20
28.830        13
28.840        47
28.850        20
28.860        20
28.870        33
28.880        20
28.890        27
28.900        40
28.910        20
28.920        40
28.930        20
28.940        53
28.950        27
28.960        27
28.970        20
28.980        47
28.990        13
29.000        20
29.010        27
29.020        33
29.030        33
29.040        27
29.050        40
29.060        40
29.070        27
29.080         0
29.090        20
29.100        27
29.110        13
29.120         7
29.130        20
29.140        47
29.150        27
29.160        33
29.170        53
29.180        40
29.190        20
29.200        27
29.210        13
29.220        27
29.230        27
29.240        20
29.250        40
29.260        40
29.270        20
29.280        20
29.290        33
29.300         0
29.310         7
29.320        20
29.330        33
29.340        33
29.350        13
29.360        27
29.370        47
29.380        27
29.390        33
29.400         7
29.410        20
29.420        27
29.430         7
29.440        27
29.450        27
29.460        13
29.470        20
29.480        33
29.490        33
29.500        33
29.510        13
29.520        27
29.530        40
29.540        27
29.550        27
29.560        13
29.570         7
29.580        13
29.590         7
29.600         7
29.610        27
29.620        40
29.630         7
29.640        40
29.650        27
29.660        47
29.670         7
29.680        13
29.690        33
29.700        60
29.710        33
29.720        67
29.730        40
29.740        47
29.750        40
29.760        27
29.770        47
29.780        20
29.790        13
29.800        33
29.810        27
29.820        13
29.830        20
29.840        20
29.850        47
29.860        27
29.870        20
29.880         7
29.890        27
29.900        13
29.910         7
29.920        20
29.930        13
29.940        53
29.950        27
29.960        47
29.970         7
29.980        20
29.990        27
30.000        20
30.010        53
30.020        13
30.030        20
30.040        33
30.050        20
30.060        13
30.070        27
30.080        13
30.090        27
30.100        33
30.110        27
30.120        33
30.130        13
30.140        13
30.150        33
30.160        40
30.170         7
30.180        27
30.190        47
30.200        60
30.210         7
30.220        33
30.230        13
30.240        53
30.250        20
30.260        33
30.270        33
30.280        33
30.290        53
30.300         0
30.310        40
30.320        27
30.330        20
30.340        20
30.350        33
30.360        27
30.370         7
30.380        27
30.390        13
30.400        20
30.410        20
30.420        53
30.430        33
30.440        53
30.450         7
30.460        20
30.470        33
30.480        33
30.490        27
30.500        47
30.510        33
30.520        20
30.530         7
30.540        27
30.550        33
30.560        33
30.570        13
30.580        27
30.590        33
30.600        20
30.610        27
30.620        33
30.630        27
30.640        47
30.650        20
30.660        27
30.670        27
30.680        20
30.690        27
30.700        33
30.710        13
30.720        13
30.730        33
30.740        20
30.750        20
30.760        47
30.770        47
30.780        33
30.790        20
30.800         7
30.810         7
30.820        20
30.830        60
30.840        40
30.850        27
30.860        33
30.870        20
30.880        40
30.890        33
30.900        40
30.910        13
30.920        40
30.930        27
30.940        47
30.950        33
30.960        20
30.970        20
30.980        13
30.990        33
31.000        13
31.010        40
31.020        33
31.030        13
31.040        40
31.050        53
31.060        27
31.070        80
31.080        27
31.090        27
31.100        13
31.110        20
31.120        27
31.130        27
31.140        20
31.150        27
31.160        33
31.170        20
31.180        20
31.190        27
31.200        13
31.210        20
31.220        20
31.230         7
31.240        47
31.250        27
31.260        53
31.270        33
31.280        27
31.290        27
31.300        33
31.310        47
31.320        27
31.330         7
31.340         7
31.350        47
31.360        20
31.370        40
31.380        33
31.390        40
31.400        13
31.410        20
31.420        33
31.430        27
31.440        20
31.450        13
31.460        20
31.470        33
31.480        20
31.490        47
31.500        40
31.510        20
31.520        27
31.530        33
31.540        27
31.550        40
31.560        20
31.570        20
31.580        60
31.590        33
31.600        40
31.610        40
31.620        27
31.630        27
31.640        47
31.650        27
31.660        40
31.670        27
31.680        20
31.690        40
31.700        27
31.710        27
31.720        27
31.730        20
31.740        13
31.750        73
31.760        53
31.770        20
31.780        33
31.790        20
31.800        27
31.810        20
31.820        33
31.830        40
31.840        13
31.850        27
31.860         7
31.870        13
31.880        53
31.890        33
31.900        47
31.910        27
31.920        20
31.930        33
31.940        47
31.950        33
31.960        87
31.970        53
31.980        47
31.990        53
32.000        60
32.010        93
32.020        87
32.030        87
32.040        80
32.050        73
32.060        93
32.070        80
32.080        80
32.090        73
32.100        67
32.110        60
32.120       113
32.130        53
32.140       147
32.150        47
32.160        67
32.170       100
32.180       140
32.190       120
32.200       133
32.210       153
32.220       113
32.230       147
32.240       173
32.250       160
32.260       167
32.270       160
32.280       193
32.290       233
32.300       153
32.310       187
32.320       167
32.330       147
32.340       167
32.350       153
32.360       180
32.370       160
32.380       180
32.390       153
32.400       133
32.410       127
32.420       207
32.430       113
32.440       153
32.450       107
32.460       140
32.470       113
32.480        87
32.490        67
32.500        73
32.510        93
32.520        73
32.530        73
32.540       107
32.550        93
32.560        87
32.570        80
32.580        80
32.590        20
32.600        53
32.610        60
32.620        40
32.630        67
32.640        47
32.650        60
32.660        80
32.670        40
32.680        73
32.690        20
32.700        67
32.710        27
32.720        27
32.730        20
32.740        47
32.750        53
32.760        40
32.770        40
32.780        40
32.790        20
32.800        47
32.810         7
32.820        67
32.830         7
32.840        60
32.850        33
32.860        53
32.870        33
32.880        13
32.890        13
32.900        47
32.910        40
32.920        27
32.930        53
32.940        13
32.950        60
32.960        13
32.970        27
32.980        13
32.990        33
33.000         0
33.010        60
33.020        20
33.030        20
33.040        20
33.050        53
33.060        33
33.070        13
33.080        20
33.090        20
33.100        27
33.110        20
33.120         7
33.130        20
33.140        27
33.150        27
33.160        27
33.170        20
33.180        20
33.190        53
33.200        33
33.210        40
33.220        53
33.230        20
33.240        27
33.250         7
33.260        33
33.270        40
33.280        33
33.290         7
33.300        13
33.310        27
33.320        13
33.330        20
33.340        27
33.350        27
33.360        27
33.370        33
33.380        13
33.390        33
33.400         7
33.410         7
33.420        47
33.430        27
33.440         7
33.450        20
33.460        47
33.470        40
33.480        27
33.490        20
33.500        20
33.510        27
33.520        53
33.530         0
33.540        33
33.550         7
33.560        47
33.570        33
33.580        40
33.590        13
33.600        20
33.610        33
33.620        20
33.630        33
33.640        40
33.650        27
33.660        27
33.670        40
33.680        27
33.690         7
33.700        47
33.710        47
33.720        13
33.730        13
33.740        53
33.750        33
33.760         7
33.770        27
33.780         0
33.790        13
33.800        40
33.810        13
33.820        20
33.830        47
33.840        20
33.850        13
33.860        27
33.870        53
33.880         7
33.890        40
33.900        27
33.910        40
33.920        40
33.930        27
33.940        27
33.950        53
33.960         0
33.970        47
33.980        13
33.990        27
34.000        20
34.010        27
34.020        47
34.030        13
34.040        33
34.050        27
34.060        33
34.070         7
34.080        27
34.090        33
34.100        20
34.110        13
34.120        47
34.130        33
34.140        53
34.150        27
34.160        27
34.170        13
34.180        13
34.190        13
34.200        13
34.210        13
34.220        13
34.230        80
34.240        27
34.250        20
34.260        40
34.270        13
34.280        27
34.290        20
34.300        27
34.310        27
34.320        47
34.330        27
34.340         7
34.350         7
34.360        33
34.370        20
34.380        13
34.390        20
34.400        13
34.410        27
34.420        20
34.430       113
34.440        33
34.450        20
34.460        20
34.470        40
34.480        53
34.490        13
34.500        20
34.510        13
34.520         7
34.530        20
34.540        40
34.550        13
34.560        20
34.570        33
34.580         7
34.590        53
34.600        20
34.610        13
34.620        40
34.630        13
34.640        40
34.650         0
34.660        27
34.670        20
34.680         7
34.690        20
34.700        27
34.710        40
34.720        20
34.730        20
34.740        33
34.750        13
34.760        20
34.770        13
34.780        33
34.790        40
34.800        33
34.810        13
34.820        13
34.830         7
34.840        13
34.850        73
34.860        27
34.870        40
34.880        13
34.890        27
34.900        33
34.910        67
34.920        60
34.930        47
34.940        67
34.950        27
34.960        67
34.970        73
34.980        73
34.990        53
35.000       100
35.010       173
35.020        60
35.030       153
35.040       153
35.050       167
35.060       240
35.070       287
35.080       287
35.090       333
35.100       387
35.110       440
35.120       327
35.130       360
35.140       353
35.150       280
35.160       260
35.170       253
35.180       287
35.190       267
35.200       313
35.210       180
35.220       147
35.230       193
35.240       167
35.250       127
35.260       107
35.270        60
35.280        33
35.290        40
35.300        33
35.310         7
35.320        33
35.330        80
35.340        47
35.350        20
35.360        40
35.370        33
35.380        47
35.390        33
35.400        47
35.410        60
35.420        13
35.430         7
35.440        27
35.450        13
35.460        33
35.470        13
35.480        27
35.490        27
35.500        47
35.510        27
35.520         7
35.530        33
35.540        40
35.550        27
35.560        20
35.570        20
35.580        13
35.590        47
35.600        20
35.610        27
35.620        27
35.630        13
35.640        20
35.650        27
35.660         7
35.670        20
35.680        27
35.690        27
35.700        20
35.710        13
35.720        27
35.730         7
35.740        13
35.750        13
35.760        27
35.770        27
35.780        27
35.790        20
35.800        27
35.810        47
35.820        40
35.830        13
35.840        47
35.850        13
35.860        33
35.870        13
35.880        13
35.890        27
35.900        13
35.910        40
35.920        20
35.930        20
35.940        13
35.950        27
35.960        33
35.970        33
35.980        27
35.990         7
36.000        20
36.010        20
36.020        27
36.030        13
36.040         0
36.050        13
36.060         7
36.070        13
36.080        27
36.090        20
36.100        20
36.110        20
36.120        27
36.130        27
36.140        27
36.150         7
36.160        40
36.170        20
36.180        27
36.190        20
36.200        27
36.210         7
36.220        20
36.230        53
36.240         7
36.250        13
36.260        40
36.270        13
36.280        27
36.290         0
36.300        20
36.310         0
36.320         7
36.330        33
36.340        27
36.350        13
36.360        33
36.370        27
36.380        40
36.390         7
36.400         7
36.410        40
36.420        47
36.430        33
36.440         7
36.450        20
36.460        13
36.470        27
36.480         7
36.490        47
36.500        20
36.510        27
36.520         7
36.530        27
36.540        13
36.550        47
36.560        13
36.570        13
36.580        40
36.590        13
36.600        33
36.610        27
36.620        27
36.630        40
36.640        27
36.650         7
36.660        27
36.670        20
36.680         7
36.690        40
36.700        27
36.710        33
36.720        40
36.730        27
36.740        47
36.750        27
36.760        20
36.770         7
36.780        20
36.790        13
36.800        33
36.810        33
36.820        13
36.830        27
36.840        33
36.850        20
36.860        33
36.870        33
36.880        33
36.890        40
36.900        73
36.910        40
36.920        20
36.930        20
36.940        33
36.950        27
36.960        40
36.970        40
36.980        33
36.990        40
37.000        27
37.010         7
37.020        33
37.030        13
37.040        13
37.050        13
37.060        40
37.070         7
37.080        20
37.090        27
37.100        20
37.110         0
37.120        33
37.130        20
37.140        47
37.150        27
37.160        33
37.170         7
37.180        20
37.190        27
37.200        27
37.210        20
37.220        13
37.230        27
37.240        20
37.250        27
37.260        33
37.270         7
37.280        27
37.290        13
37.300        13
37.310        20
37.320        27
37.330        40
37.340        27
37.350        47
37.360        27
37.370        20
37.380        20
37.390        20
37.400        13
37.410        20
37.420        27
37.430        33
37.440        13
37.450        20
37.460        27
37.470        67
37.480        27
37.490        27
37.500        33
37.510        40
37.520        27
37.530         0
37.540        20
37.550        20
37.560         0
37.570        20
37.580        40
37.590        13
37.600         7
37.610        40
37.620        13
37.630        33
37.640         7
37.650        40
37.660        20
37.670        27
37.680        53
37.690        40
37.700        33
37.710        53
37.720        13
37.730        33
37.740        73
37.750        67
37.760        60
37.770        80
37.780        67
37.790        47
37.800        67
37.810        27
37.820        40
37.830        47
37.840        33
37.850        20
37.860        53
37.870        40
37.880        53
37.890        47
37.900        20
37.910        20
37.920        53
37.930        27
37.940         7
37.950        33
37.960        13
37.970        20
37.980         7
37.990        13
38.000        40
38.010        67
38.020        47
38.030        13
38.040        13
38.050        27
38.060        40
38.070         7
38.080         0
38.090        53
38.100        27
38.110        20
38.120        27
38.130        33
38.140         0
38.150        13
38.160        40
38.170        13
38.180         7
38.190         7
38.200        27
38.210        13
38.220        20
38.230        20
38.240        20
38.250        13
38.260         7
38.270        27
38.280        33
38.290         7
38.300        20
38.310        20
38.320         0
38.330        33
38.340        27
38.350        13
38.360        13
38.370        20
38.380         7
38.390        33
38.400         0
38.410         7
38.420        13
38.430        13
38.440        13
38.450         0
38.460        40
38.470        13
38.480        20
38.490        20
38.500        33
38.510         7
38.520        40
38.530        27
38.540        47
38.550        13
38.560        27
38.570         7
38.580         0
38.590        20
38.600         0
38.610        27
38.620        13
38.630        20
38.640        13
38.650        27
38.660        33
38.670        53
38.680         7
38.690        20
38.700        13
38.710        40
38.720        40
38.730        27
38.740        20
38.750        13
38.760         7
38.770        20
38.780         7
38.790        27
38.800        20
38.810        27
38.820        53
38.830        20
38.840        33
38.850        27
38.860        40
38.870         0
38.880        27
38.890        27
38.900        27
38.910        20
38.920        27
38.930        20
38.940         0
38.950        20
38.960        13
38.970        20
38.980        40
38.990        20
39.000        40
39.010         0
39.020         7
39.030        33
39.040        20
39.050        20
39.060        13
39.070        27
39.080        13
39.090        27
39.100        33
39.110        27
39.120         7
39.130        20
39.140        27
39.150        27
39.160        13
39.170        27
39.180        33
39.190         7
39.200        27
39.210        27
39.220         7
39.230        27
39.240        20
39.250        13
39.260        20
39.270        13
39.280        27
39.290        33
39.300        33
39.310        27
39.320        13
39.330        33
39.340        20
39.350        27
39.360        27
39.370         7
39.380        27
39.390        27
39.400         7
39.410        20
39.420        40
39.430        53
39.440        20
39.450        33
39.460        27
39.470         7
39.480        40
39.490        27
39.500        27
39.510        20
39.520        40
39.530        13
39.540        33
39.550        33
39.560        13
39.570        20
39.580        20
39.590        33
39.600        27
39.610        53
39.620         7
39.630        53
39.640        13
39.650        20
39.660         7
39.670        27
39.680        27
39.690        33
39.700         7
39.710        27
39.720        27
39.730        53
39.740        47
39.750        40
39.760         7
39.770        27
39.780        33
39.790        53
39.800        33
39.810        80
39.820        47
39.830        40
39.840        60
39.850        67
39.860        73
39.870        53
39.880        27
39.890        93
39.900        53
39.910        47
39.920        47
39.930        80
39.940        73
39.950        67
39.960        60
39.970       107
39.980        73
39.990        20
40.000        33
40.010        73
40.020        80
40.030        93
40.040        60
40.050        67
40.060        53
40.070        73
40.080        33
40.090       100
40.100        20
40.110        60
40.120        13
40.130        33
40.140         7
40.150        53
40.160        47
40.170        67
40.180        40
40.190        20
40.200        33
40.210        27
40.220         7
40.230        33
40.240        40
40.250        27
40.260        27
40.270        47
40.280         0
40.290        27
40.300        13
40.310        13
40.320        27
40.330        40
40.340        40
40.350        13
40.360        27
40.370        20
40.380        13
40.390        13
40.400        40
40.410         0
40.420         0
40.430        13
40.440        47
40.450        33
40.460        27
40.470        40
40.480         7
40.490        27
40.500        33
40.510        20
40.520        20
40.530        27
40.540        13
40.550         7
40.560        13
40.570        20
40.580        27
40.590        13
40.600        20
40.610        20
40.620        27
40.630        20
40.640        27
40.650        20
40.660        60
40.670        13
40.680        33
40.690        13
40.700         7
40.710        20
40.720        20
40.730        27
40.740        27
40.750        33
40.760         7
40.770        20
40.780        20
40.790        20
40.800        27
40.810        40
40.820        33
40.830        33
40.840        47
40.850        33
40.860         7
40.870        33
40.880        40
40.890         7
40.900        27
40.910        40
40.920        33
40.930        33
40.940        20
40.950         7
40.960        13
40.970        33
40.980        27
40.990        20
41.000        27
41.010        40
41.020         7
41.030        20
41.040         7
41.050        33
41.060        20
41.070        13
41.080        20
41.090        20
41.100        27
41.110        13
41.120        27
41.130        27
41.140        13
41.150        13
41.160         7
41.170        20
41.180        13
41.190        33
41.200        47
41.210        40
41.220        33
41.230        13
41.240        13
41.250        13
41.260        20
41.270        27
41.280        40
41.290        20
41.300        40
41.310        13
41.320        13
41.330        27
41.340        27
41.350        27
41.360        20
41.370        53
41.380        27
41.390        40
41.400        27
41.410        53
41.420        13
41.430        20
41.440        20
41.450        27
41.460        47
41.470        47
41.480        40
41.490        33
41.500        27
41.510        20
41.520        33
41.530        33
41.540        27
41.550        73
41.560        47
41.570        33
41.580        73
41.590        87
41.600       113
41.610        27
41.620        73
41.630       107
41.640        53
41.650       133
41.660       147
41.670        93
41.680        67
41.690        60
41.700        60
41.710        60
41.720        67
41.730        47
41.740        40
41.750        87
41.760        53
41.770        73
41.780        40
41.790        87
41.800        60
41.810        40
41.820        33
41.830         7
41.840        40
41.850        13
41.860        27
41.870        33
41.880        40
41.890        40
41.900        40
41.910         7
41.920        53
41.930        13
41.940        53
41.950        13
41.960        33
41.970        47
41.980        13
41.990        27
42.000        27
42.010        27
42.020        33
42.030        47
42.040        20
42.050        27
42.060        20
42.070        27
42.080        47
42.090         7
42.100        20
42.110        27
42.120        33
42.130        13
42.140        20
42.150        20
42.160        20
42.170        13
42.180        20
42.190        27
42.200        47
42.210        47
42.220         0
42.230         0
42.240        13
42.250        27
42.260        13
42.270        27
42.280        20
42.290         7
42.300        13
42.310        33
42.320        13
42.330         7
42.340         7
42.350        13
42.360        27
42.370        27
42.380        27
42.390         7
42.400        27
42.410        27
42.420        20
42.430        27
42.440        27
42.450        33
42.460        33
42.470        27
42.480        33
42.490        27
42.500        13
42.510        33
42.520        33
42.530        33
42.540        33
42.550        33
42.560        13
42.570        20
42.580        13
42.590        13
42.600        27
42.610       187
42.620        27
42.630        33
42.640        33
42.650        20
42.660         7
42.670        20
42.680        27
42.690        40
42.700        73
42.710        13
42.720        40
42.730         7
42.740        27
42.750        13
42.760         0
42.770        13
42.780        33
42.790        20
42.800        20
42.810        20
42.820         0
42.830        13
42.840        40
42.850        13
42.860        13
42.870        33
42.880        13
42.890        40
42.900        13
42.910        33
42.920        27
42.930        20
42.940         0
42.950        27
42.960        27
42.970        13
42.980        20
42.990        33
43.000        40
43.010        33
43.020        13
43.030         7
43.040        53
43.050        13
43.060        40
43.070        13
43.080        40
43.090        40
43.100        47
43.110        20
43.120        40
43.130        40
43.140        40
43.150        67
43.160        27
43.170        27
43.180        40
43.190        20
43.200        60
43.210        40
43.220        87
43.230        53
43.240        93
43.250       140
43.260       140
43.270       120
43.280       200
43.290       207
43.300       180
43.310       247
43.320       273
43.330       147
43.340       193
43.350       213
43.360       140
43.370       133
43.380       127
43.390        80
43.400        67
43.410       167
43.420        80
43.430       153
43.440        73
43.450        60
43.460       113
43.470       100
43.480        73
43.490        27
43.500        60
43.510        60
43.520        40
43.530        33
43.540        40
43.550         7
43.560        40
43.570        27
43.580        13
43.590        67
43.600        27
43.610        33
43.620        13
43.630        27
43.640        27
43.650        27
43.660        20
43.670        27
43.680        13
43.690        40
43.700        27
43.710        27
43.720        20
43.730        13
43.740        40
43.750        33
43.760        13
43.770        13
43.780        20
43.790        13
43.800        20
43.810        40
43.820        13
43.830        27
43.840        33
43.850        27
43.860        20
43.870        27
43.880        27
43.890        47
43.900         7
43.910        27
43.920        33
43.930        20
43.940        27
43.950        27
43.960         7
43.970        27
43.980        20
43.990        20
44.000        13
44.010        27
44.020        40
44.030        33
44.040        20
44.050        20
44.060        20
44.070        20
44.080        13
44.090        47
44.100        13
44.110        20
44.120        20
44.130        40
44.140        27
44.150        13
44.160        13
44.170         0
44.180        27
44.190        20
44.200        60
44.210         7
44.220        33
44.230         7
44.240        27
44.250        40
44.260        33
44.270         7
44.280        27
44.290        27
44.300        40
44.310        20
44.320        13
44.330        13
44.340        27
44.350        40
44.360        47
44.370        27
44.380         7
44.390        20
44.400        27
44.410        27
44.420        33
44.430        53
44.440        13
44.450        13
44.460        20
44.470        33
44.480        53
44.490        20
44.500        40
44.510        27
44.520        33
44.530        40
44.540        40
44.550        33
44.560        47
44.570        20
44.580        53
44.590         7
44.600        47
44.610        47
44.620        20
44.630        33
44.640        27
44.650        33
44.660        40
44.670        20
44.680        33
44.690        40
44.700        33
44.710        53
44.720        40
44.730        27
44.740        40
44.750        33
44.760        27
44.770        20
44.780        40
44.790        73
44.800        27
44.810        47
44.820        60
44.830        67
44.840        47
44.850        47
44.860        60
44.870        40
44.880        33
44.890        20
44.900        67
44.910        20
44.920        47
44.930        53
44.940        13
44.950        47
44.960        73
44.970        53
44.980        33
44.990        60
45.000        33
45.010        47
45.020        40
45.030        40
45.040        80
45.050        47
45.060        47
45.070        20
45.080        53
45.090        60
45.100        27
45.110        87
45.120        87
45.130        33
45.140        53
45.150        40
45.160        67
45.170        53
45.180        73
45.190        53
45.200        53
45.210        87
45.220        60
45.230        80
45.240        53
45.250        60
45.260        73
45.270        87
45.280        60
45.290        60
45.300        67
45.310       100
45.320        80
45.330       100
45.340        27
45.350        67
45.360        73
45.370        93
45.380        93
45.390       107
45.400       100
45.410        60
45.420       107
45.430       113
45.440       113
45.450        67
45.460       120
45.470        93
45.480       120
45.490       127
45.500       100
45.510       100
45.520       127
45.530       147
45.540       153
45.550       133
45.560       147
45.570       133
45.580       153
45.590       120
45.600       167
45.610       153
45.620       167
45.630       140
45.640       187
45.650       153
45.660       213
45.670       247
45.680       187
45.690       213
45.700       260
45.710       167
45.720       247
45.730       233
45.740       220
45.750       273
45.760       313
45.770       267
45.780       280
45.790       293
45.800       360
45.810       247
45.820       200
45.830       320
45.840       273
45.850       413
45.860       360
45.870       387
45.880       387
45.890       480
45.900       367
45.910       506
45.920       433
45.930       526
45.940       513
45.950       520
45.960       407
45.970       540
45.980       493
45.990       533
46.000       553
46.010       573
46.020       573
46.030       620
46.040       606
46.050       646
46.060       566
46.070       680
46.080       586
46.090       826
46.100       640
46.110       773
46.120       740
46.130       666
46.140       700
46.150       913
46.160       833
46.170       753
46.180       860
46.190       646
46.200       780
46.210       740
46.220       620
46.230       860
46.240       820
46.250       866
46.260       766
46.270       793
46.280       766
46.290       953
46.300       860
46.310       900
46.320       820
46.330       680
46.340       866
46.350       660
46.360       786
46.370       773
46.380       840
46.390       660
46.400       646
46.410       726
46.420       833
46.430       660
46.440       720
46.450       766
46.460       653
46.470       653
46.480       680
46.490       680
46.500       620
46.510       540
46.520       493
46.530       520
46.540       440
46.550       480
46.560       473
46.570       506
46.580       380
46.590       460
46.600       333
46.610       426
46.620       493
46.630       480
46.640       400
46.650       260
46.660       313
46.670       466
46.680       367
46.690       353
46.700       233
46.710       267
46.720       480
46.730       253
46.740       187
46.750       260
46.760       213
46.770       213
46.780       187
46.790       253
46.800       147
46.810       273
46.820       247
46.830       247
46.840       173
46.850       153
46.860       180
46.870       207
46.880       127
46.890       133
46.900        80
46.910       173
46.920        47
46.930       133
46.940       127
46.950       107
46.960       133
46.970        67
46.980       107
46.990        87
47.000       140
47.010       100
47.020       100
47.030        80
47.040       120
47.050        60
47.060        87
47.070       133
47.080        33
47.090        67
47.100        67
47.110        60
47.120        80
47.130       107
47.140        73
47.150        67
47.160        67
47.170        80
47.180        87
47.190        80
47.200        93
47.210        80
47.220        60
47.230        40
47.240        33
47.250        73
47.260        80
47.270        47
47.280        20
47.290        47
47.300        47
47.310        40
47.320        67
47.330        80
47.340        20
47.350        47
47.360       120
47.370        80
47.380        73
47.390        67
47.400        33
47.410        20
47.420        80
47.430        87
47.440        33
47.450        33
47.460        60
47.470        60
47.480        33
47.490        40
47.500        40
47.510        13
47.520        73
47.530        27
47.540        20
47.550        80
47.560        33
47.570        33
47.580        67
47.590        47
47.600        27
47.610        47
47.620        20
47.630        47
47.640         0
47.650        20
47.660        27
47.670        60
47.680        67
47.690        33
47.700        47
47.710        33
47.720        53
47.730        27
47.740        33
47.750        47
47.760        40
47.770        33
47.780        20
47.790        60
47.800        33
47.810        53
47.820        33
47.830        13
47.840        20
47.850        40
47.860        73
47.870        33
47.880        13
47.890        33
47.900        60
47.910        47
47.920        60
47.930        27
47.940        13
47.950        27
47.960        67
47.970        33
47.980        47
47.990        33
48.000        40
48.010        20
48.020        40
48.030        53
48.040        67
48.050        33
48.060        27
48.070        40
48.080        47
48.090        20
48.100        20
48.110        33
48.120        20
48.130        20
48.140        60
48.150        13
48.160        33
48.170        40
48.180        20
48.190        33
48.200        13
48.210        60
48.220        33
48.230        27
48.240        13
48.250        53
48.260        20
48.270        20
48.280        20
48.290        33
48.300        13
48.310        47
48.320         7
48.330        13
48.340        27
48.350        20
48.360        40
48.370        40
48.380        33
48.390        20
48.400        40
48.410        20
48.420        40
48.430        40
48.440        40
48.450        20
48.460        27
48.470        27
48.480        47
48.490        33
48.500        20
48.510        47
48.520        20
48.530        13
48.540        20
48.550        27
48.560        20
48.570        33
48.580        40
48.590        13
48.600        27
48.610        33
48.620        20
48.630        20
48.640        13
48.650        13
48.660        27
48.670        13
48.680        33
48.690        20
48.700        67
48.710        33
48.720         0
48.730        33
48.740        27
48.750        33
48.760        27
48.770        67
48.780        13
48.790        60
48.800        20
48.810        27
48.820        20
48.830        27
48.840         7
48.850        40
48.860         7
48.870        27
48.880        33
48.890        47
48.900        33
48.910        33
48.920         7
48.930        13
48.940        33
48.950        13
48.960        20
48.970        33
48.980        27
48.990        33
49.000        33
49.010        27
49.020        27
49.030        13
49.040         7
49.050        13
49.060        27
49.070        33
49.080        47
49.090        13
49.100        47
49.110        27
49.120        27
49.130        20
49.140        27
49.150        33
49.160         0
49.170        20
49.180        20
49.190        40
49.200        13
49.210        27
49.220         7
49.230        33
49.240        27
49.250        33
49.260        27
49.270        53
49.280         7
49.290        20
49.300        13
49.310        20
49.320        27
49.330        27
49.340        20
49.350        20
49.360        33
49.370        13
49.380        33
49.390        20
49.400        20
49.410        20
49.420        33
49.430        27
49.440        20
49.450        27
49.460        33
49.470        27
49.480        40
49.490        27
49.500        13
49.510         7
49.520        13
49.530        33
49.540        40
49.550        40
49.560        27
49.570        33
49.580        13
49.590        53
49.600        20
49.610        27
49.620        20
49.630        47
49.640        40
49.650         7
49.660         7
49.670        27
49.680        20
49.690        20
49.700        27
49.710        20
49.720         7
49.730        47
49.740        53
49.750        40
49.760        27
49.770        13
49.780        47
49.790        13
49.800        13
49.810        33
49.820         0
49.830        27
49.840        47
49.850        53
49.860        13
49.870        27
49.880        40
49.890        20
49.900        13
49.910        27
49.920        13
49.930        20
49.940        40
49.950        40
49.960         7
49.970        47
49.980        27
49.990        33
50.000        20
50.010        13
50.020        27
50.030        27
50.040        33
50.050        20
50.060        27
50.070        20
50.080        13
50.090        20
50.100        27
50.110        20
50.120        13
50.130        13
50.140        20
50.150        13
50.160        13
50.170        27
50.180         7
50.190         7
50.200        27
50.210        20
50.220        47
50.230        13
50.240        33
50.250        13
50.260        27
50.270         7
50.280        13
50.290        20
50.300        20
50.310         7
50.320        20
50.330        20
50.340        27
50.350         0
50.360        40
50.370         7
50.380        13
50.390        40
50.400        27
50.410        20
50.420        13
50.430         7
50.440        20
50.450        20
50.460         7
50.470        53
50.480        20
50.490         7
50.500        40
50.510        13
50.520         0
50.530        27
50.540        33
50.550        13
50.560         7
50.570         0
50.580        27
50.590        20
50.600        33
50.610        33
50.620        40
50.630        20
50.640        33
50.650        33
50.660        27
50.670        13
50.680        13
50.690         0
50.700        27
50.710        20
50.720        20
50.730        27
50.740        40
50.750        20
50.760        33
50.770        13
50.780        20
50.790         7
50.800        20
50.810        27
50.820        13
50.830         0
50.840        20
50.850        27
50.860        40
50.870        33
50.880        13
50.890        13
50.900         0
50.910        13
50.920         0
50.930        20
50.940        20
50.950        13
50.960        13
50.970        13
50.980        20
50.990         7
51.000         7
51.010        27
51.020        27
51.030        53
51.040        27
51.050         7
51.060         7
51.070        40
51.080        13
51.090        13
51.100        20
51.110         0
51.120        20
51.130        13
51.140         7
51.150         7
51.160        13
51.170         7
51.180        20
51.190        27
51.200        33
51.210        27
51.220        20
51.230        20
51.240        40
51.250         0
51.260        20
51.270        13
51.280         7
51.290        40
51.300        27
51.310         7
51.320        13
51.330        20
51.340         0
51.350        27
51.360        20
51.370         7
51.380         7
51.390        20
51.400        27
51.410         7
51.420        27
51.430        20
51.440        27
51.450        27
51.460        13
51.470        53
51.480        33
51.490        20
51.500        27
51.510        20
51.520        20
51.530        13
51.540        13
51.550         0
51.560        33
51.570        27
51.580        27
51.590         0
51.600        20
51.610        20
51.620        27
51.630        27
51.640        13
51.650        13
51.660        20
51.670        33
51.680        47
51.690        20
51.700        60
51.710        20
51.720        13
51.730         7
51.740         7
51.750        40
51.760        40
51.770        27
51.780        33
51.790         7
51.800        27
51.810        47
51.820        27
51.830        13
51.840        27
51.850        27
51.860        20
51.870        13
51.880        47
51.890         7
51.900        13
51.910        13
51.920        27
51.930        20
51.940        27
51.950        20
51.960        33
51.970        20
51.980        27
51.990        13
52.000        20
52.010         7
52.020        13
52.030        20
52.040        20
52.050        27
52.060        20
52.070        33
52.080        27
52.090         7
52.100        13
52.110        20
52.120         7
52.130        20
52.140        20
52.150         0
52.160        20
52.170         7
52.180         7
52.190         7
52.200        20
52.210        33
52.220        60
52.230        40
52.240        27
52.250        40
52.260        27
52.270         7
52.280        67
52.290        20
52.300        47
52.310        27
52.320        20
52.330        27
52.340        20
52.350        13
52.360        20
52.370        27
52.380        40
52.390        20
52.400        20
52.410        27
52.420        20
52.430        20
52.440         7
52.450        33
52.460        20
52.470        27
52.480        40
52.490        33
52.500        60
52.510        73
52.520        93
52.530       107
52.540       153
52.550        73
52.560       160
52.570       133
52.580        67
52.590       107
52.600        93
52.610       107
52.620        67
52.630        67
52.640        53
52.650        60
52.660        33
52.670        73
52.680        73
52.690       107
52.700       127
52.710        47
52.720        47
52.730        60
52.740        67
52.750        40
52.760        47
52.770        33
52.780        33
52.790        20
52.800        13
52.810        13
52.820        20
52.830         7
52.840         7
52.850        40
52.860         7
52.870        47
52.880        13
52.890         7
52.900        20
52.910        20
52.920        33
52.930        20
52.940        20
52.950        33
52.960        13
52.970         0
52.980        13
52.990        13
53.000        40
53.010         0
53.020         7
53.030         7
53.040        20
53.050         7
53.060         0
53.070        20
53.080        13
53.090        53
53.100        20
53.110         7
53.120         0
53.130         7
53.140        40
53.150         7
53.160        20
53.170         7
53.180        47
53.190        40
53.200        40
53.210         7
53.220         0
53.230        27
53.240        13
53.250        33
53.260        13
53.270        20
53.280        20
53.290        27
53.300        27
53.310        13
53.320        13
53.330        27
53.340         7
53.350         7
53.360        20
53.370        13
53.380        27
53.390        20
53.400        40
53.410        20
53.420        20
53.430        27
53.440        13
53.450        33
53.460         7
53.470         0
53.480        33
53.490        20
53.500        40
53.510        40
53.520        13
53.530        20
53.540        20
53.550        33
53.560         7
53.570         7
53.580        20
53.590        27
53.600        20
53.610         7
53.620        20
53.630        33
53.640        20
53.650         0
53.660        13
53.670         7
53.680         0
53.690        27
53.700        13
53.710        20
53.720        20
53.730        20
53.740        27
53.750        13
53.760        20
53.770        27
53.780        27
53.790        13
53.800        27
53.810        20
53.820         0
53.830        20
53.840        27
53.850        33
53.860        20
53.870         7
53.880        27
53.890         0
53.900        20
53.910        13
53.920        40
53.930        20
53.940        27
53.950        13
53.960        27
53.970        20
53.980        27
53.990        27
54.000        20
54.010        13
54.020        27
54.030        33
54.040        13
54.050        27
54.060        13
54.070         7
54.080        20
54.090        27
54.100        20
54.110        13
54.120        20
54.130        13
54.140         7
54.150        13
54.160         7
54.170        13
54.180        40
54.190        20
54.200        40
54.210        13
54.220        20
54.230        13
54.240        40
54.250        27
54.260         7
54.270        27
54.280        20
54.290         0
54.300        13
54.310        20
54.320         7
54.330        27
54.340        20
54.350         7
54.360        27
54.370        33
54.380         7
54.390        13
54.400        13
54.410         7
54.420         0
54.430        13
54.440        27
54.450        33
54.460        13
54.470         7
54.480         7
54.490        13
54.500        27
54.510        13
54.520        13
54.530        13
54.540        13
54.550        27
54.560        27
54.570        13
54.580        13
54.590        13
54.600         0
54.610         7
54.620         7
54.630        27
54.640         7
54.650         7
54.660         7
54.670        27
54.680        33
54.690        20
54.700         7
54.710        27
54.720        27
54.730        27
54.740         7
54.750        27
54.760        40
54.770        13
54.780        27
54.790        13
54.800        33
54.810        27
54.820        27
54.830        20
54.840         7
54.850        13
54.860        27
54.870         7
54.880        27
54.890        27
54.900        13
54.910         7
54.920        20
54.930        13
54.940        20
54.950        27
54.960        33
54.970        33
54.980        20
54.990         7
55.000        27
55.010        27
55.020        13
55.030         7
55.040         7
55.050        20
55.060        20
55.070         7
55.080        20
55.090        13
55.100        20
55.110        60
55.120        27
55.130        20
55.140        13
55.150        13
55.160        33
55.170        20
55.180        20
55.190        27
55.200         0
55.210        33
55.220        20
55.230        13
55.240         7
55.250        13
55.260         7
55.270         7
55.280        13
55.290        20
55.300        13
55.310        27
55.320        20
55.330        13
55.340        13
55.350         7
55.360        13
55.370         7
55.380         7
55.390         7
55.400        20
55.410        20
55.420        20
55.430        13
55.440         7
55.450        20
55.460        20
55.470         7
55.480        13
55.490        13
55.500        20
55.510        13
55.520        20
55.530         7
55.540        13
55.550        13
55.560        33
55.570        47
55.580        33
55.590         7
55.600         7
55.610         7
55.620        13
55.630        20
55.640         7
55.650        13
55.660        13
55.670        20
55.680         0
55.690         7
55.700        33
55.710         0
55.720        20
55.730        13
55.740        40
55.750        13
55.760         7
55.770        20
55.780        33
55.790        13
55.800        27
55.810        47
55.820        40
55.830        13
55.840        40
55.850        27
55.860        20
55.870        47
55.880        20
55.890        13
55.900        13
55.910        27
55.920        13
55.930        27
55.940        20
55.950        20
55.960        13
55.970        20
55.980        27
55.990        20
56.000         0
56.010        13
56.020        20
56.030         7
56.040         7
56.050        27
56.060        13
56.070         7
56.080         7
56.090        27
56.100        20
56.110        13
56.120         7
56.130        13
56.140        20
56.150         7
56.160         7
56.170        13
56.180         7
56.190        20
56.200        33
56.210        13
56.220        20
56.230        33
56.240        13
56.250        27
56.260        13
56.270        20
56.280         0
56.290        13
56.300        13
56.310        13
56.320         7
56.330        33
56.340         7
56.350        47
56.360        13
56.370        13
56.380        13
56.390        13
56.400        13
56.410        13
56.420         7
56.430        27
56.440         7
56.450        13
56.460        13
56.470        33
56.480        13
56.490        20
56.500        20
56.510        20
56.520        33
56.530        13
56.540        27
56.550         7
56.560        20
56.570        20
56.580        33
56.590         7
56.600        27
56.610         7
56.620        20
56.630        27
56.640        20
56.650        27
56.660        20
56.670         7
56.680        20
56.690         7
56.700        20
56.710        13
56.720        13
56.730         7
56.740        13
56.750        20
56.760         7
56.770        13
56.780        20
56.790        13
56.800         7
56.810         7
56.820        27
56.830        27
56.840        13
56.850        13
56.860         7
56.870        13
56.880        20
56.890        13
56.900        20
56.910        27
56.920         7
56.930         7
56.940         0
56.950        13
56.960         0
56.970         7
56.980        20
56.990        33
57.000        20
57.010        13
57.020        13
57.030         7
57.040        13
57.050        27
57.060         7
57.070         7
57.080        33
57.090        20
57.100        33
57.110        20
57.120        13
57.130         0
57.140         7
57.150        27
57.160        20
57.170         7
57.180        13
57.190        40
57.200        40
57.210         7
57.220        33
57.230        33
57.240        20
57.250         7
57.260        53
57.270        47
57.280        13
57.290        47
57.300        33
57.310        40
57.320        20
57.330        33
57.340        47
57.350        47
57.360        40
57.370        40
57.380        60
57.390        33
57.400        93
57.410       100
57.420        87
57.430       140
57.440       127
57.450       193
57.460       320
57.470       267
57.480       387
57.490       407
57.500       460
57.510       347
57.520       420
57.530       340
57.540       267
57.550       193
57.560       173
57.570       153
57.580       153
57.590       113
57.600       153
57.610       193
57.620       220
57.630       227
57.640       233
57.650       233
57.660       193
57.670       187
57.680       193
57.690       160
57.700       167
57.710       160
57.720       133
57.730        60
57.740       100
57.750        40
57.760        67
57.770        27
57.780        80
57.790        87
57.800        27
57.810        33
57.820        20
57.830        33
57.840        20
57.850        40
57.860        20
57.870        60
57.880        27
57.890        47
57.900        47
57.910        27
57.920        27
57.930        40
57.940        20
57.950        33
57.960        33
57.970        20
57.980        13
57.990        40
58.000        47
58.010        47
58.020        33
58.030         7
58.040        20
58.050        27
58.060        13
58.070        40
58.080        13
58.090        13
58.100        13
58.110        27
58.120        20
58.130        13
58.140        20
58.150        33
58.160        47
58.170        20
58.180         7
58.190         7
58.200        27
58.210        13
58.220        33
58.230        13
58.240        27
58.250         7
58.260        20
58.270         0
58.280        13
58.290        20
58.300        13
58.310        13
58.320        27
58.330        20
58.340        33
58.350        13
58.360        20
58.370        20
58.380        20
58.390        27
58.400        47
58.410        27
58.420        20
58.430         0
58.440         7
58.450        20
58.460        13
58.470        53
58.480        33
58.490        40
58.500        27
58.510        20
58.520        13
58.530        27
58.540         0
58.550        20
58.560        20
58.570         7
58.580         7
58.590        27
58.600        13
58.610         7
58.620        13
58.630        27
58.640        20
58.650        27
58.660        13
58.670         7
58.680         7
58.690        13
58.700        20
58.710        33
58.720         7
58.730        20
58.740        20
58.750        20
58.760        13
58.770        20
58.780         7
58.790        20
58.800        13
58.810        13
58.820        20
58.830        33
58.840        27
58.850        27
58.860        13
58.870        13
58.880        13
58.890         7
58.900        40
58.910        13
58.920        20
58.930        20
58.940         7
58.950         7
58.960        27
58.970        13
58.980         7
58.990        27
59.000        13
59.010        33
59.020        13
59.030         7
59.040        20
59.050        20
59.060         0
59.070         7
59.080         7
59.090         0
59.100        20
59.110        33
59.120        40
59.130        13
59.140         7
59.150        40
59.160        27
59.170         0
59.180        33
59.190        20
59.200        27
59.210        20
59.220        20
59.230        27
59.240         7
59.250        40
59.260        13
59.270        13
59.280        20
59.290        20
59.300         7
59.310         7
59.320        20
59.330        20
59.340        33
59.350         7
59.360        33
59.370         7
59.380         0
59.390        13
59.400        20
59.410         7
59.420        20
59.430        27
59.440        47
59.450        20
59.460        13
59.470        13
59.480        40
59.490        33
59.500        13
59.510        13
59.520        13
59.530         0
59.540        27
59.550        20
59.560        20
59.570        20
59.580         7
59.590        20
59.600        13
59.610         7
59.620        20
59.630        20
59.640        27
59.650         0
59.660        47
59.670        40
59.680        33
59.690        13
59.700         7
59.710        20
59.720        13
59.730        20
59.740        13
59.750        27
59.760        27
59.770        33
59.780         7
59.790         7
59.800        27
59.810         0
59.820        27
59.830        27
59.840        13
59.850         7
59.860         7
59.870         7
59.880         7
59.890        27
59.900         0
59.910        27
59.920        33
59.930        13
59.940         7
59.950        20
59.960        20
59.970        13
59.980         7
59.990         0
60.000         0
