20.000       180
20.010       113
20.020       153
20.030        67
20.040       100
20.050       127
20.060       173
20.070       113
20.080       140
20.090       133
20.100       187
20.110       147
20.120       180
20.130       140
20.140       167
20.150       100
20.160       120
20.170       113
20.180       133
20.190       193
20.200       120
20.210       147
20.220       147
20.230       193
20.240       133
20.250       127
20.260       140
20.270       247
20.280       120
20.290       147
20.300       127
20.310       173
20.320       153
20.330       133
20.340       147
20.350       167
20.360       100
20.370       140
20.380       173
20.390       153
20.400       107
20.410       213
20.420       120
20.430       133
20.440       167
20.450       220
20.460        93
20.470       160
20.480       153
20.490       133
20.500       180
20.510       173
20.520       173
20.530       153
20.540       153
20.550       147
20.560       167
20.570       100
20.580       167
20.590       107
20.600       167
20.610       107
20.620       153
20.630       113
20.640       140
20.650       187
20.660       193
20.670       113
20.680       133
20.690       220
20.700       153
20.710       193
20.720       173
20.730       167
20.740       147
20.750       107
20.760       187
20.770       173
20.780       173
20.790       140
20.800        93
20.810       133
20.820       140
20.830       107
20.840       127
20.850       160
20.860       173
20.870       153
20.880       187
20.890       133
20.900       147
20.910       180
20.920       140
20.930       120
20.940       133
20.950       147
20.960       120
20.970       180
20.980       153
20.990       147
21.000       160
21.010       153
21.020       140
21.030       173
21.040       173
21.050       127
21.060       100
21.070       160
21.080       107
21.090       147
21.100       127
21.110       160
21.120       133
21.130       140
21.140       167
21.150       140
21.160       140
21.170       113
21.180       127
21.190        73
21.200       160
21.210       160
21.220       167
21.230       147
21.240       160
21.250       140
21.260       120
21.270       160
21.280        93
21.290       173
21.300       167
21.310       153
21.320       207
21.330       180
21.340       153
21.350       153
21.360       140
21.370       113
21.380       113
21.390       147
21.400       127
21.410       140
21.420       187
21.430       173
21.440       160
21.450       127
21.460       120
21.470       193
21.480       227
21.490       153
21.500       120
21.510       127
21.520       160
21.530       167
21.540       133
21.550       173
21.560       147
21.570       140
21.580       127
21.590       127
21.600       160
21.610       187
21.620       200
21.630       120
21.640       127
21.650       207
21.660       200
21.670       173
21.680       167
21.690       140
21.700       173
21.710       180
21.720       140
21.730       173
21.740       120
21.750       153
21.760       173
21.770       140
21.780       127
21.790       160
21.800       113
21.810       167
21.820       173
21.830       147
21.840       187
21.850       220
21.860       173
21.870       193
21.880       133
21.890       180
21.900       160
21.910       213
21.920       227
21.930       193
21.940       187
21.950       147
21.960       167
21.970       160
21.980       133
21.990       173
22.000       193
22.010       227
22.020       180
22.030       187
22.040       267
22.050       153
22.060       220
22.070       213
22.080       193
22.090       187
22.100       213
22.110       240
22.120       193
22.130       173
22.140       187
22.150       160
22.160       207
22.170       140
22.180       273
22.190       167
22.200       180
22.210       193
22.220       200
22.230       173
22.240       200
22.250       233
22.260       207
22.270       167
22.280       213
22.290       213
22.300       113
22.310       193
22.320       227
22.330       220
22.340       227
22.350       173
22.360       133
22.370       160
22.380       207
22.390       240
22.400       153
22.410       180
22.420       200
22.430       173
22.440       140
22.450       207
22.460       320
22.470       287
22.480       240
22.490       193
22.500       307
22.510       227
22.520       253
22.530       253
22.540       240
22.550       193
22.560       167
22.570       180
22.580       280
22.590       200
22.600       280
22.610       320
22.620       207
22.630       260
22.640       293
22.650       207
22.660       280
22.670       220
22.680       280
22.690       253
22.700       333
22.710       227
22.720       260
22.730       293
22.740       327
22.750       353
22.760       373
22.770       300
22.780       307
22.790       293
22.800       433
22.810       247
22.820       267
22.830       333
22.840       287
22.850       393
22.860       387
22.870       580
22.880       820
22.890      1126
22.900      1953
22.910      2092
22.920      2299
22.930      2099
22.940      2166
22.950      1793
22.960      1419
22.970      1140
22.980       633
22.990       520
23.000       333
23.010       360
23.020       373
23.030       380
23.040       247
23.050       347
23.060       387
23.070       300
23.080       233
23.090       247
23.100       267
23.110       307
23.120       247
23.130       207
23.140       220
23.150       260
23.160       233
23.170       227
23.180       267
23.190       200
23.200       253
23.210       287
23.220       333
23.230       240
23.240       247
23.250       253
23.260       253
23.270       280
23.280       260
23.290       260
23.300       273
23.310       273
23.320       307
23.330       247
23.340       240
23.350       267
23.360       220
23.370       260
23.380       227
23.390       300
23.400       227
23.410       293
23.420       267
23.430       233
23.440       207
23.450       253
23.460       300
23.470       280
23.480       373
23.490       313
23.500       280
23.510       247
23.520       193
23.530       280
23.540       220
23.550       287
23.560       353
23.570       293
23.580       200
23.590       260
23.600       273
23.610       213
23.620       280
23.630       213
23.640       260
23.650       240
23.660       240
23.670       260
23.680       213
23.690       160
23.700       313
23.710       293
23.720       333
23.730       327
23.740       200
23.750       233
23.760       293
23.770       320
23.780       273
23.790       213
23.800       187
23.810       247
23.820       260
23.830       293
23.840       293
23.850       273
23.860       240
23.870       380
23.880       320
23.890       220
23.900       193
23.910       293
23.920       273
23.930       253
23.940       293
23.950       260
23.960       273
23.970       253
23.980       260
23.990       300
24.000       293
24.010       273
24.020       300
24.030       273
24.040       220
24.050       180
24.060       200
24.070       240
24.080       253
24.090       193
24.100       233
24.110       220
24.120       200
24.130       313
24.140       280
24.150       227
24.160       220
24.170       287
24.180       200
24.190       267
24.200       273
24.210       293
24.220       193
24.230       227
24.240       227
24.250       167
24.260       233
24.270       173
24.280       293
24.290       287
24.300       207
24.310       333
24.320       267
24.330       273
24.340       273
24.350       260
24.360       400
24.370       260
24.380       253
24.390       393
24.400       300
24.410       300
24.420       360
24.430       287
24.440       313
24.450       227
24.460       300
24.470       347
24.480       387
24.490       300
24.500       327
24.510       413
24.520       446
24.530       520
24.540       513
24.550       720
24.560       753
24.570       906
24.580       886
24.590       906
24.600       953
24.610       926
24.620       973
24.630      1073
24.640      1126
24.650       886
24.660      1040
24.670      1080
24.680      1033
24.690      1120
24.700      1259
24.710      1126
24.720      1220
24.730      1160
24.740      1213
24.750       960
24.760      1100
24.770      1133
24.780      1086
24.790       920
24.800       960
24.810      1000
24.820      1000
24.830      1046
24.840      1033
24.850      1006
24.860       986
24.870      1133
24.880      1160
24.890      1013
24.900       966
24.910      1013
24.920       993
24.930      1100
24.940      1000
24.950      1160
24.960      1040
24.970      1333
24.980      1246
24.990      1246
25.000      1146
25.010      1279
25.020      1053
25.030      1246
25.040      1113
25.050      1186
25.060      1293
25.070      1226
25.080      1306
25.090      1366
25.100      1466
25.110      1353
25.120      1346
25.130      1753
25.140      1613
25.150      1499
25.160      1839
25.170      2146
25.180      2506
25.190      2746
25.200      3365
25.210      4298
25.220      5271
25.230      6218
25.240      7104
25.250      8050
25.260      8936
25.270     10276
25.280     11382
25.290     12702
25.300     13728
25.310     15294
25.320     15374
25.330     16480
25.340     17473
25.350     18106
25.360     19739
25.370     22531
25.380     30554
25.390     55958
25.400    100353
25.410    147294
25.420    177429
25.430    192150
25.440    197501
25.450    202392
25.460    209676
25.470    208010
25.480    193683
25.490    165354
25.500    139471
25.510    128062
25.520    124950
25.530    117426
25.540     96668
25.550     68226
25.560     36719
25.570     19052
25.580     11862
25.590      9070
25.600      7337
25.610      6304
25.620      4738
25.630      4212
25.640      3712
25.650      3112
25.660      2819
25.670      2572
25.680      2419
25.690      2086
25.700      2046
25.710      1619
25.720      1946
25.730      2006
25.740      1973
25.750      1639
25.760      1739
25.770      1566
25.780      1559
25.790      1559
25.800      1486
25.810      1339
25.820      1439
25.830      1393
25.840      1413
25.850      1319
25.860      1406
25.870      1419
25.880      1133
25.890      1206
25.900      1306
25.910      1226
25.920      1193
25.930       920
25.940      1213
25.950      1080
25.960       966
25.970      1020
25.980       926
25.990       986
26.000       993
26.010       993
26.020      1053
26.030       986
26.040      1100
26.050       980
26.060      1026
26.070      1033
26.080      1000
26.090      1006
26.100      1006
26.110      1093
26.120      1020
26.130       840
26.140       860
26.150       940
26.160      1066
26.170       973
26.180       853
26.190       860
26.200       886
26.210       993
26.220       866
26.230       766
26.240       893
26.250       853
26.260      1020
26.270       900
26.280       733
26.290      1026
26.300       940
26.310      1006
26.320       853
26.330       753
26.340       813
26.350       846
26.360       780
26.370       886
26.380       993
26.390       880
26.400       986
26.410       840
26.420       920
26.430       786
26.440       846
26.450       773
26.460       806
26.470       626
26.480       866
26.490       840
26.500       713
26.510       906
26.520       806
26.530       773
26.540       733
26.550       753
26.560       673
26.570       773
26.580       880
26.590       800
26.600       780
26.610       773
26.620       666
26.630       933
26.640       846
26.650       713
26.660       673
26.670       913
26.680       873
26.690       773
26.700       780
26.710       793
26.720       773
26.730       753
26.740       666
26.750       740
26.760       693
26.770       626
26.780       773
26.790       646
26.800       886
26.810       866
26.820       726
26.830       726
26.840       680
26.850       806
26.860       860
26.870       673
26.880       673
26.890       793
26.900       600
26.910       753
26.920       620
26.930       726
26.940       593
26.950       753
26.960       720
26.970       546
26.980       633
26.990       680
27.000       666
27.010       720
27.020       786
27.030       680
27.040       633
27.050       753
27.060       593
27.070       826
27.080       780
27.090       586
27.100       566
27.110       600
27.120       666
27.130       786
27.140       713
27.150       600
27.160       780
27.170       760
27.180       586
27.190       726
27.200       626
27.210       726
27.220       640
27.230       726
27.240       633
27.250       706
27.260       660
27.270       606
27.280       660
27.290       540
27.300       580
27.310       560
27.320       653
27.330       586
27.340       740
27.350       620
27.360       606
27.370       593
27.380       573
27.390       580
27.400       693
27.410       533
27.420       673
27.430       640
27.440       633
27.450       793
27.460       580
27.470       606
27.480       620
27.490       506
27.500       700
27.510       600
27.520       586
27.530       620
27.540       606
27.550       626
27.560       533
27.570       680
27.580       606
27.590       573
27.600       660
27.610       506
27.620       740
27.630       513
27.640       593
27.650       600
27.660       586
27.670       626
27.680       526
27.690       646
27.700       573
27.710       520
27.720       586
27.730       546
27.740       613
27.750       593
27.760       646
27.770       666
27.780       560
27.790       613
27.800       733
27.810       600
27.820       600
27.830       620
27.840       580
27.850       560
27.860       640
27.870       500
27.880       540
27.890       553
27.900       546
27.910       553
27.920       633
27.930       646
27.940       553
27.950       586
27.960       593
27.970       533
27.980       520
27.990       480
28.000       553
28.010       533
28.020       600
28.030       586
28.040       540
28.050       446
28.060       560
28.070       586
28.080       533
28.090       526
28.100       546
28.110       440
28.120       513
28.130       573
28.140       633
28.150       573
28.160       513
28.170       553
28.180       553
28.190       500
28.200       566
28.210       593
28.220       573
28.230       560
28.240       440
28.250       473
28.260       606
28.270       446
28.280       720
28.290       453
28.300       506
28.310       573
28.320       526
28.330       600
28.340       473
28.350       413
28.360       593
28.370       506
28.380       526
28.390       493
28.400       473
28.410       460
28.420       553
28.430       553
28.440       533
28.450       533
28.460       520
28.470       493
28.480       486
28.490       640
28.500       473
28.510       533
28.520       553
28.530       566
28.540       520
28.550       453
28.560       600
28.570       500
28.580       520
28.590       500
28.600       426
28.610       586
28.620       480
28.630       526
28.640       420
28.650       446
28.660       486
28.670       513
28.680       573
28.690       440
28.700       526
28.710       560
28.720       560
28.730       480
28.740       486
28.750       553
28.760       613
28.770       526
28.780       620
28.790       593
28.800       586
28.810       473
28.820       500
28.830       506
28.840       506
28.850       493
28.860       433
28.870       453
28.880       393
28.890       387
28.900       573
28.910       453
28.920       413
28.930       320
28.940       600
28.950       500
28.960       380
28.970       506
28.980       440
28.990       526
29.000       480
29.010       466
29.020       533
29.030       420
29.040       486
29.050       493
29.060       426
29.070       400
29.080       540
29.090       540
29.100       446
29.110       506
29.120       526
29.130       480
29.140       600
29.150       513
29.160       473
29.170       426
29.180       500
29.190       413
29.200       533
29.210       500
29.220       546
29.230       426
29.240       440
29.250       453
29.260       367
29.270       446
29.280       500
29.290       400
29.300       327
29.310       393
29.320       506
29.330       367
29.340       407
29.350       413
29.360       367
29.370       453
29.380       473
29.390       533
29.400       440
29.410       513
29.420       347
29.430       446
29.440       480
29.450       440
29.460       546
29.470       493
29.480       446
29.490       473
29.500       500
29.510       426
29.520       473
29.530       387
29.540       460
29.550       413
29.560       420
29.570       373
29.580       426
29.590       520
29.600       426
29.610       333
29.620       446
29.630       360
29.640       380
29.650       347
29.660       493
29.670       360
29.680       493
29.690       413
29.700       500
29.710       367
29.720       486
29.730       413
29.740       320
29.750       407
29.760       420
29.770       420
29.780       540
29.790       460
29.800       433
29.810       506
29.820       407
29.830       367
29.840       506
29.850       407
29.860       373
29.870       407
29.880       333
29.890       393
29.900       500
29.910       380
29.920       320
29.930       413
29.940       387
29.950       533
29.960       433
29.970       340
29.980       353
29.990       293
30.000       473
30.010       420
30.020       360
30.030       327
30.040       407
30.050       400
30.060       407
30.070       387
30.080       400
30.090       420
30.100       480
30.110       347
30.120       500
30.130       373
30.140       373
30.150       400
30.160       313
30.170       400
30.180       420
30.190       373
30.200       373
30.210       413
30.220       353
30.230       353
30.240       387
30.250       347
30.260       433
30.270       426
30.280       327
30.290       540
30.300       320
30.310       340
30.320       407
30.330       373
30.340       347
30.350       360
30.360       353
30.370       420
30.380       407
30.390       420
30.400       367
30.410       360
30.420       360
30.430       280
30.440       353
30.450       307
30.460       353
30.470       426
30.480       426
30.490       460
30.500       313
30.510       400
30.520       466
30.530       300
30.540       413
30.550       353
30.560       387
30.570       360
30.580       453
30.590       380
30.600       460
30.610       307
30.620       313
30.630       313
30.640       273
30.650       333
30.660       466
30.670       360
30.680       340
30.690       347
30.700       247
30.710       347
30.720       340
30.730       460
30.740       367
30.750       353
30.760       333
30.770       387
30.780       353
30.790       367
30.800       373
30.810       293
30.820       300
30.830       407
30.840       373
30.850       320
30.860       353
30.870       387
30.880       413
30.890       360
30.900       393
30.910       300
30.920       267
30.930       413
30.940       240
30.950       280
30.960       320
30.970       333
30.980       260
30.990       313
31.000       393
31.010       287
31.020       273
31.030       373
31.040       367
31.050       373
31.060       313
31.070       260
31.080       280
31.090       353
31.100       353
31.110       313
31.120       333
31.130       367
31.140       340
31.150       333
31.160       360
31.170       280
31.180       327
31.190       400
31.200       267
31.210       340
31.220       340
31.230       287
31.240       307
31.250       307
31.260       307
31.270       233
31.280       300
31.290       220
31.300       287
31.310       440
31.320       347
31.330       327
31.340       267
31.350       333
31.360       240
31.370       267
31.380       287
31.390       273
31.400       353
31.410       267
31.420       280
31.430       287
31.440       260
31.450       193
31.460       273
31.470       267
31.480       247
31.490       267
31.500       353
31.510       287
31.520       160
31.530       267
31.540       287
31.550       327
31.560       307
31.570       327
31.580       280
31.590       233
31.600       233
31.610       280
31.620       267
31.630       367
31.640       287
31.650       340
31.660       320
31.670       307
31.680       240
31.690       413
31.700       273
31.710       327
31.720       293
31.730       373
31.740       300
31.750       373
31.760       240
31.770       300
31.780       313
31.790       227
31.800       280
31.810       220
31.820       333
31.830       280
31.840       287
31.850       233
31.860       353
31.870       453
31.880       247
31.890       280
31.900       327
31.910       426
31.920       300
31.930       320
31.940       267
31.950       293
31.960       373
31.970       280
31.980       400
31.990       400
32.000       307
32.010       300
32.020       313
32.030       373
32.040       327
32.050       460
32.060       367
32.070       347
32.080       466
32.090       433
32.100       400
32.110       513
32.120       393
32.130       500
32.140       653
32.150       446
32.160       626
32.170       580
32.180       653
32.190       713
32.200       806
32.210       813
32.220       893
32.230       880
32.240      1146
32.250      1026
32.260      1413
32.270      1419
32.280      1319
32.290      1519
32.300      1459
32.310      1666
32.320      1666
32.330      1546
32.340      1646
32.350      1446
32.360      1426
32.370      1446
32.380      1220
32.390      1246
32.400      1393
32.410      1113
32.420      1040
32.430       906
32.440       760
32.450       726
32.460       813
32.470       640
32.480       500
32.490       526
32.500       593
32.510       486
32.520       373
32.530       420
32.540       333
32.550       440
32.560       400
32.570       466
32.580       307
32.590       233
32.600       393
32.610       367
32.620       393
32.630       287
32.640       273
32.650       207
32.660       360
32.670       300
32.680       300
32.690       293
32.700       307
32.710       280
32.720       287
32.730       233
32.740       220
32.750       320
32.760       280
32.770       280
32.780       240
32.790       267
32.800       267
32.810       267
32.820       307
32.830       260
32.840       327
32.850       220
32.860       213
32.870       307
32.880       320
32.890       220
32.900       253
32.910       347
32.920       227
32.930       240
32.940       313
32.950       267
32.960       267
32.970       200
32.980       280
32.990       247
33.000       333
33.010       180
33.020       213
33.030       193
33.040       173
33.050       247
33.060       167
33.070       247
33.080       173
33.090       200
33.100       200
33.110       280
33.120       200
33.130       280
33.140       247
33.150       240
33.160       253
33.170       300
33.180       273
33.190       280
33.200       207
33.210       173
33.220       260
33.230       153
33.240       247
33.250       207
33.260       173
33.270       213
33.280       240
33.290       213
33.300       167
33.310       240
33.320       227
33.330       193
33.340       200
33.350       220
33.360       247
33.370       233
33.380       180
33.390       253
33.400       213
33.410       173
33.420       200
33.430       193
33.440       207
33.450       180
33.460       140
33.470       207
33.480       147
33.490       200
33.500       200
33.510       173
33.520       213
33.530       227
33.540       160
33.550       253
33.560       213
33.570       153
33.580       153
33.590       120
33.600       160
33.610       180
33.620       213
33.630       193
33.640       213
33.650       220
33.660       200
33.670       187
33.680       240
33.690       160
33.700       147
33.710       153
33.720       200
33.730       233
33.740       120
33.750       247
33.760       207
33.770       267
33.780       173
33.790       233
33.800       213
33.810       213
33.820       140
33.830       220
33.840       160
33.850       207
33.860       193
33.870       193
33.880       267
33.890       207
33.900       120
33.910       227
33.920       213
33.930       273
33.940       173
33.950       147
33.960       213
33.970       167
33.980       193
33.990       153
34.000       193
34.010       207
34.020       160
34.030       227
34.040       200
34.050       247
34.060       200
34.070       187
34.080       227
34.090       187
34.100       173
34.110       153
34.120       227
34.130       193
34.140       193
34.150       260
34.160       187
34.170       227
34.180       187
34.190       180
34.200       200
34.210       107
34.220       287
34.230       193
34.240       147
34.250       207
34.260       233
34.270       180
34.280       160
34.290       200
34.300       200
34.310       200
34.320       147
34.330       167
34.340       167
34.350       173
34.360       173
34.370       200
34.380       180
34.390       207
34.400       140
34.410       213
34.420       220
34.430       187
34.440       153
34.450       180
34.460       140
34.470       133
34.480       187
34.490       147
34.500       167
34.510       187
34.520       180
34.530       167
34.540       160
34.550       180
34.560       133
34.570       247
34.580       187
34.590       173
34.600       167
34.610       187
34.620       207
34.630       140
34.640       147
34.650       140
34.660       113
34.670       133
34.680       153
34.690       187
34.700       160
34.710       180
34.720       193
34.730       167
34.740       133
34.750       127
34.760       107
34.770       160
34.780       200
34.790       160
34.800       153
34.810       200
34.820       173
34.830       140
34.840        73
34.850       193
34.860       140
34.870       180
34.880       140
34.890       167
34.900       167
34.910       153
34.920       147
34.930       147
34.940       120
34.950       113
34.960       160
34.970       147
34.980       127
34.990       153
35.000       153
35.010       160
35.020       147
35.030       120
35.040       107
35.050       140
35.060       187
35.070       133
35.080       153
35.090       140
35.100       127
35.110       173
35.120       213
35.130       153
35.140       153
35.150       160
35.160       180
35.170       147
35.180       120
35.190       147
35.200       140
35.210       127
35.220       153
35.230       253
35.240       160
35.250       200
35.260       147
35.270       140
35.280       147
35.290       127
35.300       153
35.310       220
35.320       187
35.330       133
35.340       180
35.350       153
35.360       167
35.370       140
35.380       240
35.390       140
35.400        87
35.410       193
35.420       127
35.430       140
35.440       207
35.450       153
35.460       133
35.470       180
35.480       120
35.490       107
35.500       113
35.510       153
35.520       180
35.530       193
35.540       140
35.550       200
35.560       107
35.570       193
35.580       113
35.590       133
35.600       153
35.610       140
35.620       120
35.630       127
35.640       100
35.650       153
35.660       160
35.670       153
35.680       153
35.690       140
35.700        93
35.710       147
35.720       167
35.730       153
35.740        93
35.750       107
35.760       140
35.770       167
35.780       120
35.790       127
35.800       147
35.810       200
35.820       160
35.830       133
35.840       140
35.850       133
35.860        73
35.870       133
35.880       120
35.890       153
35.900       120
35.910       160
35.920       153
35.930       107
35.940       113
35.950       140
35.960       113
35.970       113
35.980       147
35.990       153
36.000       167
36.010       120
36.020       167
36.030       140
36.040       133
36.050       180
36.060       113
36.070       193
36.080       147
36.090       113
36.100        73
36.110       113
36.120        80
36.130       100
36.140        93
36.150       100
36.160       127
36.170       133
36.180       113
36.190       133
36.200        87
36.210        47
36.220       127
36.230        87
36.240       127
36.250       113
36.260       153
36.270       187
36.280       120
36.290       153
36.300       120
36.310       140
36.320       167
36.330       127
36.340       133
36.350       120
36.360       180
36.370       133
36.380       140
36.390       100
36.400       140
36.410       147
36.420        93
36.430       127
36.440       120
36.450       160
36.460       127
36.470        87
36.480       100
36.490       147
36.500       133
36.510       153
36.520        60
36.530       127
36.540        93
36.550       133
36.560        87
36.570        93
36.580        60
36.590        87
36.600       113
36.610       107
36.620       160
36.630       113
36.640       140
36.650       127
36.660       127
36.670       113
36.680       127
36.690       113
36.700       113
36.710       113
36.720       113
36.730       133
36.740        93
36.750       140
36.760       173
36.770       127
36.780       120
36.790        60
36.800       140
36.810        87
36.820       127
36.830       120
36.840        87
36.850        87
36.860        93
36.870        80
36.880        73
36.890       153
36.900       100
36.910       113
36.920        60
36.930       147
36.940        87
36.950       100
36.960       100
36.970        80
36.980       133
36.990       113
37.000       107
37.010        67
37.020        93
37.030        93
37.040       147
37.050       120
37.060       113
37.070       180
37.080       113
37.090       113
37.100       100
37.110       100
37.120       133
37.130        87
37.140       153
37.150       120
37.160       120
37.170        93
37.180       127
37.190        60
37.200       153
37.210       127
37.220       133
37.230        60
37.240       140
37.250       113
37.260       147
37.270       127
37.280        73
37.290        80
37.300       113
37.310       100
37.320       113
37.330        87
37.340       107
37.350       107
37.360       140
37.370       120
37.380        60
37.390       107
37.400        93
37.410        87
37.420        47
37.430        87
37.440       133
37.450       120
37.460       140
37.470       113
37.480       127
37.490       140
37.500        60
37.510       120
37.520       107
37.530       147
37.540        73
37.550       100
37.560       133
37.570        93
37.580        67
37.590       133
37.600        93
37.610       127
37.620        80
37.630       113
37.640        60
37.650       113
37.660        60
37.670        67
37.680       133
37.690        93
37.700       107
37.710        87
37.720        80
37.730        93
37.740       127
37.750       147
37.760        47
37.770        67
37.780        87
37.790        87
37.800        60
37.810       113
37.820       100
37.830       127
37.840        80
37.850       100
37.860        80
37.870        93
37.880        53
37.890       100
37.900        93
37.910        67
37.920        80
37.930        53
37.940        80
37.950        60
37.960        80
37.970        80
37.980       120
37.990        40
38.000        67
38.010        80
38.020       100
38.030        80
38.040       100
38.050        60
38.060        93
38.070        73
38.080        87
38.090       100
38.100       113
38.110        80
38.120       100
38.130        93
38.140        67
38.150        93
38.160        73
38.170       167
38.180        80
38.190        93
38.200        93
38.210        47
38.220        93
38.230       100
38.240       107
38.250       133
38.260       107
38.270        87
38.280       107
38.290        93
38.300        87
38.310        93
38.320        93
38.330       113
38.340        60
38.350        87
38.360       153
38.370       100
38.380       107
38.390        60
38.400        67
38.410        87
38.420        60
38.430        67
38.440        67
38.450        73
38.460        53
38.470        80
38.480        87
38.490        40
38.500        93
38.510        60
38.520       107
38.530        53
38.540        73
38.550        93
38.560        67
38.570        87
38.580        47
38.590        67
38.600        67
38.610        80
38.620        93
38.630       107
38.640        40
38.650        87
38.660        40
38.670       120
38.680        40
38.690        60
38.700        40
38.710        67
38.720        93
38.730       107
38.740       113
38.750       100
38.760        93
38.770        80
38.780        80
38.790        87
38.800       120
38.810       107
38.820       100
38.830        67
38.840        53
38.850        93
38.860        93
38.870        93
38.880       100
38.890       100
38.900        87
38.910        60
38.920        80
38.930        93
38.940       100
38.950        53
38.960        67
38.970        87
38.980        87
38.990        87
39.000        73
39.010        40
39.020        47
39.030       100
39.040        87
39.050        93
39.060        67
39.070        67
39.080       107
39.090        87
39.100        53
39.110        47
39.120        93
39.130       100
39.140        80
39.150        67
39.160        53
39.170        67
39.180        53
39.190        47
39.200       107
39.210        80
39.220        93
39.230        47
39.240        93
39.250        87
39.260        80
39.270        53
39.280        47
39.290        93
39.300        53
39.310        60
39.320       100
39.330        80
39.340        80
39.350        73
39.360        87
39.370        80
39.380        47
39.390        40
39.400       100
39.410        33
39.420       100
39.430        60
39.440       140
39.450       107
39.460        67
39.470        67
39.480        87
39.490        40
39.500        33
39.510        93
39.520        93
39.530       120
39.540        60
39.550        60
39.560        87
39.570       100
39.580        47
39.590        67
39.600        80
39.610        53
39.620        53
39.630        53
39.640        53
39.650        60
39.660        67
39.670        73
39.680       107
39.690        73
39.700        67
39.710        33
39.720        60
39.730        60
39.740        87
39.750        33
39.760        73
39.770        67
39.780        67
39.790        47
39.800        60
39.810        80
39.820       113
39.830       113
39.840        87
39.850        53
39.860       107
39.870       113
39.880        87
39.890       160
39.900        60
39.910        60
39.920        87
39.930       107
39.940        27
39.950        93
39.960        67
39.970        73
39.980        80
39.990        67
40.000       107
40.010        47
40.020       107
40.030        80
40.040        33
40.050        80
40.060        87
40.070        60
40.080        87
40.090        47
40.100        80
40.110        67
40.120        53
40.130        40
40.140        80
40.150        40
40.160        53
40.170        53
40.180        67
40.190        53
40.200        27
40.210        67
40.220        80
40.230        60
40.240        80
40.250        60
40.260        60
40.270        33
40.280        20
40.290        67
40.300        73
40.310        73
40.320        60
40.330        67
40.340        87
40.350        47
40.360        80
40.370        80
40.380        87
40.390        87
40.400        73
40.410        47
40.420        87
40.430        67
40.440        73
40.450        73
40.460        47
40.470        67
40.480        73
40.490        53
40.500        47
40.510        47
40.520        93
40.530        60
40.540        80
40.550        27
40.560        53
40.570        47
40.580        73
40.590        67
40.600        40
40.610        60
40.620        53
40.630        47
40.640        73
40.650        67
40.660        60
40.670        40
40.680        60
40.690        73
40.700         7
40.710        60
40.720        13
40.730        73
40.740        60
40.750        80
40.760        87
40.770        53
40.780       107
40.790        93
40.800        87
40.810        53
40.820        73
40.830        73
40.840        60
40.850       107
40.860        80
40.870        27
40.880        53
40.890        60
40.900        87
40.910        67
40.920        53
40.930        87
40.940        60
40.950        60
40.960        33
40.970        53
40.980        53
40.990        67
41.000        73
41.010        67
41.020        93
41.030        20
41.040       107
41.050        40
41.060       107
41.070        53
41.080        80
41.090        47
41.100        73
41.110        67
41.120        53
41.130        80
41.140        20
41.150        67
41.160        87
41.170        73
41.180        47
41.190        93
41.200        80
41.210        27
41.220        80
41.230        73
41.240        60
41.250        67
41.260        80
41.270        33
41.280        87
41.290        80
41.300        67
41.310        40
41.320        40
41.330        47
41.340        67
41.350        27
41.360        33
41.370        67
41.380        53
41.390        40
41.400        80
41.410        67
41.420       100
41.430        80
41.440        47
41.450        47
41.460        93
41.470        47
41.480        67
41.490        33
41.500        67
41.510        60
41.520        73
41.530        53
41.540        53
41.550        53
41.560        67
41.570        87
41.580        47
41.590        53
41.600        60
41.610        87
41.620        53
41.630        33
41.640        73
41.650        80
41.660        53
41.670        73
41.680        67
41.690        87
41.700        47
41.710        73
41.720        80
41.730        47
41.740         7
41.750        53
41.760        40
41.770        67
41.780        80
41.790        87
41.800        67
41.810        87
41.820        40
41.830        60
41.840        40
41.850        47
41.860        47
41.870        67
41.880        80
41.890        53
41.900        40
41.910        13
41.920        53
41.930        73
41.940        60
41.950        73
41.960        67
41.970        67
41.980        53
41.990        40
42.000        60
42.010        67
42.020        53
42.030        93
42.040        33
42.050        53
42.060        60
42.070        53
42.080        67
42.090        27
42.100        73
42.110        53
42.120        40
42.130        60
42.140        47
42.150        33
42.160        33
42.170        53
42.180        67
42.190        33
42.200        40
42.210        53
42.220        53
42.230        67
42.240        67
42.250        40
42.260        33
42.270        40
42.280        67
42.290        60
42.300        53
42.310        53
42.320        40
42.330        27
42.340        73
42.350        53
42.360        60
42.370        40
42.380        40
42.390        73
42.400        13
42.410        67
42.420        33
42.430        53
42.440        20
42.450        20
42.460        47
42.470        67
42.480        93
42.490        87
42.500        67
42.510        53
42.520        40
42.530        80
42.540        47
42.550        53
42.560        67
42.570        67
42.580        47
42.590        33
42.600        73
42.610       100
42.620        33
42.630        73
42.640        20
42.650        67
42.660        53
42.670        33
42.680        47
42.690        47
42.700        60
42.710        67
42.720        67
42.730        60
42.740        40
42.750        47
42.760        60
42.770        40
42.780        47
42.790        67
42.800        47
42.810        20
42.820        67
42.830        20
42.840        27
42.850        27
42.860        33
42.870        73
42.880        87
42.890        33
42.900        33
42.910        40
42.920        53
42.930        47
42.940        53
42.950        33
42.960        33
42.970        87
42.980        73
42.990        60
43.000        13
43.010        60
43.020        20
43.030        60
43.040        53
43.050        53
43.060        47
43.070        47
43.080        33
43.090        87
43.100        93
43.110        60
43.120        40
43.130        27
43.140        60
43.150        47
43.160        27
43.170       100
43.180        47
43.190        60
43.200       113
43.210        20
43.220        40
43.230        53
43.240        40
43.250        40
43.260        67
43.270        53
43.280        73
43.290        27
43.300        13
43.310        60
43.320        60
43.330        60
43.340        47
43.350        47
43.360        80
43.370        53
43.380        53
43.390        53
43.400        47
43.410        53
43.420        73
43.430        20
43.440        53
43.450        47
43.460        40
43.470        53
43.480        73
43.490        13
43.500        27
43.510        53
43.520        27
43.530        40
43.540        47
43.550        20
43.560        73
43.570        47
43.580        53
43.590        60
43.600        40
43.610        40
43.620        47
43.630        40
43.640        80
43.650        53
43.660        53
43.670        27
43.680        60
43.690        67
43.700        53
43.710        67
43.720        60
43.730        40
43.740        47
43.750        47
43.760        60
43.770        33
43.780        33
43.790        60
43.800        33
43.810        27
43.820        80
43.830        20
43.840        47
43.850        60
43.860        40
43.870        60
43.880        53
43.890        40
43.900        73
43.910        87
43.920        27
43.930        53
43.940        40
43.950        73
43.960        40
43.970        13
43.980        40
43.990        60
44.000        40
44.010        47
44.020        60
44.030        47
44.040        67
44.050        47
44.060        47
44.070        40
44.080        20
44.090        73
44.100        27
44.110        27
44.120        40
44.130        47
44.140        47
44.150        73
44.160        33
44.170        60
44.180        53
44.190        53
44.200        60
44.210        93
44.220        67
44.230        33
44.240        80
44.250        60
44.260        53
44.270        60
44.280        60
44.290        13
44.300        80
44.310        53
44.320        47
44.330        47
44.340        87
44.350        47
44.360        20
44.370        40
44.380        67
44.390        73
44.400        13
44.410        40
44.420        93
44.430        40
44.440        47
44.450        20
44.460        40
44.470        53
44.480        20
44.490        20
44.500        47
44.510        53
44.520        73
44.530        40
44.540        60
44.550        67
44.560        67
44.570        53
44.580        60
44.590        73
44.600        67
44.610        47
44.620        33
44.630        53
44.640        40
44.650        47
44.660        47
44.670        40
44.680        60
44.690        67
44.700        53
44.710        40
44.720        53
44.730        27
44.740        53
44.750        33
44.760        60
44.770        53
44.780        67
44.790        87
44.800        73
44.810        40
44.820        53
44.830        33
44.840        33
44.850        73
44.860        67
44.870        20
44.880        87
44.890        53
44.900        60
44.910        67
44.920        80
44.930        40
44.940        73
44.950        60
44.960        53
44.970        33
44.980        73
44.990        47
45.000        33
45.010        40
45.020        27
45.030        60
45.040        33
45.050        40
45.060        60
45.070        47
45.080        33
45.090        40
45.100        73
45.110        53
45.120        67
45.130        13
45.140        53
45.150        47
45.160        53
45.170        47
45.180        27
45.190        67
45.200        33
45.210        93
45.220        33
45.230        33
45.240        60
45.250        47
45.260        47
45.270        60
45.280        73
45.290        47
45.300        47
45.310        40
45.320        33
45.330        33
45.340        20
45.350        47
45.360        93
45.370        40
45.380        53
45.390        33
45.400        60
45.410        27
45.420        60
45.430        47
45.440        27
45.450        80
45.460        27
45.470        20
45.480        60
45.490        53
45.500        47
45.510        20
45.520        87
45.530        67
45.540        60
45.550        60
45.560        60
45.570        33
45.580        40
45.590        40
45.600        53
45.610        40
45.620        27
45.630        47
45.640        53
45.650        40
45.660        67
45.670        87
45.680        33
45.690        27
45.700        20
45.710        60
45.720        87
45.730        60
45.740        67
45.750        60
45.760        60
45.770        47
45.780        40
45.790        60
45.800        40
45.810        53
45.820        53
45.830        53
45.840        73
45.850        93
45.860        67
45.870        33
45.880        53
45.890        67
45.900        53
45.910        40
45.920        47
45.930        53
45.940        27
45.950        40
45.960        87
45.970        40
45.980        67
45.990        27
46.000        33
46.010        87
46.020        33
46.030        27
46.040        67
46.050        87
46.060        67
46.070       107
46.080        60
46.090        40
46.100        80
46.110        33
46.120        67
46.130       113
46.140       100
46.150       100
46.160        73
46.170        87
46.180       127
46.190       107
46.200       100
46.210       173
46.220       100
46.230       100
46.240       160
46.250       120
46.260       127
46.270       120
46.280       147
46.290       120
46.300       147
46.310       120
46.320       207
46.330       213
46.340       180
46.350       187
46.360       193
46.370       273
46.380       313
46.390       227
46.400       347
46.410       287
46.420       347
46.430       440
46.440       340
46.450       333
46.460       360
46.470       353
46.480       486
46.490       407
46.500       413
46.510       400
46.520       420
46.530       340
46.540       466
46.550       393
46.560       247
46.570       373
46.580       340
46.590       380
46.600       227
46.610       320
46.620       273
46.630       293
46.640       347
46.650       280
46.660       273
46.670       300
46.680       240
46.690       173
46.700       167
46.710       173
46.720       160
46.730       167
46.740       213
46.750       167
46.760       167
46.770       193
46.780       160
46.790       187
46.800        93
46.810       140
46.820       127
46.830       167
46.840       160
46.850       147
46.860        73
46.870        80
46.880       187
46.890       147
46.900       107
46.910       133
46.920       173
46.930       120
46.940       100
46.950       153
46.960       187
46.970       167
46.980       120
46.990       160
47.000       180
47.010       160
47.020       153
47.030       200
47.040       213
47.050       287
47.060       267
47.070       307
47.080       566
47.090       673
47.100      1066
47.110      1113
47.120      1733
47.130      1899
47.140      1839
47.150      2059
47.160      1953
47.170      1546
47.180      1353
47.190      1013
47.200       786
47.210       580
47.220       360
47.230       300
47.240       213
47.250       200
47.260       207
47.270       167
47.280       107
47.290       133
47.300       100
47.310       140
47.320       173
47.330       167
47.340        87
47.350       160
47.360       107
47.370       173
47.380        87
47.390       120
47.400        87
47.410       107
47.420       107
47.430        73
47.440       133
47.450        40
47.460        80
47.470        80
47.480        73
47.490        73
47.500        80
47.510        73
47.520        80
47.530        67
47.540        47
47.550       100
47.560        80
47.570        73
47.580       113
47.590        87
47.600        80
47.610       107
47.620        87
47.630        60
47.640        27
47.650       107
47.660        73
47.670        60
47.680        47
47.690       100
47.700        80
47.710        87
47.720        73
47.730        73
47.740        60
47.750        67
47.760       107
47.770        60
47.780        67
47.790        33
47.800        80
47.810        53
47.820        80
47.830        67
47.840        33
47.850        60
47.860        93
47.870        53
47.880        27
47.890        60
47.900        40
47.910       100
47.920        47
47.930        80
47.940        20
47.950        80
47.960        53
47.970        73
47.980        40
47.990        80
48.000        67
48.010        40
48.020        67
48.030        40
48.040        80
48.050        33
48.060        47
48.070        53
48.080        67
48.090        40
48.100        87
48.110        67
48.120        60
48.130        33
48.140       113
48.150        40
48.160        53
48.170        73
48.180       113
48.190        73
48.200        67
48.210        67
48.220        73
48.230        67
48.240        47
48.250       100
48.260        60
48.270        33
48.280        60
48.290        47
48.300        60
48.310       113
48.320        33
48.330        53
48.340        67
48.350        73
48.360        73
48.370        53
48.380        80
48.390        33
48.400        93
48.410        67
48.420        80
48.430        60
48.440        27
48.450        47
48.460        40
48.470        60
48.480        60
48.490        67
48.500        47
48.510        40
48.520        87
48.530        73
48.540        53
48.550        73
48.560        67
48.570        47
48.580        47
48.590        27
48.600        47
48.610        47
48.620        40
48.630        93
48.640        53
48.650        60
48.660        73
48.670        40
48.680        20
48.690        47
48.700        53
48.710        47
48.720        87
48.730        33
48.740        80
48.750        53
48.760        40
48.770        60
48.780        40
48.790        67
48.800        33
48.810        27
48.820        53
48.830        33
48.840        53
48.850        40
48.860        80
48.870        53
48.880        53
48.890        73
48.900        87
48.910        60
48.920        53
48.930        73
48.940        53
48.950        87
48.960        73
48.970        47
48.980        40
48.990        40
49.000        47
49.010        60
49.020        40
49.030        73
49.040        27
49.050        47
49.060        60
49.070        47
49.080        40
49.090        53
49.100        47
49.110        73
49.120        60
49.130        47
49.140        73
49.150        67
49.160        53
49.170        33
49.180        53
49.190        53
49.200        40
49.210        80
49.220        47
49.230        67
49.240        40
49.250        40
49.260        67
49.270       107
49.280        27
49.290        27
49.300        53
49.310        40
49.320        87
49.330        47
49.340        27
49.350        73
49.360        73
49.370        60
49.380        87
49.390        47
49.400        47
49.410        93
49.420        80
49.430        80
49.440        60
49.450        60
49.460        53
49.470        47
49.480        60
49.490        53
49.500        47
49.510        53
49.520        40
49.530        33
49.540        87
49.550        80
49.560        73
49.570        40
49.580        47
49.590        47
49.600        93
49.610        53
49.620        47
49.630        33
49.640        53
49.650        47
49.660        40
49.670        33
49.680        27
49.690        40
49.700        47
49.710        80
49.720        73
49.730        73
49.740        13
49.750        87
49.760        40
49.770        40
49.780        53
49.790        47
49.800        73
49.810        40
49.820        47
49.830        27
49.840        80
49.850        53
49.860        20
49.870        47
49.880        93
49.890        93
49.900        47
49.910        53
49.920        27
49.930        80
49.940        20
49.950        40
49.960        53
49.970        73
49.980        93
49.990        40
50.000        80
50.010        20
50.020        40
50.030       100
50.040        33
50.050        53
50.060        53
50.070        67
50.080        93
50.090        53
50.100        33
50.110        67
50.120        73
50.130        93
50.140        40
50.150        73
50.160        40
50.170        60
50.180        40
50.190        60
50.200        60
50.210        33
50.220        47
50.230        60
50.240        47
50.250        47
50.260        40
50.270        27
50.280        87
50.290        60
50.300        47
50.310        60
50.320        53
50.330        33
50.340        53
50.350        47
50.360        20
50.370        33
50.380        80
50.390        60
50.400        67
50.410        67
50.420        60
50.430        73
50.440        73
50.450        93
50.460        80
50.470        80
50.480        67
50.490        87
50.500        60
50.510        40
50.520        73
50.530        73
50.540        60
50.550        73
50.560        73
50.570       120
50.580       120
50.590        73
50.600       180
50.610       200
50.620       227
50.630       227
50.640       333
50.650       400
50.660       333
50.670       513
50.680       540
50.690       480
50.700       400
50.710       420
50.720       480
50.730       533
50.740       426
50.750       566
50.760       466
50.770       540
50.780       546
50.790       486
50.800       553
50.810       466
50.820       520
50.830       493
50.840       480
50.850       433
50.860       446
50.870       580
50.880       493
50.890       407
50.900       426
50.910       480
50.920       646
50.930       506
50.940       440
50.950       566
50.960       526
50.970       460
50.980       480
50.990       586
51.000       387
51.010       446
51.020       533
51.030       506
51.040       540
51.050       520
51.060       500
51.070       540
51.080       460
51.090       460
51.100       573
51.110       506
51.120       486
51.130       600
51.140       460
51.150       600
51.160       473
51.170       626
51.180       453
51.190       460
51.200       513
51.210       466
51.220       500
51.230       533
51.240       573
51.250       586
51.260       586
51.270       553
51.280       533
51.290       566
51.300       513
51.310       500
51.320       486
51.330       553
51.340       440
51.350       473
51.360       540
51.370       533
51.380       526
51.390       566
51.400       560
51.410       500
51.420       613
51.430       533
51.440       520
51.450       606
51.460       546
51.470       566
51.480       486
51.490       426
51.500       560
51.510       633
51.520       573
51.530       506
51.540       533
51.550       513
51.560       546
51.570       526
51.580       533
51.590       600
51.600       513
51.610       566
51.620       533
51.630       593
51.640       573
51.650       540
51.660       493
51.670       593
51.680       493
51.690       553
51.700       660
51.710       586
51.720       620
51.730       580
51.740       546
51.750       546
51.760       573
51.770       653
51.780       533
51.790       566
51.800       600
51.810       680
51.820       646
51.830       773
51.840       646
51.850       713
51.860       686
51.870       620
51.880       713
51.890       626
51.900       733
51.910       713
51.920       646
51.930       673
51.940       826
51.950       620
51.960       653
51.970       706
51.980       653
51.990       760
52.000       706
52.010       880
52.020       673
52.030       846
52.040       773
52.050       826
52.060       946
52.070       826
52.080       853
52.090       933
52.100       866
52.110       906
52.120      1040
52.130       993
52.140       960
52.150      1046
52.160      1133
52.170      1093
52.180      1313
52.190      1286
52.200      1453
52.210      1346
52.220      1519
52.230      1646
52.240      1793
52.250      2026
52.260      2279
52.270      2772
52.280      3412
52.290      3585
52.300      4638
52.310      5291
52.320      6098
52.330      6657
52.340      7610
52.350      8317
52.360      8723
52.370      9223
52.380     10309
52.390     11002
52.400     11509
52.410     12148
52.420     12235
52.430     13128
52.440     13615
52.450     15367
52.460     17260
52.470     19339
52.480     23977
52.490     28589
52.500     40630
52.510     60336
52.520     92063
52.530    131234
52.540    167106
52.550    190490
52.560    200313
52.570    206744
52.580    201973
52.590    186512
52.600    156971
52.610    117460
52.620     80841
52.630     56897
52.640     45455
52.650     47941
52.660     60163
52.670     79195
52.680     99020
52.690    113441
52.700    120359
52.710    123671
52.720    119692
52.730    109576
52.740     92730
52.750     67793
52.760     45322
52.770     29402
52.780     18433
52.790     13235
52.800     10542
52.810      7904
52.820      7297
52.830      6297
52.840      5198
52.850      4505
52.860      3639
52.870      3299
52.880      3112
52.890      2965
52.900      2479
52.910      2366
52.920      2426
52.930      2046
52.940      1953
52.950      1993
52.960      1779
52.970      1666
52.980      1566
52.990      1533
53.000      1333
53.010      1546
53.020      1499
53.030      1233
53.040      1180
53.050      1173
53.060      1106
53.070      1093
53.080      1013
53.090      1026
53.100      1046
53.110       933
53.120      1000
53.130      1040
53.140       933
53.150       926
53.160       873
53.170       960
53.180       926
53.190       913
53.200       893
53.210       860
53.220       960
53.230       846
53.240       733
53.250       833
53.260       760
53.270       786
53.280       653
53.290       860
53.300       713
53.310       680
53.320       733
53.330       773
53.340       633
53.350       620
53.360       773
53.370       706
53.380       780
53.390       553
53.400       666
53.410       493
53.420       600
53.430       653
53.440       600
53.450       600
53.460       640
53.470       673
53.480       653
53.490       626
53.500       586
53.510       600
53.520       686
53.530       546
53.540       573
53.550       566
53.560       566
53.570       513
53.580       560
53.590       440
53.600       553
53.610       653
53.620       466
53.630       646
53.640       560
53.650       580
53.660       480
53.670       480
53.680       493
53.690       580
53.700       506
53.710       600
53.720       560
53.730       480
53.740       333
53.750       446
53.760       493
53.770       513
53.780       513
53.790       593
53.800       466
53.810       480
53.820       473
53.830       573
53.840       506
53.850       400
53.860       493
53.870       373
53.880       407
53.890       400
53.900       420
53.910       420
53.920       433
53.930       440
53.940       433
53.950       426
53.960       460
53.970       446
53.980       426
53.990       433
54.000       440
54.010       373
54.020       373
54.030       380
54.040       413
54.050       440
54.060       380
54.070       267
54.080       380
54.090       440
54.100       426
54.110       373
54.120       340
54.130       353
54.140       480
54.150       353
54.160       493
54.170       367
54.180       440
54.190       353
54.200       413
54.210       426
54.220       466
54.230       393
54.240       466
54.250       407
54.260       373
54.270       380
54.280       433
54.290       413
54.300       420
54.310       407
54.320       480
54.330       407
54.340       400
54.350       333
54.360       433
54.370       393
54.380       347
54.390       320
54.400       287
54.410       367
54.420       327
54.430       347
54.440       333
54.450       393
54.460       327
54.470       367
54.480       340
54.490       373
54.500       360
54.510       353
54.520       407
54.530       340
54.540       360
54.550       373
54.560       300
54.570       440
54.580       426
54.590       307
54.600       380
54.610       307
54.620       360
54.630       333
54.640       407
54.650       300
54.660       373
54.670       293
54.680       293
54.690       353
54.700       287
54.710       273
54.720       426
54.730       313
54.740       420
54.750       426
54.760       213
54.770       373
54.780       360
54.790       280
54.800       327
54.810       387
54.820       373
54.830       360
54.840       380
54.850       333
54.860       400
54.870       300
54.880       340
54.890       413
54.900       333
54.910       360
54.920       293
54.930       353
54.940       313
54.950       280
54.960       333
54.970       360
54.980       340
54.990       353
55.000       287
55.010       353
55.020       407
55.030       333
55.040       307
55.050       360
55.060       293
55.070       327
55.080       267
55.090       273
55.100       280
55.110       347
55.120       287
55.130       300
55.140       240
55.150       313
55.160       327
55.170       300
55.180       260
55.190       227
55.200       360
55.210       373
55.220       360
55.230       293
55.240       307
55.250       253
55.260       307
55.270       280
55.280       253
55.290       313
55.300       293
55.310       320
55.320       267
55.330       307
55.340       327
55.350       280
55.360       293
55.370       307
55.380       353
55.390       340
55.400       220
55.410       333
55.420       240
55.430       353
55.440       313
55.450       333
55.460       247
55.470       267
55.480       293
55.490       240
55.500       300
55.510       327
55.520       320
55.530       333
55.540       200
55.550       340
55.560       247
55.570       227
55.580       267
55.590       313
55.600       333
55.610       280
55.620       340
55.630       300
55.640       260
55.650       213
55.660       367
55.670       200
55.680       287
55.690       287
55.700       240
55.710       220
55.720       360
55.730       253
55.740       300
55.750       293
55.760       233
55.770       293
55.780       247
55.790       260
55.800       240
55.810       307
55.820       293
55.830       253
55.840       307
55.850       260
55.860       193
55.870       267
55.880       233
55.890       253
55.900       333
55.910       213
55.920       247
55.930       160
55.940       253
55.950       193
55.960       220
55.970       273
55.980       267
55.990       280
56.000       307
56.010       300
56.020       273
56.030       193
56.040       280
56.050       240
56.060       247
56.070       300
56.080       393
56.090       293
56.100       273
56.110       233
56.120       307
56.130       227
56.140       267
56.150       167
56.160       227
56.170       260
56.180       273
56.190       253
56.200       173
56.210       280
56.220       240
56.230       300
56.240       273
56.250       280
56.260       260
56.270       307
56.280       260
56.290       193
56.300       267
56.310       233
56.320       207
56.330       233
56.340       200
56.350       300
56.360       333
56.370       233
56.380       267
56.390       260
56.400       300
56.410       260
56.420       240
56.430       273
56.440       293
56.450       213
56.460       240
56.470       233
56.480       213
56.490       233
56.500       253
56.510       320
56.520       293
56.530       180
56.540       207
56.550       287
56.560       313
56.570       253
56.580       273
56.590       253
56.600       273
56.610       247
56.620       273
56.630       233
56.640       220
56.650       220
56.660       187
56.670       240
56.680       180
56.690       260
56.700       193
56.710       227
56.720       273
56.730       200
56.740       273
56.750       247
56.760       253
56.770       207
56.780       200
56.790       240
56.800       287
56.810       233
56.820       273
56.830       327
56.840       327
56.850       173
56.860       227
56.870       280
56.880       213
56.890       213
56.900       207
56.910       193
56.920       253
56.930       340
56.940       247
56.950       160
56.960       300
56.970       193
56.980       153
56.990       247
57.000       227
57.010       247
57.020       193
57.030       333
57.040       233
57.050       300
57.060       267
57.070       253
57.080       160
57.090       200
57.100       193
57.110       187
57.120       233
57.130       220
57.140       173
57.150       267
57.160       187
57.170       280
57.180       220
57.190       227
57.200       200
57.210       187
57.220       207
57.230       320
57.240       293
57.250       240
57.260       180
57.270       227
57.280       193
57.290       300
57.300       167
57.310       207
57.320       220
57.330       200
57.340       220
57.350       153
57.360       173
57.370       240
57.380       240
57.390       260
57.400       240
57.410       173
57.420       253
57.430       207
57.440       240
57.450       227
57.460       200
57.470       200
57.480       233
57.490       120
57.500       260
57.510       227
57.520       267
57.530       233
57.540       220
57.550       153
57.560       273
57.570       193
57.580       207
57.590       313
57.600       167
57.610       167
57.620       207
57.630       160
57.640       253
57.650       180
57.660       187
57.670       227
57.680       260
57.690       227
57.700       207
57.710       193
57.720       207
57.730       187
57.740       280
57.750       240
57.760       220
57.770       260
57.780       167
57.790       180
57.800       207
57.810       180
57.820       213
57.830       173
57.840       180
57.850       240
57.860       220
57.870       307
57.880       180
57.890       173
57.900       260
57.910       213
57.920       260
57.930       280
57.940       253
57.950       160
57.960       233
57.970       180
57.980       180
57.990       233
58.000       233
58.010       293
58.020       200
58.030       207
58.040       220
58.050       180
58.060       187
58.070       200
58.080       220
58.090       193
58.100       233
58.110       160
58.120       160
58.130       280
58.140       193
58.150       207
58.160       233
58.170       200
58.180       167
58.190       247
58.200       160
58.210       120
58.220       187
58.230       193
58.240       213
58.250       160
58.260       127
58.270       220
58.280       153
58.290       173
58.300       240
58.310       167
58.320       187
58.330       153
58.340       227
58.350       207
58.360       220
58.370       173
58.380       147
58.390       187
58.400       180
58.410       173
58.420       220
58.430       220
58.440       187
58.450       160
58.460       147
58.470       200
58.480       220
58.490       207
58.500       247
58.510       147
58.520       193
58.530       167
58.540       193
58.550       173
58.560       187
58.570       127
58.580       193
58.590       187
58.600       167
58.610       133
58.620       160
58.630       200
58.640       173
58.650       253
58.660       160
58.670       200
58.680       173
58.690       220
58.700       127
58.710       200
58.720       160
58.730       160
58.740       207
58.750       233
58.760       173
58.770       220
58.780       127
58.790       180
58.800       127
58.810       187
58.820       227
58.830       200
58.840       147
58.850       173
58.860       173
58.870       213
58.880       207
58.890       200
58.900       153
58.910       153
58.920       180
58.930       160
58.940       180
58.950       140
58.960       147
58.970       193
58.980       200
58.990       127
59.000       167
59.010       147
59.020       173
59.030       173
59.040       173
59.050       167
59.060       220
59.070       153
59.080       127
59.090       200
59.100       193
59.110       167
59.120       173
59.130       160
59.140       147
59.150       213
59.160       113
59.170       187
59.180       173
59.190       200
59.200       187
59.210       180
59.220       207
59.230       280
59.240       213
59.250       140
59.260       120
59.270       127
59.280       180
59.290       173
59.300       187
59.310       167
59.320       140
59.330       180
59.340       167
59.350       187
59.360       227
59.370       147
59.380       220
59.390       207
59.400       113
59.410       160
59.420       180
59.430       187
59.440       193
59.450       213
59.460       160
59.470       167
59.480       160
59.490       153
59.500       167
59.510       113
59.520       160
59.530       207
59.540       187
59.550       187
59.560       173
59.570       140
59.580       173
59.590       153
59.600       200
59.610       153
59.620       193
59.630       187
59.640       113
59.650       193
59.660       120
59.670       113
59.680       127
59.690       127
59.700       180
59.710       153
59.720       187
59.730       180
59.740       160
59.750       153
59.760       293
59.770       173
59.780       173
59.790       120
59.800       153
59.810       207
59.820       160
59.830       187
59.840       153
59.850       133
59.860       200
59.870       133
59.880       160
59.890       160
59.900       160
59.910       160
59.920       173
59.930       193
59.940       160
59.950       173
59.960       120
59.970       173
59.980       147
59.990       180
60.000       180
