20.000         0
20.020         0
20.040        29
20.060        86
20.080        14
20.100        71
20.120        43
20.140        57
20.160        43
20.180        43
20.200       129
20.220        57
20.240        86
20.260        71
20.280       100
20.300        43
20.320        71
20.340        71
20.360        86
20.380        86
20.400        43
20.420        29
20.440        57
20.460        57
20.480        57
20.500        14
20.520        29
20.540       100
20.560        43
20.580        86
20.600        14
20.620       143
20.640        57
20.660        71
20.680        86
20.700        86
20.720       129
20.740        29
20.760        29
20.780        71
20.800        57
20.820        71
20.840        86
20.860        43
20.880       114
20.900        86
20.920        14
20.940        86
20.960        14
20.980        57
21.000        71
21.020        43
21.040       100
21.060        14
21.080        57
21.100        86
21.120        71
21.140        86
21.160        43
21.180        29
21.200        57
21.220        57
21.240        86
21.260       100
21.280        29
21.300        43
21.320        57
21.340        71
21.360        29
21.380       143
21.400        43
21.420        43
21.440       143
21.460        86
21.480        86
21.500       100
21.520        43
21.540       129
21.560        29
21.580        43
21.600        86
21.620        71
21.640       114
21.660        71
21.680       100
21.700        43
21.720        29
21.740        71
21.760       100
21.780       157
21.800        71
21.820        86
21.840        57
21.860        43
21.880        71
21.900        86
21.920       143
21.940        29
21.960        86
21.980        71
22.000       114
22.020        71
22.040        57
22.060        71
22.080        29
22.100       129
22.120        71
22.140        43
22.160        86
22.180        57
22.200        29
22.220        57
22.240        43
22.260        29
22.280        86
22.300        43
22.320        57
22.340        14
22.360        57
22.380        43
22.400        57
22.420       100
22.440        14
22.460        29
22.480        86
22.500        29
22.520        57
22.540        43
22.560        43
22.580        43
22.600        86
22.620        43
22.640        57
22.660       100
22.680       114
22.700        14
22.720        57
22.740        86
22.760        14
22.780       114
22.800        29
22.820        57
22.840        57
22.860        86
22.880        86
22.900        71
22.920       100
22.940        14
22.960        29
22.980        43
23.000        57
23.020        71
23.040        57
23.060        43
23.080        86
23.100        29
23.120       100
23.140       100
23.160        86
23.180        43
23.200        57
23.220        14
23.240        57
23.260        86
23.280        57
23.300        71
23.320        43
23.340        43
23.360        86
23.380       100
23.400        14
23.420       129
23.440        71
23.460        57
23.480        71
23.500        71
23.520        43
23.540       114
23.560        86
23.580        43
23.600       129
23.620        14
23.640        86
23.660        71
23.680        71
23.700        29
23.720        29
23.740        43
23.760        43
23.780        71
23.800        43
23.820        43
23.840        86
23.860        57
23.880       100
23.900        14
23.920        57
23.940        14
23.960        29
23.980        57
24.000        43
24.020        86
24.040        71
24.060        57
24.080        43
24.100       129
24.120        57
24.140        29
24.160        29
24.180        14
24.200        43
24.220        86
24.240        14
24.260        14
24.280        57
24.300        43
24.320        86
24.340        57
24.360        14
24.380        57
24.400        43
24.420        29
24.440        29
24.460        57
24.480        29
24.500        57
24.520        29
24.540        29
24.560        29
24.580        43
24.600        86
24.620        71
24.640        29
24.660        43
24.680        29
24.700        43
24.720        43
24.740        29
24.760        71
24.780       100
24.800        57
24.820        57
24.840        57
24.860        43
24.880       100
24.900        29
24.920        43
24.940        71
24.960        86
24.980       100
25.000       143
25.020        71
25.040       129
25.060       186
25.080       143
25.100       129
25.120       171
25.140       243
25.160       214
25.180       243
25.200       257
25.220       157
25.240       257
25.260       400
25.280       357
25.300       357
25.320       314
25.340       200
25.360       286
25.380       300
25.400       314
25.420       314
25.440       314
25.460       228
25.480       143
25.500       129
25.520       171
25.540       100
25.560       100
25.580       129
25.600        43
25.620        43
25.640        14
25.660        43
25.680        57
25.700        57
25.720        71
25.740        43
25.760        86
25.780        43
25.800        29
25.820        14
25.840        29
25.860        43
25.880        43
25.900        43
25.920        43
25.940        43
25.960        57
25.980        14
26.000        43
26.020        43
26.040        43
26.060        43
26.080        86
26.100        29
26.120        43
26.140        14
26.160        57
26.180        29
26.200        43
26.220        43
26.240        86
26.260        43
26.280        71
26.300        14
26.320        57
26.340        71
26.360        29
26.380        43
26.400        14
26.420        14
26.440        71
26.460        29
26.480        43
26.500        57
26.520        29
26.540        43
26.560        14
26.580        29
26.600        43
26.620       100
26.640        14
26.660        57
26.680        57
26.700        43
26.720        57
26.740        86
26.760        43
26.780        57
26.800        71
26.820        57
26.840        71
26.860        43
26.880        43
26.900        71
26.920        43
26.940       114
26.960        43
26.980        71
27.000       100
27.020        86
27.040        43
27.060        86
27.080        43
27.100        57
27.120        57
27.140        71
27.160        57
27.180        29
27.200        43
27.220        71
27.240        71
27.260         0
27.280        14
27.300        43
27.320       100
27.340        14
27.360         0
27.380        29
27.400        71
27.420        14
27.440       114
27.460        57
27.480        86
27.500        43
27.520        14
27.540        71
27.560        43
27.580        29
27.600        57
27.620        43
27.640        43
27.660        43
27.680        29
27.700        14
27.720        57
27.740        14
27.760        43
27.780        43
27.800        29
27.820        29
27.840        14
27.860        43
27.880        43
27.900        57
27.920         0
27.940         0
27.960        57
27.980        29
28.000        29
28.020        29
28.040        57
28.060         0
28.080        57
28.100        43
28.120        29
28.140        43
28.160        57
28.180        57
28.200        29
28.220        57
28.240        71
28.260        86
28.280        14
28.300        57
28.320        29
28.340        71
28.360        43
28.380        86
28.400        43
28.420         0
28.440        14
28.460        29
28.480        57
28.500        14
28.520        29
28.540        29
28.560        29
28.580        71
28.600        14
28.620        29
28.640        29
28.660        71
28.680        29
28.700        43
28.720        29
28.740        43
28.760         0
28.780        29
28.800        29
28.820         0
28.840        14
28.860        71
28.880        57
28.900        43
28.920        29
28.940        43
28.960        43
28.980        71
29.000        71
29.020        14
29.040        14
29.060        57
29.080        29
29.100        29
29.120        29
29.140        43
29.160        14
29.180        71
29.200        29
29.220        29
29.240        43
29.260       100
29.280        71
29.300        57
29.320        29
29.340        71
29.360        29
29.380        43
29.400        86
29.420       114
29.440       143
29.460        86
29.480       100
29.500       186
29.520       186
29.540       171
29.560       171
29.580       157
29.600       300
29.620       300
29.640       343
29.660       300
29.680       286
29.700       400
29.720       400
29.740       371
29.760       471
29.780       486
29.800       500
29.820       585
29.840       471
29.860       486
29.880       543
29.900       400
29.920       243
29.940       314
29.960       414
29.980       328
30.000       171
30.020       129
30.040       100
30.060        43
30.080        71
30.100        57
30.120        29
30.140        71
30.160        57
30.180        29
30.200        43
30.220        86
30.240        14
30.260        29
30.280        71
30.300        29
30.320        14
30.340        71
30.360        14
30.380        43
30.400        14
30.420        43
30.440        57
30.460        71
30.480         0
30.500        71
30.520        29
30.540        43
30.560        43
30.580        43
30.600        43
30.620        14
30.640        57
30.660        29
30.680        29
30.700        14
30.720         0
30.740        14
30.760        14
30.780        57
30.800        14
30.820        57
30.840        29
30.860        57
30.880        14
30.900        57
30.920        14
30.940        29
30.960        43
30.980        14
31.000        71
31.020        43
31.040        43
31.060        57
31.080        29
31.100        29
31.120        29
31.140        14
31.160        43
31.180        14
31.200        29
31.220       100
31.240        57
31.260        43
31.280        29
31.300        29
31.320        43
31.340        29
31.360        43
31.380        29
31.400        14
31.420        57
31.440        29
31.460        29
31.480        29
31.500        29
31.520       100
31.540        43
31.560        71
31.580        14
31.600        57
31.620        57
31.640         0
31.660        57
31.680        29
31.700        86
31.720        43
31.740        43
31.760        14
31.780        43
31.800        29
31.820        57
31.840        29
31.860        86
31.880        71
31.900        57
31.920        57
31.940        57
31.960       100
31.980        29
32.000        43
32.020        29
32.040        29
32.060        29
32.080        71
32.100        14
32.120        14
32.140        14
32.160        43
32.180        14
32.200        43
32.220        14
32.240        29
32.260        29
32.280        71
32.300        43
32.320        57
32.340         0
32.360        14
32.380        29
32.400        29
32.420        57
32.440        43
32.460        14
32.480        14
32.500        14
32.520         0
32.540        57
32.560        86
32.580        43
32.600        29
32.620        43
32.640        14
32.660        29
32.680        43
32.700        29
32.720        71
32.740        43
32.760         0
32.780        57
32.800        29
32.820        29
32.840        43
32.860        14
32.880        57
32.900        14
32.920        14
32.940        43
32.960         0
32.980        57
33.000        71
33.020        43
33.040        14
33.060        71
33.080        29
33.100        57
33.120        29
33.140        29
33.160        57
33.180        29
33.200        57
33.220         0
33.240        57
33.260        14
33.280        14
33.300        57
33.320        43
33.340        29
33.360        29
33.380        43
33.400        14
33.420        14
33.440        14
33.460         0
33.480        14
33.500        29
33.520        29
33.540        43
33.560        57
33.580        29
33.600        14
33.620        14
33.640        29
33.660        57
33.680        29
33.700        14
33.720        29
33.740        29
33.760        43
33.780         0
33.800        29
33.820         0
33.840        29
33.860        71
33.880        29
33.900         0
33.920        14
33.940        29
33.960        29
33.980        57
34.000        43
34.020        86
34.040        29
34.060        14
34.080        43
34.100         0
34.120        14
34.140        43
34.160        29
34.180         0
34.200        14
34.220        43
34.240        71
34.260        57
34.280        14
34.300        29
34.320        43
34.340        14
34.360        57
34.380        43
34.400        14
34.420         0
34.440        14
34.460        14
34.480        29
34.500        43
34.520        14
34.540        29
34.560         0
34.580        14
34.600        29
34.620        29
34.640        14
34.660        29
34.680        43
34.700         0
34.720        29
34.740        14
34.760        14
34.780        29
34.800        29
34.820        43
34.840        43
34.860        14
34.880        29
34.900        29
34.920        43
34.940        29
34.960        14
34.980        29
35.000        14
35.020        29
35.040         0
35.060        29
35.080        29
35.100        43
35.120        14
35.140        43
35.160         0
35.180         0
35.200        57
35.220        57
35.240        43
35.260        29
35.280        86
35.300         0
35.320        71
35.340        43
35.360        14
35.380        14
35.400        29
35.420         0
35.440        57
35.460         0
35.480        29
35.500        43
35.520        43
35.540        14
35.560        29
35.580        43
35.600        14
35.620         0
35.640         0
35.660        43
35.680        14
35.700        43
35.720         0
35.740        57
35.760        29
35.780        29
35.800        57
35.820        29
35.840        43
35.860        43
35.880        29
35.900        57
35.920        86
35.940        43
35.960        14
35.980        71
36.000        29
36.020         0
36.040        14
36.060        57
36.080        29
36.100        14
36.120        43
36.140        71
36.160        29
36.180        43
36.200        57
36.220        29
36.240       100
36.260       100
36.280        71
36.300       114
36.320        57
36.340        71
36.360        86
36.380        86
36.400       100
36.420       186
36.440        43
36.460        71
36.480       114
36.500       100
36.520        57
36.540        57
36.560        71
36.580        86
36.600        43
36.620        57
36.640        57
36.660        14
36.680        14
36.700        29
36.720        29
36.740         0
36.760        29
36.780        14
36.800        29
36.820         0
36.840        43
36.860         0
36.880        14
36.900        29
36.920         0
36.940        86
36.960        14
36.980        43
37.000        43
37.020        71
37.040        14
37.060        71
37.080        43
37.100        57
37.120        29
37.140        43
37.160        29
37.180        43
37.200        71
37.220        43
37.240        14
37.260        29
37.280        14
37.300         0
37.320        29
37.340        14
37.360        29
37.380         0
37.400        14
37.420         0
37.440        29
37.460         0
37.480        29
37.500        29
37.520        14
37.540        29
37.560         0
37.580        29
37.600        57
37.620        14
37.640        57
37.660        43
37.680        29
37.700       100
37.720       100
37.740        43
37.760        29
37.780        29
37.800        43
37.820        71
37.840        43
37.860       114
37.880        29
37.900        57
37.920       100
37.940        29
37.960        57
37.980        43
38.000        71
38.020        57
38.040        71
38.060        71
38.080        43
38.100       100
38.120        43
38.140        71
38.160       114
38.180        71
38.200        86
38.220       114
38.240        71
38.260        71
38.280        57
38.300        71
38.320        71
38.340       100
38.360        29
38.380        29
38.400        14
38.420        57
38.440        29
38.460        29
38.480        29
38.500        14
38.520        71
38.540        29
38.560        71
38.580         0
38.600        57
38.620        14
38.640        43
38.660        43
38.680        43
38.700        14
38.720        71
38.740        29
38.760        29
38.780        43
38.800        29
38.820        71
38.840       100
38.860        57
38.880        86
38.900        43
38.920        14
38.940        29
38.960        71
38.980        86
39.000        43
39.020        14
39.040        14
39.060        57
39.080        29
39.100        29
39.120        29
39.140        29
39.160        14
39.180        43
39.200        14
39.220        14
39.240         0
39.260        86
39.280        29
39.300        57
39.320        43
39.340         0
39.360        43
39.380        14
39.400        71
39.420        86
39.440        29
39.460        43
39.480        71
39.500        14
39.520       114
39.540        86
39.560        29
39.580       100
39.600       100
39.620       100
39.640        86
39.660       129
39.680        86
39.700        71
39.720       129
39.740       143
39.760       143
39.780       114
39.800       157
39.820       214
39.840        71
39.860        71
39.880       157
39.900        71
39.920       100
39.940        71
39.960        57
39.980        57
40.000        57
40.020        14
40.040       157
40.060       100
40.080        57
40.100        43
40.120        29
40.140        29
40.160        29
40.180        43
40.200        14
40.220        14
40.240        71
40.260        71
40.280        86
40.300        57
40.320        14
40.340        57
40.360        43
40.380        14
40.400        43
40.420        71
40.440        29
40.460        14
40.480        57
40.500        57
40.520        14
40.540        14
40.560        14
40.580        14
40.600        29
40.620        14
40.640        14
40.660        29
40.680        43
40.700         0
40.720        29
40.740        14
40.760        29
40.780        71
40.800         0
40.820        43
40.840        43
40.860        57
40.880        29
40.900        29
40.920        29
40.940        57
40.960        14
40.980        29
41.000         0
41.020        14
41.040         0
41.060        43
41.080        29
41.100        43
41.120        43
41.140        43
41.160        43
41.180        14
41.200        14
41.220        57
41.240        14
41.260        29
41.280        57
41.300        29
41.320        29
41.340        29
41.360        29
41.380        29
41.400         0
41.420       100
41.440        14
41.460        43
41.480        57
41.500        57
41.520        43
41.540        57
41.560        14
41.580        29
41.600        57
41.620        29
41.640        29
41.660        14
41.680        14
41.700        57
41.720        29
41.740        29
41.760        14
41.780        57
41.800         0
41.820        57
41.840        14
41.860        29
41.880        29
41.900        29
41.920        43
41.940        14
41.960        29
41.980        29
42.000        14
42.020        43
42.040        14
42.060        14
42.080        14
42.100        86
42.120        14
42.140        14
42.160        57
42.180        14
42.200        86
42.220        43
42.240        29
42.260        14
42.280        14
42.300        14
42.320        43
42.340        29
42.360        29
42.380        43
42.400        57
42.420         0
42.440        86
42.460        14
42.480        29
42.500        29
42.520       100
42.540        43
42.560        14
42.580        14
42.600        14
42.620        14
42.640        57
42.660        29
42.680        14
42.700         0
42.720        71
42.740        43
42.760        14
42.780        57
42.800        43
42.820        29
42.840         0
42.860        29
42.880        43
42.900        14
42.920        43
42.940        14
42.960        43
42.980        43
43.000        71
43.020        57
43.040        14
43.060        43
43.080        57
43.100        57
43.120        29
43.140        57
43.160         0
43.180        57
43.200        14
43.220        29
43.240        43
43.260        14
43.280        57
43.300        14
43.320        29
43.340        71
43.360        57
43.380        43
43.400        29
43.420        57
43.440        71
43.460        57
43.480       114
43.500        71
43.520       129
43.540        43
43.560        86
43.580        57
43.600        86
43.620       157
43.640        71
43.660       114
43.680        57
43.700        86
43.720       100
43.740        71
43.760        57
43.780        57
43.800       114
43.820        43
43.840        71
43.860        29
43.880        57
43.900        14
43.920        14
43.940        43
43.960        14
43.980         0
44.000        29
44.020        57
44.040        57
44.060        14
44.080        43
44.100        29
44.120        29
44.140        29
44.160        43
44.180        29
44.200         0
44.220         0
44.240        29
44.260        14
44.280        29
44.300        14
44.320         0
44.340        29
44.360        29
44.380        29
44.400        57
44.420        43
44.440        57
44.460        14
44.480        29
44.500         0
44.520         0
44.540        29
44.560        29
44.580        29
44.600         0
44.620         0
44.640        43
44.660        57
44.680        29
44.700        29
44.720        43
44.740        43
44.760        43
44.780        29
44.800        14
44.820         0
44.840        29
44.860        29
44.880         0
44.900        14
44.920        43
44.940        29
44.960        57
44.980         0
45.000        43
45.020        29
45.040        14
45.060        29
45.080        14
45.100        14
45.120         0
45.140        29
45.160        14
45.180        29
45.200        43
45.220        29
45.240        29
45.260        14
45.280        57
45.300        29
45.320        14
45.340         0
45.360        29
45.380        43
45.400        14
45.420        43
45.440        29
45.460        43
45.480        71
45.500        57
45.520        57
45.540         0
45.560        29
45.580        29
45.600        29
45.620        29
45.640        29
45.660        14
45.680        14
45.700        86
45.720        14
45.740        29
45.760         0
45.780        14
45.800        71
45.820         0
45.840         0
45.860        43
45.880        14
45.900        29
45.920        14
45.940        43
45.960        29
45.980        14
46.000        29
46.020        14
46.040        29
46.060         0
46.080        29
46.100        57
46.120        57
46.140        14
46.160        14
46.180        86
46.200        14
46.220        14
46.240        29
46.260        14
46.280        14
46.300         0
46.320        14
46.340        14
46.360        29
46.380        29
46.400        43
46.420        14
46.440        43
46.460        29
46.480        57
46.500         0
46.520        29
46.540        14
46.560        29
46.580        29
46.600        14
46.620        29
46.640        14
46.660        29
46.680        14
46.700        14
46.720         0
46.740        43
46.760        14
46.780         0
46.800        29
46.820        14
46.840         0
46.860        29
46.880        29
46.900        43
46.920        14
46.940         0
46.960        29
46.980        14
47.000        43
47.020        14
47.040        57
47.060         0
47.080        14
47.100        29
47.120        14
47.140        43
47.160        29
47.180        71
47.200        29
47.220        43
47.240        29
47.260        29
47.280        29
47.300        29
47.320        57
47.340        29
47.360        57
47.380        29
47.400        14
47.420        14
47.440        29
47.460        14
47.480        57
47.500        57
47.520        29
47.540        14
47.560        29
47.580        43
47.600        29
47.620        57
47.640        57
47.660        43
47.680        57
47.700        86
47.720        57
47.740        43
47.760       114
47.780       157
47.800        57
47.820        71
47.840        43
47.860       114
47.880       100
47.900       114
47.920       129
47.940       171
47.960       171
47.980       214
48.000       114
48.020       157
48.040        71
48.060       114
48.080        57
48.100       129
48.120       129
48.140        71
48.160        43
48.180        29
48.200        14
48.220        71
48.240        71
48.260        29
48.280        14
48.300        14
48.320        14
48.340        43
48.360        29
48.380        29
48.400        43
48.420        43
48.440        29
48.460        29
48.480        14
48.500        86
48.520        14
48.540        29
48.560        43
48.580         0
48.600        29
48.620        14
48.640        43
48.660        71
48.680        71
48.700        71
48.720        57
48.740        57
48.760       114
48.780       171
48.800        71
48.820        71
48.840       100
48.860        71
48.880        43
48.900       143
48.920       157
48.940       157
48.960       157
48.980        86
49.000       114
49.020       143
49.040        86
49.060       114
49.080       129
49.100        86
49.120        86
49.140        29
49.160         0
49.180        14
49.200        43
49.220        43
49.240        29
49.260        29
49.280        29
49.300        29
49.320         0
49.340        57
49.360        29
49.380        57
49.400        57
49.420        43
49.440         0
49.460        57
49.480        43
49.500        14
49.520        14
49.540         0
49.560        29
49.580        14
49.600        29
49.620        14
49.640        14
49.660        14
49.680        14
49.700        57
49.720        43
49.740        29
49.760        57
49.780        29
49.800        14
49.820        43
49.840        29
49.860        29
49.880        14
49.900        71
49.920         0
49.940        14
49.960        14
49.980        43
50.000        43
50.020        29
50.040         0
50.060        43
50.080        14
50.100        57
50.120        14
50.140        29
50.160        14
50.180        14
50.200         0
50.220        43
50.240        14
50.260        14
50.280        14
50.300        14
50.320        14
50.340        14
50.360        14
50.380        29
50.400        29
50.420        14
50.440        29
50.460        14
50.480        14
50.500        29
50.520        43
50.540        29
50.560        29
50.580         0
50.600        57
50.620        14
50.640         0
50.660        14
50.680        14
50.700        29
50.720        57
50.740        14
50.760         0
50.780        43
50.800        43
50.820        14
50.840        57
50.860        14
50.880         0
50.900        29
50.920        14
50.940        43
50.960        29
50.980        29
51.000        29
51.020        14
51.040        14
51.060        14
51.080         0
51.100        14
51.120        43
51.140        29
51.160        14
51.180        29
51.200        29
51.220        43
51.240        86
51.260        29
51.280        86
51.300        29
51.320        71
51.340        86
51.360        29
51.380       100
51.400        86
51.420        57
51.440        57
51.460        43
51.480        57
51.500        43
51.520        14
51.540        29
51.560        29
51.580        43
51.600        43
51.620        57
51.640        14
51.660        71
51.680        29
51.700         0
51.720        43
51.740        14
51.760        14
51.780        14
51.800        14
51.820        29
51.840        43
51.860         0
51.880         0
51.900         0
51.920        29
51.940        29
51.960        14
51.980        14
52.000        43
52.020        29
52.040         0
52.060        14
52.080         0
52.100        14
52.120        43
52.140        71
52.160         0
52.180         0
52.200        14
52.220         0
52.240         0
52.260         0
52.280        29
52.300        29
52.320         0
52.340        29
52.360        14
52.380        29
52.400        29
52.420        14
52.440        29
52.460        71
52.480         0
52.500        29
52.520        29
52.540         0
52.560        14
52.580         0
52.600        14
52.620        14
52.640         0
52.660         0
52.680         0
52.700        71
52.720        14
52.740        14
52.760        14
52.780        29
52.800         0
52.820         0
52.840        14
52.860        43
52.880        14
52.900        29
52.920        43
52.940        71
52.960        14
52.980        14
53.000         0
53.020        14
53.040        14
53.060         0
53.080         0
53.100        29
53.120        43
53.140        43
53.160         0
53.180        14
53.200        29
53.220         0
53.240        14
53.260        43
53.280        43
53.300        14
53.320         0
53.340         0
53.360        43
53.380        14
53.400        29
53.420         0
53.440         0
53.460        14
53.480        29
53.500         0
53.520         0
53.540         0
53.560        14
53.580        29
53.600        14
53.620        43
53.640        29
53.660         0
53.680        14
53.700        43
53.720        14
53.740         0
53.760        14
53.780        29
53.800        29
53.820         0
53.840        14
53.860        43
53.880        29
53.900        14
53.920        14
53.940        29
53.960        14
53.980        29
54.000         0
54.020        14
54.040         0
54.060        14
54.080         0
54.100        14
54.120        29
54.140        29
54.160        14
54.180         0
54.200        29
54.220        29
54.240        29
54.260        29
54.280        57
54.300        14
54.320        29
54.340        14
54.360         0
54.380        14
54.400        29
54.420        14
54.440        14
54.460        29
54.480        29
54.500         0
54.520        29
54.540         0
54.560        14
54.580        29
54.600        14
54.620        14
54.640         0
54.660         0
54.680        29
54.700        43
54.720         0
54.740        57
54.760        57
54.780        14
54.800        29
54.820        14
54.840         0
54.860        14
54.880        29
54.900        29
54.920        43
54.940         0
54.960        43
54.980        14
55.000        14
55.020        14
55.040        57
55.060        14
55.080        14
55.100        14
55.120        14
55.140         0
55.160        29
55.180         0
55.200        29
55.220        29
55.240        71
55.260        57
55.280        71
55.300        43
55.320        57
55.340        71
55.360        43
55.380        29
55.400        86
55.420        57
55.440        14
55.460        29
55.480        43
55.500        14
55.520        71
55.540        57
55.560        29
55.580        29
55.600        29
55.620        43
55.640        57
55.660        43
55.680        14
55.700        29
55.720         0
55.740        29
55.760        14
55.780        14
55.800        14
55.820        86
55.840         0
55.860        57
55.880        29
55.900        14
55.920        29
55.940        29
55.960        29
55.980         0
56.000        14
56.020        43
56.040        29
56.060        29
56.080        43
56.100        43
56.120        57
56.140         0
56.160        43
56.180        14
56.200        14
56.220        14
56.240         0
56.260        14
56.280        29
56.300         0
56.320        43
56.340        14
56.360        43
56.380         0
56.400        29
56.420         0
56.440        29
56.460        29
56.480        14
56.500        14
56.520        29
56.540        29
56.560         0
56.580        29
56.600        14
56.620        14
56.640         0
56.660        43
56.680        14
56.700        14
56.720         0
56.740         0
56.760         0
56.780        14
56.800        29
56.820        43
56.840        14
56.860        71
56.880        14
56.900        29
56.920        29
56.940        43
56.960        14
56.980         0
57.000       114
57.020        14
57.040        14
57.060        43
57.080        57
57.100        43
57.120         0
57.140        29
57.160        14
57.180        86
57.200        29
57.220        29
57.240        29
57.260        29
57.280        14
57.300        57
57.320        29
57.340        14
57.360        14
57.380        57
57.400        14
57.420        43
57.440        14
57.460         0
57.480         0
57.500        29
57.520        29
57.540         0
57.560        29
57.580        71
57.600        29
57.620        29
57.640        29
57.660        29
57.680        14
57.700        29
57.720        57
57.740       114
57.760        71
57.780        57
57.800        86
57.820        14
57.840        71
57.860        71
57.880        86
57.900        14
57.920        57
57.940        29
57.960        29
57.980        29
58.000        57
58.020        43
58.040        86
58.060        86
58.080         0
58.100        43
58.120        14
58.140         0
58.160        14
58.180        57
58.200        14
58.220        29
58.240         0
58.260        14
58.280       100
58.300        43
58.320        43
58.340        14
58.360        14
58.380        43
58.400        43
58.420        14
58.440         0
58.460        14
58.480        43
58.500        14
58.520        14
58.540        29
58.560        29
58.580         0
58.600         0
58.620        29
58.640         0
58.660        57
58.680        29
58.700        43
58.720        14
58.740        71
58.760        14
58.780        14
58.800        14
58.820        29
58.840         0
58.860        14
58.880        14
58.900         0
58.920         0
58.940         0
58.960        14
58.980        14
59.000        14
59.020        14
59.040        29
59.060        29
59.080         0
59.100         0
59.120        14
59.140        43
59.160        43
59.180        43
59.200        14
59.220        43
59.240        14
59.260        43
59.280         0
59.300        29
59.320         0
59.340        14
59.360        29
59.380        29
59.400         0
59.420        29
59.440        14
59.460         0
59.480        29
59.500        29
59.520         0
59.540        29
59.560         0
59.580         0
59.600        29
59.620        71
59.640        43
59.660         0
59.680        29
59.700        43
59.720        14
59.740        14
59.760        57
59.780         0
59.800        14
59.820        14
59.840        14
59.860         0
59.880        43
59.900        57
59.920        14
59.940        43
59.960         0
59.980        29
60.000        14
