20.000        73
20.010        73
20.020        60
20.030        93
20.040        60
20.050        73
20.060        67
20.070        73
20.080       120
20.090        87
20.100        73
20.110        93
20.120       107
20.130        67
20.140        73
20.150        93
20.160        40
20.170        87
20.180        73
20.190        47
20.200        87
20.210        93
20.220       100
20.230        47
20.240       100
20.250        80
20.260       100
20.270        53
20.280       100
20.290        67
20.300        80
20.310        73
20.320        73
20.330        53
20.340        73
20.350        87
20.360       100
20.370        60
20.380        73
20.390       107
20.400        73
20.410        60
20.420        80
20.430        60
20.440        93
20.450       113
20.460        67
20.470       120
20.480       113
20.490       127
20.500        80
20.510        80
20.520        53
20.530        33
20.540        40
20.550        47
20.560        93
20.570        53
20.580        80
20.590       133
20.600       147
20.610       127
20.620        60
20.630       100
20.640       133
20.650       100
20.660        73
20.670        67
20.680        47
20.690        87
20.700        40
20.710        67
20.720       100
20.730        47
20.740        60
20.750       100
20.760        60
20.770        60
20.780        60
20.790        87
20.800        93
20.810        73
20.820        87
20.830        93
20.840        67
20.850        67
20.860        73
20.870        93
20.880        47
20.890        73
20.900       120
20.910        93
20.920       107
20.930        73
20.940        60
20.950       147
20.960        73
20.970       100
20.980        47
20.990        73
21.000        93
21.010        73
21.020        47
21.030        80
21.040        67
21.050        53
21.060       100
21.070        67
21.080        40
21.090        80
21.100        67
21.110        60
21.120        53
21.130        80
21.140        53
21.150        87
21.160        73
21.170        93
21.180        53
21.190        60
21.200        87
21.210        60
21.220        60
21.230        80
21.240        27
21.250        67
21.260        67
21.270        87
21.280        53
21.290        60
21.300       113
21.310        40
21.320       107
21.330        80
21.340        87
21.350        73
21.360        53
21.370        67
21.380        60
21.390        87
21.400        93
21.410        60
21.420       107
21.430        47
21.440       113
21.450        47
21.460        73
21.470        93
21.480        93
21.490        73
21.500        53
21.510        47
21.520        87
21.530        53
21.540        73
21.550        60
21.560        67
21.570       100
21.580        60
21.590        87
21.600        60
21.610        47
21.620       120
21.630       100
21.640        80
21.650        53
21.660       127
21.670       100
21.680        93
21.690        27
21.700        93
21.710        67
21.720       100
21.730        80
21.740        93
21.750       107
21.760       107
21.770        60
21.780        93
21.790        40
21.800        87
21.810        80
21.820        47
21.830        87
21.840       107
21.850        73
21.860        73
21.870        67
21.880        73
21.890        67
21.900        93
21.910        80
21.920        80
21.930        40
21.940        80
21.950        53
21.960        73
21.970        73
21.980        60
21.990        80
22.000        53
22.010        93
22.020       107
22.030        80
22.040        80
22.050        60
22.060        73
22.070        80
22.080       113
22.090        80
22.100        73
22.110        53
22.120        40
22.130        73
22.140        87
22.150        53
22.160        67
22.170        60
22.180       107
22.190        93
22.200       127
22.210        87
22.220        73
22.230        80
22.240        87
22.250       100
22.260        87
22.270        93
22.280        87
22.290       100
22.300        73
22.310        60
22.320        60
22.330        60
22.340        53
22.350        87
22.360       120
22.370        47
22.380        73
22.390        67
22.400        67
22.410        80
22.420        60
22.430        73
22.440        73
22.450        67
22.460        47
22.470        53
22.480        47
22.490        73
22.500       100
22.510        53
22.520        93
22.530        73
22.540        40
22.550       127
22.560        67
22.570        60
22.580        93
22.590        73
22.600        93
22.610        73
22.620        87
22.630       133
22.640        80
22.650        60
22.660        80
22.670        93
22.680        60
22.690        27
22.700        73
22.710        47
22.720        80
22.730        53
22.740       113
22.750        40
22.760        93
22.770        67
22.780       107
22.790        73
22.800       120
22.810        60
22.820        40
22.830       107
22.840        87
22.850        40
22.860        87
22.870        47
22.880        73
22.890        80
22.900        87
22.910        80
22.920       100
22.930        80
22.940        73
22.950        80
22.960        60
22.970        60
22.980        40
22.990        93
23.000        80
23.010        60
23.020        67
23.030        53
23.040        87
23.050        87
23.060        53
23.070        53
23.080        40
23.090        73
23.100        73
23.110        60
23.120        73
23.130        80
23.140        80
23.150        60
23.160        60
23.170        67
23.180       133
23.190        73
23.200        67
23.210        93
23.220        67
23.230        53
23.240        93
23.250        60
23.260        60
23.270        73
23.280        33
23.290        67
23.300        47
23.310       113
23.320        87
23.330        73
23.340        87
23.350        67
23.360        80
23.370        47
23.380        53
23.390        73
23.400        53
23.410        73
23.420        60
23.430        73
23.440        53
23.450        27
23.460        47
23.470        73
23.480        53
23.490        53
23.500        80
23.510        60
23.520        47
23.530        53
23.540       100
23.550        53
23.560        53
23.570        80
23.580        33
23.590        47
23.600       127
23.610        80
23.620        80
23.630        53
23.640       120
23.650        27
23.660        67
23.670       100
23.680        73
23.690        67
23.700        53
23.710        40
23.720        47
23.730        67
23.740        73
23.750        53
23.760        60
23.770        53
23.780        87
23.790        73
23.800        73
23.810        40
23.820        33
23.830        93
23.840        60
23.850        60
23.860        93
23.870        40
23.880        87
23.890        73
23.900        40
23.910        73
23.920        60
23.930       107
23.940        47
23.950       113
23.960        60
23.970        73
23.980        67
23.990        80
24.000       120
24.010        60
24.020        60
24.030        67
24.040        67
24.050        40
24.060        60
24.070        60
24.080        80
24.090        40
24.100        80
24.110        80
24.120        80
24.130        87
24.140        53
24.150        67
24.160        40
24.170        80
24.180        73
24.190        87
24.200        73
24.210        40
24.220        87
24.230        40
24.240       100
24.250        60
24.260        93
24.270        87
24.280        53
24.290        93
24.300       107
24.310        67
24.320        73
24.330        60
24.340        53
24.350        87
24.360        60
24.370        40
24.380        93
24.390        80
24.400        73
24.410        67
24.420        80
24.430        73
24.440        80
24.450        87
24.460        87
24.470        47
24.480        13
24.490        53
24.500        73
24.510        40
24.520        40
24.530        80
24.540        67
24.550        60
24.560       107
24.570        27
24.580       113
24.590        60
24.600        60
24.610        60
24.620        73
24.630        40
24.640        60
24.650        47
24.660        80
24.670        80
24.680        67
24.690        60
24.700       127
24.710        80
24.720        60
24.730        67
24.740        93
24.750        93
24.760        73
24.770        53
24.780        60
24.790        40
24.800        60
24.810        67
24.820        47
24.830        60
24.840        73
24.850        60
24.860        67
24.870        73
24.880        60
24.890        53
24.900        53
24.910        80
24.920        53
24.930        47
24.940        53
24.950        67
24.960        80
24.970        47
24.980        60
24.990        33
25.000       127
25.010        60
25.020        67
25.030        60
25.040        73
25.050       120
25.060        47
25.070        53
25.080        40
25.090        60
25.100        47
25.110        60
25.120        53
25.130       120
25.140        67
25.150        33
25.160        60
25.170        60
25.180        80
25.190        60
25.200        40
25.210        87
25.220        53
25.230        73
25.240        27
25.250        33
25.260        53
25.270        67
25.280        47
25.290        60
25.300        33
25.310        73
25.320       107
25.330        47
25.340        60
25.350        67
25.360        53
25.370        67
25.380        60
25.390        93
25.400       113
25.410       127
25.420        27
25.430        87
25.440        87
25.450        53
25.460        67
25.470        93
25.480        73
25.490        87
25.500        60
25.510        60
25.520       113
25.530        87
25.540        87
25.550        73
25.560       100
25.570        53
25.580        67
25.590        80
25.600        67
25.610        93
25.620        60
25.630        53
25.640        80
25.650        53
25.660        67
25.670        47
25.680        87
25.690        47
25.700        47
25.710        60
25.720        47
25.730        47
25.740        40
25.750        60
25.760        67
25.770        87
25.780        73
25.790        47
25.800        67
25.810        27
25.820        40
25.830        20
25.840        93
25.850        33
25.860        67
25.870        60
25.880        60
25.890        33
25.900        20
25.910        60
25.920        60
25.930        33
25.940        53
25.950        53
25.960        60
25.970        60
25.980        27
25.990        40
26.000        60
26.010        33
26.020        53
26.030        87
26.040        73
26.050        73
26.060        67
26.070        47
26.080        33
26.090        80
26.100        73
26.110        60
26.120        53
26.130        87
26.140        47
26.150        40
26.160        33
26.170        73
26.180        73
26.190        33
26.200        53
26.210        53
26.220        53
26.230        40
26.240        73
26.250        67
26.260        53
26.270        73
26.280        40
26.290        33
26.300        40
26.310        40
26.320        47
26.330        33
26.340        47
26.350        53
26.360        67
26.370        53
26.380        67
26.390        60
26.400        33
26.410        53
26.420        67
26.430        53
26.440        33
26.450        93
26.460        53
26.470        47
26.480        67
26.490        73
26.500        80
26.510        40
26.520        27
26.530        40
26.540        53
26.550        67
26.560        20
26.570        60
26.580        20
26.590        67
26.600        53
26.610        60
26.620        87
26.630        47
26.640        27
26.650        53
26.660        47
26.670        53
26.680        60
26.690        67
26.700        60
26.710        40
26.720        40
26.730        67
26.740        40
26.750        47
26.760        80
26.770        60
26.780        53
26.790        33
26.800        93
26.810        73
26.820        53
26.830        80
26.840        53
26.850        27
26.860        47
26.870        27
26.880        73
26.890        60
26.900        47
26.910        73
26.920        53
26.930        60
26.940        73
26.950        53
26.960        53
26.970        67
26.980        33
26.990        60
27.000        33
27.010        67
27.020        60
27.030        53
27.040        60
27.050        20
27.060        33
27.070        60
27.080        47
27.090        27
27.100        53
27.110        27
27.120        20
27.130        87
27.140        47
27.150        53
27.160        53
27.170        40
27.180        53
27.190        53
27.200        53
27.210        53
27.220        20
27.230        27
27.240        53
27.250        53
27.260        67
27.270        40
27.280        47
27.290        33
27.300        60
27.310        33
27.320        47
27.330        27
27.340        60
27.350        27
27.360        53
27.370        47
27.380        20
27.390        20
27.400        47
27.410        27
27.420        67
27.430        20
27.440        40
27.450        27
27.460        53
27.470        47
27.480        33
27.490        33
27.500        33
27.510        47
27.520        27
27.530        47
27.540        33
27.550        13
27.560        67
27.570        53
27.580        40
27.590        27
27.600        60
27.610        40
27.620        20
27.630        60
27.640        40
27.650        40
27.660        73
27.670        53
27.680        33
27.690        47
27.700        73
27.710        47
27.720        53
27.730        20
27.740        60
27.750        53
27.760        40
27.770        33
27.780        40
27.790        20
27.800        47
27.810        53
27.820        40
27.830        47
27.840        20
27.850        40
27.860        20
27.870        47
27.880        47
27.890        53
27.900        27
27.910        40
27.920        47
27.930        27
27.940        27
27.950        60
27.960        67
27.970        60
27.980        60
27.990        40
28.000        53
28.010        33
28.020        47
28.030        27
28.040        47
28.050        33
28.060        53
28.070        27
28.080        27
28.090        33
28.100        40
28.110        20
28.120        60
28.130        40
28.140        13
28.150        27
28.160        27
28.170        47
28.180        47
28.190        27
28.200        33
28.210        67
28.220        53
28.230        73
28.240        20
28.250        33
28.260        53
28.270        40
28.280        40
28.290        53
28.300        20
28.310        47
28.320        27
28.330        33
28.340        60
28.350        40
28.360        40
28.370        33
28.380        27
28.390        47
28.400        53
28.410        20
28.420        47
28.430        47
28.440        47
28.450        40
28.460        20
28.470        40
28.480        40
28.490        53
28.500        47
28.510        33
28.520        33
28.530        13
28.540        47
28.550        53
28.560        40
28.570        53
28.580        40
28.590        33
28.600        67
28.610        60
28.620        67
28.630        27
28.640        67
28.650        20
28.660        40
28.670        80
28.680        60
28.690        40
28.700        20
28.710        40
28.720        33
28.730        53
28.740        33
28.750        20
28.760        40
28.770        33
28.780        33
28.790        33
28.800        27
28.810        67
28.820        73
28.830        47
28.840        53
28.850        20
28.860        47
28.870        27
28.880        47
28.890        33
28.900        47
28.910        60
28.920        60
28.930        27
28.940        20
28.950        47
28.960        47
28.970        53
28.980        60
28.990        47
29.000        67
29.010        27
29.020        33
29.030        47
29.040        47
29.050        60
29.060        47
29.070        33
29.080        40
29.090        80
29.100        47
29.110        33
29.120        27
29.130        33
29.140        53
29.150        40
29.160         7
29.170        33
29.180        20
29.190        33
29.200        20
29.210        33
29.220        27
29.230        27
29.240        33
29.250        60
29.260        53
29.270        67
29.280        40
29.290        27
29.300        53
29.310        20
29.320        40
29.330        33
29.340        53
29.350        40
29.360        20
29.370        20
29.380        20
29.390        40
29.400        20
29.410        60
29.420        47
29.430        33
29.440        33
29.450        20
29.460        47
29.470        27
29.480        33
29.490        40
29.500        67
29.510        47
29.520        13
29.530        60
29.540        13
29.550        73
29.560        47
29.570        33
29.580        47
29.590        20
29.600        40
29.610        67
29.620        27
29.630        33
29.640        40
29.650        13
29.660        20
29.670        47
29.680        27
29.690        53
29.700        53
29.710        27
29.720        53
29.730        27
29.740        40
29.750        60
29.760        40
29.770        73
29.780        53
29.790        27
29.800        27
29.810        20
29.820        20
29.830        40
29.840        20
29.850        60
29.860        47
29.870        53
29.880        27
29.890        20
29.900        47
29.910        47
29.920        27
29.930        27
29.940        40
29.950        40
29.960        60
29.970        40
29.980        33
29.990         7
30.000        53
30.010        27
30.020        27
30.030        60
30.040        40
30.050        53
30.060        60
30.070        13
30.080        47
30.090        47
30.100        40
30.110        40
30.120        40
30.130        40
30.140        40
30.150        13
30.160        33
30.170        13
30.180        33
30.190        27
30.200        47
30.210        13
30.220        20
30.230        20
30.240        60
30.250        33
30.260        47
30.270        73
30.280        20
30.290        40
30.300        27
30.310        40
30.320        27
30.330        53
30.340        27
30.350        13
30.360        40
30.370        47
30.380         7
30.390        40
30.400         7
30.410        47
30.420        60
30.430        60
30.440        27
30.450        47
30.460        47
30.470        40
30.480        60
30.490        40
30.500        27
30.510        27
30.520        27
30.530        40
30.540        33
30.550        53
30.560        53
30.570        27
30.580        33
30.590        67
30.600        40
30.610        20
30.620        47
30.630        20
30.640        33
30.650        47
30.660        27
30.670        40
30.680        53
30.690        20
30.700        67
30.710        27
30.720        33
30.730        40
30.740        20
30.750        27
30.760        53
30.770        33
30.780        47
30.790        47
30.800        40
30.810        40
30.820        20
30.830        40
30.840        20
30.850        73
30.860        53
30.870        20
30.880        33
30.890        53
30.900        20
30.910        13
30.920        33
30.930        27
30.940        20
30.950        67
30.960        20
30.970        40
30.980        27
30.990        27
31.000        60
31.010        40
31.020        40
31.030        47
31.040        20
31.050        40
31.060        53
31.070        13
31.080        47
31.090        27
31.100        27
31.110        40
31.120        20
31.130        20
31.140        40
31.150        33
31.160        20
31.170        20
31.180        20
31.190        20
31.200        33
31.210        40
31.220        20
31.230         7
31.240        53
31.250        53
31.260        20
31.270        20
31.280        40
31.290        27
31.300        40
31.310        33
31.320        27
31.330        33
31.340        53
31.350        40
31.360        27
31.370        33
31.380        33
31.390        20
31.400        40
31.410        20
31.420        33
31.430        27
31.440        40
31.450        13
31.460         7
31.470        53
31.480        40
31.490        27
31.500        47
31.510        40
31.520         7
31.530        27
31.540        40
31.550        53
31.560        13
31.570        27
31.580        40
31.590        20
31.600        33
31.610        80
31.620        40
31.630        13
31.640        20
31.650        40
31.660        27
31.670        33
31.680        53
31.690        40
31.700        20
31.710        27
31.720        27
31.730        40
31.740        27
31.750        53
31.760        33
31.770        40
31.780        33
31.790        13
31.800        13
31.810        20
31.820        53
31.830         7
31.840        53
31.850        40
31.860        33
31.870        27
31.880        47
31.890        27
31.900        40
31.910        13
31.920        27
31.930        27
31.940        33
31.950        27
31.960        33
31.970        40
31.980        33
31.990        13
32.000        33
32.010        27
32.020        13
32.030        33
32.040        27
32.050        20
32.060        27
32.070        20
32.080        13
32.090        20
32.100        27
32.110        13
32.120        27
32.130        27
32.140        13
32.150        20
32.160        60
32.170        27
32.180        40
32.190        20
32.200        33
32.210        13
32.220        33
32.230        20
32.240        40
32.250        20
32.260        47
32.270        20
32.280        20
32.290        40
32.300         7
32.310        53
32.320        27
32.330        33
32.340        33
32.350        27
32.360        40
32.370        20
32.380        47
32.390        40
32.400        33
32.410        40
32.420        33
32.430        47
32.440         7
32.450        33
32.460        20
32.470         7
32.480         7
32.490        27
32.500        20
32.510        40
32.520        20
32.530        20
32.540        33
32.550        20
32.560        40
32.570        73
32.580         0
32.590        73
32.600        33
32.610        20
32.620        27
32.630        33
32.640        20
32.650         7
32.660        33
32.670        33
32.680        33
32.690        40
32.700        13
32.710        27
32.720        27
32.730        20
32.740        27
32.750        27
32.760        27
32.770        27
32.780        47
32.790        40
32.800        20
32.810        53
32.820        47
32.830        27
32.840        27
32.850        33
32.860        40
32.870        80
32.880        60
32.890        13
32.900        20
32.910        27
32.920        40
32.930        20
32.940        40
32.950        27
32.960        27
32.970        27
32.980        47
32.990        20
33.000        40
33.010        47
33.020        27
33.030        87
33.040        27
33.050        47
33.060         7
33.070        87
33.080        20
33.090        40
33.100        20
33.110         7
33.120         7
33.130        47
33.140        27
33.150        33
33.160        47
33.170        33
33.180        20
33.190        27
33.200        53
33.210        20
33.220        27
33.230        40
33.240         7
33.250        33
33.260        33
33.270        27
33.280        13
33.290        20
33.300        27
33.310        13
33.320        33
33.330        40
33.340        27
33.350        40
33.360        47
33.370        13
33.380        47
33.390        27
33.400        40
33.410        27
33.420        27
33.430        33
33.440        20
33.450        27
33.460        20
33.470        27
33.480        27
33.490        20
33.500         7
33.510        27
33.520        27
33.530        13
33.540        13
33.550        27
33.560         7
33.570        20
33.580        27
33.590        20
33.600        33
33.610        27
33.620        33
33.630        33
33.640        20
33.650        20
33.660        53
33.670        47
33.680        20
33.690        20
33.700        13
33.710        40
33.720        60
33.730        27
33.740        27
33.750         0
33.760        40
33.770        40
33.780        27
33.790        20
33.800        13
33.810         7
33.820        40
33.830        20
33.840        40
33.850        27
33.860        27
33.870         0
33.880        20
33.890        13
33.900        33
33.910        47
33.920        20
33.930        20
33.940        33
33.950        27
33.960        67
33.970        40
33.980        13
33.990        13
34.000        13
34.010        47
34.020        47
34.030        67
34.040        53
34.050        20
34.060        33
34.070        73
34.080        40
34.090        47
34.100        53
34.110        13
34.120        13
34.130        13
34.140        20
34.150        33
34.160        27
34.170         7
34.180        40
34.190        13
34.200        40
34.210        27
34.220         7
34.230        27
34.240        47
34.250        40
34.260        47
34.270        13
34.280        27
34.290        33
34.300        33
34.310        20
34.320        40
34.330        33
34.340        27
34.350        33
34.360        47
34.370        40
34.380        40
34.390        13
34.400        20
34.410        33
34.420        33
34.430        20
34.440        13
34.450        20
34.460        27
34.470         7
34.480         0
34.490        13
34.500        40
34.510        40
34.520        27
34.530        33
34.540        20
34.550        47
34.560        20
34.570        13
34.580         7
34.590        20
34.600        20
34.610        20
34.620        20
34.630        13
34.640        27
34.650        13
34.660        20
34.670        13
34.680        33
34.690        13
34.700        13
34.710        27
34.720        53
34.730        33
34.740        33
34.750        33
34.760         7
34.770        33
34.780        40
34.790        27
34.800        27
34.810        67
34.820        40
34.830        20
34.840        60
34.850        27
34.860        33
34.870        33
34.880        73
34.890        60
34.900        27
34.910        20
34.920        33
34.930        33
34.940        47
34.950        67
34.960        33
34.970        47
34.980        47
34.990        47
35.000        73
35.010        33
35.020        53
35.030        53
35.040        80
35.050        60
35.060        73
35.070        87
35.080        73
35.090       127
35.100       147
35.110       280
35.120       253
35.130       340
35.140       347
35.150       213
35.160       333
35.170       253
35.180       200
35.190       147
35.200       160
35.210       153
35.220       213
35.230       200
35.240       127
35.250       240
35.260       120
35.270       200
35.280       107
35.290        40
35.300        87
35.310        73
35.320        80
35.330        40
35.340        53
35.350        40
35.360       140
35.370        40
35.380       100
35.390        47
35.400        87
35.410        47
35.420       100
35.430        80
35.440        73
35.450        80
35.460        80
35.470        60
35.480       120
35.490        73
35.500        73
35.510        73
35.520       100
35.530       100
35.540        73
35.550       133
35.560       167
35.570        87
35.580       147
35.590       127
35.600       127
35.610       107
35.620       133
35.630       140
35.640       173
35.650       120
35.660       160
35.670       133
35.680       127
35.690       147
35.700       160
35.710       113
35.720        67
35.730       133
35.740       100
35.750       107
35.760       107
35.770       140
35.780       127
35.790       120
35.800       140
35.810       100
35.820       100
35.830        60
35.840        87
35.850       113
35.860        80
35.870        87
35.880       100
35.890        80
35.900        87
35.910        60
35.920        93
35.930        80
35.940        80
35.950        67
35.960        73
35.970        60
35.980        60
35.990        93
36.000        27
36.010        73
36.020        80
36.030        40
36.040        80
36.050        27
36.060        60
36.070        80
36.080        47
36.090        53
36.100        40
36.110        47
36.120        87
36.130        33
36.140        53
36.150        40
36.160        47
36.170        53
36.180        67
36.190        33
36.200        33
36.210        20
36.220        47
36.230        67
36.240        47
36.250        40
36.260        33
36.270        33
36.280        20
36.290        47
36.300        20
36.310        40
36.320        60
36.330        40
36.340        40
36.350        40
36.360        47
36.370       107
36.380        53
36.390        33
36.400        40
36.410        53
36.420        40
36.430        47
36.440        53
36.450        27
36.460        53
36.470        67
36.480        33
36.490        27
36.500        27
36.510        13
36.520        47
36.530        33
36.540        53
36.550        33
36.560        80
36.570        67
36.580        60
36.590        33
36.600        33
36.610        53
36.620        60
36.630        20
36.640        33
36.650        20
36.660        60
36.670        33
36.680        33
36.690        67
36.700        47
36.710        53
36.720        73
36.730        60
36.740        67
36.750        87
36.760        47
36.770        47
36.780        60
36.790        53
36.800        40
36.810        73
36.820        40
36.830        67
36.840        67
36.850        40
36.860        53
36.870        53
36.880        53
36.890        27
36.900        53
36.910        67
36.920        27
36.930        53
36.940        27
36.950        53
36.960        53
36.970        27
36.980        73
36.990        40
37.000        67
37.010        73
37.020        93
37.030        33
37.040        20
37.050        27
37.060        60
37.070        73
37.080        60
37.090        60
37.100        33
37.110        60
37.120        60
37.130        27
37.140        47
37.150        40
37.160        40
37.170         7
37.180        53
37.190        33
37.200        53
37.210        60
37.220        47
37.230        40
37.240        27
37.250        53
37.260        53
37.270        33
37.280        67
37.290        40
37.300        53
37.310        60
37.320        47
37.330        27
37.340        53
37.350        53
37.360        53
37.370        73
37.380        73
37.390        73
37.400        60
37.410        73
37.420        40
37.430        47
37.440        87
37.450        47
37.460        33
37.470        40
37.480        80
37.490        33
37.500        60
37.510        73
37.520        67
37.530        47
37.540        67
37.550        60
37.560        67
37.570        73
37.580        53
37.590        60
37.600        60
37.610        53
37.620        60
37.630        80
37.640        60
37.650        60
37.660       113
37.670        80
37.680        53
37.690       113
37.700        60
37.710        73
37.720        80
37.730        67
37.740        80
37.750        53
37.760       127
37.770        93
37.780        87
37.790        73
37.800        93
37.810       147
37.820        87
37.830       147
37.840       107
37.850        87
37.860        67
37.870       107
37.880        93
37.890       100
37.900        87
37.910        93
37.920        93
37.930        93
37.940        73
37.950        80
37.960       120
37.970        93
37.980       113
37.990        73
38.000        73
38.010       107
38.020       167
38.030       100
38.040        87
38.050       100
38.060       120
38.070       147
38.080       107
38.090       127
38.100       120
38.110       147
38.120        53
38.130       180
38.140        60
38.150       127
38.160       120
38.170       167
38.180       193
38.190       127
38.200       220
38.210       100
38.220       113
38.230       173
38.240       153
38.250       160
38.260       227
38.270       180
38.280       200
38.290       227
38.300       160
38.310       147
38.320       220
38.330       260
38.340       233
38.350       200
38.360       193
38.370       253
38.380       300
38.390       187
38.400       200
38.410       193
38.420       287
38.430       280
38.440       227
38.450       260
38.460       373
38.470       327
38.480       300
38.490       220
38.500       233
38.510       260
38.520       267
38.530       200
38.540       233
38.550       327
38.560       207
38.570       300
38.580       300
38.590       353
38.600       260
38.610       373
38.620       347
38.630       446
38.640       380
38.650       360
38.660       446
38.670       440
38.680       327
38.690       407
38.700       340
38.710       473
38.720       440
38.730       466
38.740       400
38.750       413
38.760       420
38.770       360
38.780       420
38.790       413
38.800       566
38.810       566
38.820       446
38.830       473
38.840       600
38.850       493
38.860       453
38.870       626
38.880       566
38.890       626
38.900       420
38.910       533
38.920       560
38.930       560
38.940       620
38.950       826
38.960       706
38.970       693
38.980       793
38.990       713
39.000       680
39.010       806
39.020       860
39.030       940
39.040      1060
39.050       973
39.060      1033
39.070       986
39.080       980
39.090      1226
39.100      1073
39.110      1213
39.120      1273
39.130      1286
39.140      1313
39.150      1579
39.160      1413
39.170      1399
39.180      1973
39.190      1706
39.200      1953
39.210      1993
39.220      2266
39.230      2246
39.240      2299
39.250      2532
39.260      2632
39.270      2806
39.280      3432
39.290      3439
39.300      3492
39.310      3912
39.320      4058
39.330      4365
39.340      4738
39.350      4651
39.360      5178
39.370      5704
39.380      5551
39.390      6284
39.400      6591
39.410      7270
39.420      7444
39.430      7730
39.440      8836
39.450      9303
39.460      9783
39.470     10569
39.480     10762
39.490     11615
39.500     11769
39.510     13161
39.520     13155
39.530     13854
39.540     14101
39.550     15667
39.560     15234
39.570     16660
39.580     16107
39.590     16727
39.600     16773
39.610     17800
39.620     17680
39.630     18059
39.640     17366
39.650     17713
39.660     18133
39.670     16847
39.680     17100
39.690     16700
39.700     16720
39.710     15760
39.720     15540
39.730     15794
39.740     15021
39.750     14374
39.760     14174
39.770     13181
39.780     13441
39.790     12662
39.800     12442
39.810     11982
39.820     11309
39.830     10962
39.840     10816
39.850      9769
39.860      8863
39.870      8990
39.880      8890
39.890      8617
39.900      7810
39.910      7470
39.920      7497
39.930      6591
39.940      6571
39.950      6104
39.960      5938
39.970      5624
39.980      5624
39.990      4751
40.000      4598
40.010      5058
40.020      4745
40.030      4238
40.040      4392
40.050      4418
40.060      3818
40.070      3632
40.080      3239
40.090      3139
40.100      3165
40.110      3179
40.120      3265
40.130      3185
40.140      2906
40.150      2659
40.160      2626
40.170      2532
40.180      2472
40.190      2472
40.200      2192
40.210      2426
40.220      2219
40.230      2146
40.240      1999
40.250      2033
40.260      1986
40.270      1793
40.280      1939
40.290      1693
40.300      1813
40.310      1666
40.320      1799
40.330      1566
40.340      1479
40.350      1526
40.360      1619
40.370      1506
40.380      1446
40.390      1246
40.400      1406
40.410      1506
40.420      1333
40.430      1213
40.440      1220
40.450      1153
40.460      1153
40.470      1060
40.480      1066
40.490      1040
40.500      1140
40.510      1053
40.520       826
40.530      1000
40.540       800
40.550       900
40.560       953
40.570       960
40.580       693
40.590       960
40.600      1013
40.610       873
40.620       760
40.630       753
40.640       713
40.650       666
40.660       693
40.670       680
40.680       786
40.690       606
40.700       706
40.710       640
40.720       706
40.730       606
40.740       593
40.750       713
40.760       680
40.770       600
40.780       566
40.790       560
40.800       546
40.810       686
40.820       680
40.830       526
40.840       560
40.850       553
40.860       520
40.870       606
40.880       506
40.890       573
40.900       480
40.910       407
40.920       453
40.930       380
40.940       466
40.950       513
40.960       533
40.970       500
40.980       486
40.990       373
41.000       413
41.010       367
41.020       420
41.030       426
41.040       380
41.050       360
41.060       347
41.070       360
41.080       367
41.090       253
41.100       333
41.110       353
41.120       327
41.130       340
41.140       307
41.150       373
41.160       360
41.170       253
41.180       287
41.190       273
41.200       313
41.210       240
41.220       307
41.230       260
41.240       300
41.250       220
41.260       287
41.270       247
41.280       340
41.290       240
41.300       333
41.310       233
41.320       287
41.330       300
41.340       233
41.350       273
41.360       287
41.370       220
41.380       267
41.390       173
41.400       187
41.410       267
41.420       247
41.430       213
41.440       293
41.450       247
41.460       193
41.470       180
41.480       247
41.490       333
41.500       213
41.510       253
41.520       273
41.530       273
41.540       273
41.550       313
41.560       240
41.570       220
41.580       353
41.590       287
41.600       213
41.610       253
41.620       213
41.630       313
41.640       253
41.650       233
41.660       287
41.670       360
41.680       327
41.690       320
41.700       260
41.710       273
41.720       287
41.730       313
41.740       220
41.750       253
41.760       207
41.770       200
41.780       267
41.790       147
41.800       247
41.810       193
41.820       280
41.830       160
41.840       173
41.850       200
41.860       180
41.870       153
41.880       173
41.890       127
41.900       193
41.910       113
41.920       120
41.930       120
41.940       147
41.950       140
41.960       153
41.970       153
41.980       167
41.990       113
42.000       147
42.010       107
42.020       100
42.030       160
42.040       173
42.050       180
42.060       113
42.070       160
42.080       160
42.090       113
42.100       147
42.110       153
42.120       113
42.130       107
42.140       113
42.150       153
42.160       140
42.170       127
42.180       107
42.190       140
42.200       127
42.210        93
42.220       107
42.230       133
42.240       127
42.250        73
42.260       127
42.270       153
42.280        87
42.290       167
42.300       133
42.310       140
42.320       107
42.330       167
42.340       140
42.350       100
42.360       173
42.370       127
42.380       107
42.390       113
42.400       140
42.410       180
42.420        87
42.430       107
42.440       113
42.450       153
42.460       100
42.470       160
42.480        93
42.490       120
42.500        87
42.510       140
42.520        60
42.530       153
42.540       140
42.550       160
42.560        80
42.570       127
42.580       120
42.590       140
42.600       127
42.610       107
42.620        80
42.630       133
42.640       113
42.650       127
42.660       107
42.670       153
42.680       113
42.690       133
42.700        93
42.710       147
42.720       120
42.730       113
42.740       100
42.750       113
42.760        93
42.770       100
42.780        87
42.790       153
42.800       133
42.810        87
42.820       120
42.830       120
42.840       100
42.850       107
42.860       120
42.870        80
42.880       113
42.890        60
42.900       100
42.910        93
42.920       113
42.930        87
42.940        93
42.950       100
42.960        87
42.970        93
42.980        87
42.990        87
43.000        93
43.010        87
43.020       100
43.030       147
43.040       153
43.050        73
43.060       100
43.070       120
43.080        93
43.090       153
43.100        93
43.110       127
43.120       100
43.130        93
43.140       120
43.150        67
43.160        93
43.170        87
43.180       133
43.190       113
43.200        80
43.210       147
43.220       127
43.230        93
43.240       147
43.250       173
43.260       220
43.270       253
43.280       247
43.290       273
43.300       313
43.310       273
43.320       327
43.330       220
43.340       400
43.350       393
43.360       393
43.370       486
43.380       440
43.390       267
43.400       247
43.410       273
43.420       213
43.430       213
43.440       180
43.450       253
43.460       213
43.470       220
43.480       200
43.490       300
43.500       147
43.510       113
43.520       200
43.530       107
43.540        80
43.550       107
43.560        67
43.570        87
43.580        87
43.590       107
43.600       107
43.610       113
43.620       120
43.630       107
43.640       120
43.650        67
43.660       107
43.670        73
43.680        53
43.690        73
43.700        60
43.710        80
43.720        40
43.730        80
43.740       100
43.750       107
43.760       100
43.770        47
43.780        40
43.790        47
43.800        80
43.810        67
43.820        87
43.830        93
43.840        53
43.850        93
43.860       120
43.870        67
43.880        53
43.890        87
43.900       100
43.910        73
43.920       147
43.930        40
43.940        87
43.950        80
43.960        67
43.970        80
43.980       100
43.990        53
44.000        53
44.010        60
44.020        93
44.030        87
44.040        53
44.050        60
44.060       113
44.070        93
44.080        67
44.090        67
44.100        73
44.110        93
44.120        60
44.130        60
44.140       113
44.150        53
44.160        67
44.170        67
44.180        80
44.190        60
44.200        60
44.210        93
44.220        47
44.230        93
44.240        53
44.250        73
44.260        47
44.270        67
44.280        40
44.290        47
44.300        80
44.310        80
44.320        73
44.330        87
44.340        73
44.350        47
44.360        60
44.370        47
44.380        60
44.390        87
44.400        80
44.410        27
44.420        73
44.430        80
44.440        40
44.450        53
44.460       113
44.470        73
44.480        73
44.490        60
44.500        60
44.510        60
44.520        40
44.530        67
44.540        47
44.550        67
44.560        60
44.570        73
44.580        53
44.590        80
44.600        73
44.610        47
44.620        60
44.630        73
44.640       100
44.650       100
44.660        67
44.670        47
44.680        67
44.690        27
44.700        67
44.710        93
44.720        87
44.730        53
44.740        53
44.750        60
44.760        40
44.770        40
44.780        47
44.790        80
44.800        47
44.810        60
44.820        47
44.830        60
44.840        40
44.850        53
44.860        93
44.870        40
44.880        27
44.890        40
44.900        67
44.910        47
44.920        53
44.930        40
44.940        60
44.950        73
44.960        93
44.970        73
44.980        53
44.990        60
45.000        47
45.010        40
45.020        80
45.030        27
45.040        47
45.050       113
45.060        73
45.070        73
45.080        53
45.090        60
45.100        27
45.110        27
45.120        60
45.130        67
45.140        53
45.150        73
45.160        67
45.170        47
45.180        67
45.190        33
45.200        47
45.210        87
45.220        33
45.230        40
45.240        60
45.250        33
45.260        27
45.270        73
45.280        60
45.290        67
45.300        53
45.310        67
45.320        60
45.330        33
45.340        73
45.350        93
45.360       107
45.370        47
45.380        47
45.390        87
45.400        80
45.410        53
45.420        60
45.430        73
45.440        87
45.450        73
45.460        60
45.470        80
45.480        40
45.490        47
45.500        80
45.510       100
45.520        40
45.530        53
45.540        67
45.550        27
45.560        27
45.570        87
45.580        27
45.590        47
45.600        73
45.610        27
45.620       100
45.630        60
45.640        40
45.650        53
45.660        93
45.670        73
45.680        40
45.690        47
45.700        60
45.710        60
45.720        33
45.730        40
45.740        47
45.750        60
45.760        47
45.770        47
45.780        53
45.790        67
45.800        73
45.810        53
45.820        93
45.830        60
45.840        67
45.850        47
45.860        60
45.870        80
45.880        40
45.890        93
45.900        40
45.910        73
45.920        53
45.930        60
45.940        40
45.950        47
45.960        73
45.970        93
45.980        80
45.990        60
46.000        47
46.010        47
46.020        53
46.030        53
46.040        67
46.050        53
46.060        53
46.070        53
46.080        53
46.090        67
46.100        47
46.110        40
46.120        53
46.130        80
46.140       113
46.150       107
46.160        87
46.170        80
46.180        53
46.190        60
46.200        53
46.210        73
46.220        60
46.230        47
46.240        80
46.250        67
46.260        53
46.270        80
46.280        53
46.290        47
46.300        60
46.310        60
46.320        93
46.330        80
46.340        87
46.350        67
46.360        47
46.370        93
46.380       100
46.390        27
46.400        27
46.410       113
46.420        27
46.430        60
46.440        53
46.450        40
46.460        80
46.470        20
46.480        67
46.490        40
46.500        27
46.510        40
46.520        40
46.530        67
46.540        60
46.550        47
46.560        80
46.570        33
46.580        60
46.590        93
46.600        47
46.610        53
46.620        40
46.630        60
46.640        67
46.650        60
46.660        80
46.670        40
46.680        47
46.690        93
46.700        53
46.710        27
46.720        27
46.730        40
46.740        67
46.750        33
46.760        33
46.770        20
46.780        33
46.790        67
46.800        93
46.810        60
46.820        33
46.830        40
46.840        53
46.850        53
46.860        40
46.870        47
46.880        60
46.890        33
46.900        60
46.910        13
46.920        47
46.930        47
46.940        73
46.950        53
46.960        67
46.970        20
46.980        20
46.990        27
47.000        67
47.010        40
47.020        47
47.030        47
47.040        60
47.050        47
47.060        27
47.070        60
47.080        33
47.090        67
47.100        40
47.110        27
47.120        33
47.130        27
47.140        33
47.150        53
47.160        60
47.170        47
47.180       107
47.190        60
47.200        13
47.210        40
47.220        67
47.230        33
47.240        60
47.250        27
47.260        53
47.270        33
47.280        47
47.290        53
47.300        33
47.310        40
47.320        40
47.330        27
47.340        27
47.350        40
47.360        47
47.370        33
47.380        27
47.390        47
47.400        80
47.410        40
47.420        53
47.430        53
47.440        47
47.450        53
47.460        33
47.470        33
47.480        60
47.490        13
47.500        40
47.510        53
47.520        47
47.530        53
47.540        33
47.550        27
47.560        40
47.570        47
47.580        27
47.590        73
47.600        40
47.610        40
47.620        27
47.630        20
47.640        73
47.650        40
47.660        60
47.670        40
47.680        60
47.690        20
47.700        80
47.710        47
47.720        13
47.730        53
47.740        87
47.750        73
47.760        13
47.770        60
47.780        33
47.790        47
47.800        60
47.810        40
47.820        47
47.830        20
47.840        33
47.850        53
47.860        33
47.870        33
47.880        47
47.890        47
47.900        40
47.910        53
47.920        33
47.930        73
47.940        53
47.950        40
47.960        40
47.970        20
47.980        20
47.990        33
48.000        60
48.010        53
48.020        47
48.030        60
48.040        33
48.050        40
48.060        53
48.070        33
48.080        20
48.090        53
48.100        40
48.110        47
48.120        60
48.130        47
48.140        20
48.150        33
48.160        27
48.170        33
48.180        60
48.190        20
48.200        33
48.210        27
48.220        40
48.230        40
48.240        27
48.250        27
48.260        73
48.270        27
48.280        27
48.290        53
48.300        47
48.310        27
48.320        47
48.330        27
48.340        20
48.350        53
48.360        60
48.370        47
48.380        40
48.390        20
48.400        27
48.410        27
48.420        53
48.430        47
48.440        33
48.450        33
48.460        67
48.470        27
48.480        33
48.490        33
48.500        53
48.510        47
48.520        40
48.530        33
48.540        27
48.550        67
48.560        53
48.570        33
48.580        20
48.590        33
48.600        33
48.610        60
48.620        40
48.630        20
48.640        13
48.650        47
48.660        27
48.670        13
48.680        33
48.690        47
48.700        33
48.710        53
48.720        27
48.730        47
48.740        53
48.750        40
48.760        13
48.770        13
48.780        27
48.790        40
48.800        27
48.810        40
48.820        40
48.830         7
48.840        27
48.850        33
48.860        33
48.870        13
48.880        40
48.890        13
48.900        40
48.910        20
48.920         7
48.930        27
48.940        67
48.950        40
48.960        13
48.970        60
48.980        67
48.990        73
49.000        47
49.010        60
49.020        47
49.030        13
49.040        87
49.050        27
49.060        53
49.070        47
49.080        40
49.090        13
49.100        53
49.110        20
49.120         0
49.130        20
49.140        40
49.150        53
49.160        40
49.170        40
49.180        40
49.190        33
49.200        33
49.210        40
49.220        47
49.230         7
49.240        13
49.250        27
49.260        40
49.270        47
49.280        20
49.290        33
49.300        33
49.310        47
49.320        27
49.330        20
49.340        33
49.350        40
49.360        67
49.370        47
49.380        13
49.390        27
49.400        27
49.410        53
49.420        27
49.430        60
49.440        33
49.450        20
49.460        47
49.470        27
49.480        40
49.490        73
49.500        60
49.510        13
49.520        20
49.530        67
49.540        27
49.550        33
49.560        40
49.570        20
49.580        13
49.590        47
49.600        33
49.610        13
49.620        20
49.630        47
49.640        40
49.650        40
49.660        27
49.670        27
49.680        33
49.690        13
49.700        27
49.710        33
49.720        33
49.730        33
49.740        40
49.750        20
49.760        40
49.770        33
49.780        13
49.790         7
49.800        27
49.810        33
49.820        20
49.830        20
49.840        27
49.850        40
49.860        40
49.870        20
49.880        33
49.890        33
49.900        27
49.910        33
49.920        20
49.930        40
49.940        47
49.950        33
49.960        33
49.970        20
49.980        40
49.990        27
50.000         7
50.010        33
50.020        13
50.030        20
50.040        40
50.050        27
50.060        27
50.070        27
50.080        20
50.090        53
50.100        20
50.110        33
50.120        20
50.130        13
50.140        13
50.150        20
50.160         7
50.170        40
50.180        47
50.190        33
50.200        47
50.210        33
50.220        40
50.230        27
50.240        33
50.250        20
50.260        20
50.270        20
50.280        33
50.290        33
50.300        53
50.310        47
50.320        27
50.330        60
50.340         7
50.350         7
50.360        13
50.370        40
50.380        73
50.390        20
50.400        53
50.410        40
50.420        40
50.430        33
50.440        40
50.450        40
50.460         7
50.470        53
50.480         7
50.490        33
50.500        20
50.510         0
50.520        33
50.530        73
50.540        33
50.550        13
50.560        13
50.570        27
50.580        13
50.590        33
50.600        27
50.610        53
50.620        27
50.630         7
50.640        47
50.650        33
50.660        27
50.670        13
50.680        40
50.690        33
50.700        27
50.710        40
50.720        13
50.730        33
50.740        20
50.750         7
50.760        47
50.770        33
50.780        33
50.790        27
50.800         7
50.810        13
50.820        20
50.830        27
50.840        53
50.850        20
50.860        13
50.870        13
50.880        27
50.890        13
50.900        33
50.910        20
50.920         0
50.930        20
50.940        53
50.950        33
50.960        20
50.970        40
50.980        13
50.990        20
51.000        40
51.010        47
51.020        33
51.030        40
51.040        33
51.050        33
51.060        20
51.070         7
51.080        33
51.090        20
51.100        40
51.110        20
51.120        13
51.130        33
51.140        20
51.150        27
51.160        27
51.170        33
51.180        27
51.190        27
51.200         7
51.210        13
51.220        33
51.230        33
51.240        13
51.250        20
51.260        20
51.270        53
51.280        13
51.290        40
51.300        53
51.310        27
51.320        40
51.330        27
51.340        27
51.350        27
51.360        53
51.370        27
51.380        67
51.390        47
51.400        13
51.410        40
51.420        33
51.430        33
51.440        20
51.450        67
51.460        13
51.470        27
51.480        33
51.490         7
51.500        13
51.510        27
51.520        27
51.530        40
51.540         7
51.550        40
51.560         7
51.570        20
51.580        40
51.590        27
51.600        33
51.610         7
51.620        53
51.630        13
51.640        13
51.650        20
51.660        27
51.670        33
51.680        40
51.690        40
51.700        20
51.710        27
51.720        47
51.730        20
51.740        33
51.750        13
51.760        27
51.770        47
51.780        27
51.790        20
51.800        13
51.810        13
51.820        40
51.830        27
51.840         0
51.850        27
51.860        13
51.870        40
51.880        27
51.890        33
51.900        40
51.910        33
51.920        20
51.930        13
51.940        33
51.950        13
51.960        20
51.970        40
51.980        27
51.990        13
52.000        33
52.010        27
52.020        27
52.030         7
52.040        13
52.050        47
52.060        13
52.070         7
52.080        27
52.090        13
52.100        13
52.110         7
52.120         7
52.130         7
52.140        13
52.150        33
52.160        20
52.170         7
52.180        13
52.190        40
52.200        13
52.210        27
52.220        27
52.230        40
52.240        33
52.250        40
52.260         7
52.270         7
52.280        33
52.290        47
52.300         0
52.310        53
52.320        27
52.330        13
52.340        27
52.350        13
52.360        40
52.370        20
52.380        40
52.390         7
52.400        13
52.410        13
52.420        27
52.430        20
52.440        13
52.450        20
52.460         7
52.470        27
52.480        40
52.490        20
52.500        27
52.510         7
52.520        27
52.530        13
52.540        27
52.550        33
52.560        20
52.570        33
52.580        20
52.590        53
52.600        33
52.610        33
52.620        20
52.630        20
52.640        13
52.650        20
52.660        27
52.670        27
52.680        33
52.690         7
52.700        40
52.710        13
52.720        27
52.730        60
52.740        33
52.750        20
52.760        40
52.770        33
52.780        33
52.790        33
52.800        13
52.810        13
52.820        20
52.830        20
52.840        13
52.850        27
52.860        40
52.870         7
52.880        27
52.890        13
52.900        13
52.910        20
52.920        33
52.930         7
52.940         7
52.950        27
52.960         7
52.970         7
52.980        33
52.990        33
53.000        20
53.010         7
53.020         7
53.030        20
53.040        27
53.050        20
53.060         7
53.070        33
53.080        33
53.090        13
53.100        20
53.110        33
53.120        33
53.130        13
53.140        27
53.150        13
53.160        20
53.170        27
53.180         7
53.190        20
53.200        27
53.210         0
53.220        13
53.230         7
53.240         7
53.250        20
53.260         0
53.270        27
53.280        20
53.290        13
53.300        20
53.310        20
53.320        20
53.330         7
53.340        27
53.350        33
53.360        20
53.370        40
53.380        20
53.390        20
53.400         7
53.410        20
53.420        27
53.430        13
53.440        33
53.450         7
53.460        27
53.470        40
53.480         7
53.490        27
53.500         7
53.510        33
53.520        33
53.530        27
53.540         7
53.550        27
53.560        33
53.570        33
53.580        13
53.590        27
53.600        27
53.610        27
53.620        20
53.630         7
53.640         7
53.650        40
53.660        40
53.670        27
53.680        13
53.690        20
53.700        20
53.710        13
53.720        13
53.730         7
53.740        20
53.750        33
53.760        27
53.770        13
53.780        13
53.790        27
53.800         7
53.810         7
53.820        13
53.830        20
53.840        47
53.850        20
53.860        47
53.870        20
53.880        27
53.890        13
53.900        33
53.910        27
53.920        27
53.930         7
53.940        40
53.950         7
53.960         7
53.970        33
53.980         0
53.990        13
54.000        13
54.010         0
54.020        27
54.030        20
54.040         0
54.050        47
54.060        20
54.070        40
54.080         7
54.090        20
54.100         7
54.110        20
54.120        20
54.130        27
54.140        20
54.150        27
54.160        47
54.170        20
54.180        27
54.190        33
54.200        20
54.210        40
54.220        13
54.230        27
54.240        20
54.250        33
54.260        13
54.270        13
54.280        13
54.290         0
54.300        13
54.310         0
54.320         7
54.330        13
54.340        40
54.350         7
54.360         7
54.370        33
54.380        33
54.390        33
54.400         7
54.410        20
54.420        33
54.430        20
54.440         7
54.450        20
54.460        13
54.470        13
54.480        27
54.490        27
54.500        20
54.510        27
54.520        13
54.530        27
54.540        13
54.550         7
54.560         7
54.570        33
54.580        20
54.590        27
54.600        13
54.610        20
54.620         0
54.630        40
54.640        13
54.650        27
54.660        47
54.670        13
54.680        33
54.690         7
54.700        20
54.710        13
54.720        20
54.730        13
54.740        27
54.750        33
54.760        47
54.770        47
54.780        27
54.790        20
54.800        20
54.810        20
54.820         7
54.830        27
54.840        13
54.850        20
54.860        33
54.870        20
54.880        27
54.890         0
54.900        13
54.910        20
54.920         7
54.930        27
54.940        20
54.950        47
54.960        13
54.970        13
54.980        27
54.990        13
55.000        27
55.010        33
55.020        27
55.030        27
55.040        13
55.050        20
55.060        20
55.070        33
55.080        13
55.090        13
55.100        13
55.110         0
55.120        13
55.130         0
55.140        33
55.150        27
55.160        27
55.170        13
55.180        33
55.190         7
55.200        20
55.210        33
55.220        27
55.230         7
55.240        20
55.250        27
55.260        20
55.270        27
55.280        20
55.290        20
55.300        33
55.310         7
55.320        20
55.330         7
55.340        20
55.350        13
55.360        13
55.370        13
55.380        13
55.390        13
55.400        47
55.410        13
55.420        20
55.430        20
55.440        20
55.450         0
55.460        20
55.470         7
55.480         7
55.490        13
55.500         0
55.510         7
55.520         0
55.530        13
55.540         7
55.550        13
55.560        13
55.570         0
55.580        73
55.590        20
55.600        13
55.610         7
55.620        40
55.630        13
55.640        20
55.650         7
55.660        33
55.670        27
55.680         7
55.690         7
55.700        20
55.710        13
55.720        27
55.730        13
55.740        13
55.750        20
55.760         0
55.770        13
55.780        13
55.790        33
55.800        13
55.810        13
55.820        33
55.830        20
55.840         0
55.850         7
55.860        13
55.870         7
55.880        47
55.890        27
55.900        13
55.910        20
55.920         7
55.930        33
55.940         0
55.950        13
55.960        20
55.970         7
55.980        20
55.990         7
56.000         7
56.010         7
56.020        33
56.030         7
56.040         7
56.050        13
56.060        27
56.070         7
56.080        20
56.090        20
56.100         7
56.110        27
56.120        20
56.130        20
56.140        20
56.150         7
56.160        27
56.170        27
56.180         7
56.190        13
56.200        27
56.210        27
56.220        33
56.230         7
56.240        20
56.250        20
56.260        33
56.270         0
56.280        13
56.290        20
56.300        13
56.310        13
56.320         0
56.330        13
56.340         7
56.350         7
56.360         7
56.370        33
56.380         7
56.390        33
56.400        13
56.410         7
56.420        20
56.430        20
56.440         7
56.450        20
56.460        13
56.470        27
56.480         7
56.490        20
56.500         7
56.510         7
56.520        13
56.530        20
56.540        40
56.550        13
56.560        13
56.570        13
56.580         7
56.590        27
56.600        27
56.610         0
56.620         7
56.630        20
56.640        13
56.650        40
56.660        13
56.670        13
56.680         0
56.690        13
56.700        27
56.710        27
56.720        13
56.730        13
56.740        33
56.750        33
56.760         7
56.770        13
56.780         7
56.790        13
56.800        20
56.810         0
56.820        20
56.830        27
56.840        20
56.850         7
56.860        13
56.870         7
56.880         7
56.890        40
56.900        13
56.910        20
56.920         7
56.930         7
56.940        20
56.950        33
56.960         7
56.970        33
56.980         7
56.990        13
57.000         0
57.010        27
57.020         7
57.030        20
57.040        27
57.050        20
57.060        20
57.070        33
57.080        13
57.090         0
57.100         7
57.110        33
57.120        13
57.130        13
57.140        20
57.150        13
57.160        20
57.170        27
57.180        20
57.190        20
57.200        33
57.210         0
57.220        33
57.230        33
57.240        13
57.250        20
57.260        33
57.270         7
57.280        33
57.290        20
57.300        33
57.310        13
57.320        13
57.330        33
57.340        33
57.350        20
57.360         7
57.370        20
57.380        40
57.390        47
57.400        13
57.410        67
57.420        60
57.430        73
57.440       133
57.450       100
57.460        87
57.470       127
57.480       200
57.490       187
57.500       173
57.510       167
57.520       167
57.530       160
57.540       160
57.550       100
57.560       107
57.570        87
57.580       100
57.590        87
57.600        80
57.610       113
57.620        53
57.630       140
57.640        93
57.650       140
57.660        93
57.670        73
57.680       120
57.690        80
57.700        53
57.710        67
57.720        87
57.730        27
57.740        27
57.750        20
57.760        33
57.770        47
57.780        13
57.790        27
57.800        40
57.810        20
57.820        13
57.830        13
57.840        20
57.850        13
57.860         7
57.870        27
57.880        27
57.890        13
57.900         0
57.910        13
57.920        13
57.930        40
57.940        27
57.950        13
57.960        47
57.970        20
57.980        13
57.990         7
58.000        13
58.010         0
58.020         7
58.030         7
58.040        13
58.050         7
58.060         0
58.070        13
58.080        13
58.090        13
58.100         7
58.110         7
58.120         7
58.130        27
58.140        13
58.150         7
58.160         7
58.170        27
58.180         7
58.190         7
58.200        13
58.210         7
58.220         7
58.230         7
58.240        27
58.250        20
58.260         7
58.270        20
58.280        27
58.290        20
58.300         0
58.310         7
58.320        20
58.330        27
58.340         0
58.350        20
58.360         7
58.370        20
58.380        13
58.390        13
58.400        40
58.410         7
58.420        20
58.430        20
58.440         7
58.450        27
58.460        33
58.470         0
58.480        20
58.490        27
58.500        13
58.510        20
58.520         7
58.530        13
58.540         7
58.550        20
58.560        20
58.570        13
58.580        13
58.590        27
58.600        13
58.610        20
58.620        13
58.630         0
58.640        20
58.650        20
58.660        13
58.670        20
58.680        20
58.690         7
58.700        13
58.710         0
58.720         0
58.730        27
58.740        27
58.750        13
58.760        13
58.770         7
58.780         0
58.790        13
58.800        13
58.810         0
58.820         7
58.830        13
58.840         7
58.850         7
58.860         7
58.870        20
58.880        27
58.890        20
58.900         7
58.910        20
58.920         7
58.930        13
58.940        27
58.950        13
58.960        20
58.970         7
58.980        27
58.990         7
59.000        20
59.010         7
59.020        40
59.030         0
59.040        13
59.050         7
59.060         7
59.070        27
59.080        13
59.090        20
59.100        13
59.110        13
59.120        13
59.130        13
59.140        27
59.150         7
59.160         7
59.170         7
59.180        20
59.190         7
59.200        20
59.210         7
59.220        13
59.230        27
59.240        20
59.250         7
59.260        13
59.270        13
59.280        13
59.290        27
59.300        20
59.310        20
59.320        27
59.330        13
59.340        27
59.350         7
59.360        27
59.370        27
59.380         0
59.390        27
59.400        27
59.410        27
59.420        13
59.430        20
59.440        27
59.450        27
59.460        20
59.470        33
59.480        13
59.490        20
59.500        13
59.510        20
59.520         7
59.530        20
59.540         7
59.550        40
59.560        20
59.570        27
59.580        13
59.590        13
59.600        20
59.610         7
59.620        13
59.630        20
59.640        20
59.650         7
59.660        20
59.670        47
59.680         7
59.690        27
59.700         7
59.710        20
59.720         7
59.730        13
59.740        13
59.750         0
59.760        13
59.770        13
59.780         7
59.790        27
59.800        20
59.810        27
59.820        20
59.830        20
59.840        13
59.850         0
59.860        13
59.870        20
59.880         7
59.890         0
59.900         7
59.910        13
59.920         7
59.930        13
59.940        27
59.950         7
59.960        27
59.970         7
59.980        33
59.990        33
60.000         7
