20.000         0
20.020         0
20.040       129
20.060        71
20.080        14
20.100        71
20.120       100
20.140        57
20.160        71
20.180        71
20.200        57
20.220        43
20.240        86
20.260        86
20.280        86
20.300        14
20.320        71
20.340        14
20.360       100
20.380        71
20.400        57
20.420        29
20.440       129
20.460        71
20.480       100
20.500        29
20.520       114
20.540        71
20.560        14
20.580       114
20.600        86
20.620       100
20.640        43
20.660        71
20.680        71
20.700       114
20.720        43
20.740        57
20.760        71
20.780        71
20.800        29
20.820        71
20.840        29
20.860       114
20.880       100
20.900        43
20.920        57
20.940        71
20.960        71
20.980       129
21.000        57
21.020        43
21.040        29
21.060        57
21.080        71
21.100        57
21.120        29
21.140       100
21.160       100
21.180        29
21.200       114
21.220        71
21.240       114
21.260        71
21.280        14
21.300        43
21.320        14
21.340        43
21.360        86
21.380        71
21.400       100
21.420        14
21.440        14
21.460         0
21.480        71
21.500        14
21.520        14
21.540        86
21.560        71
21.580        86
21.600        57
21.620       100
21.640        57
21.660        86
21.680        71
21.700        57
21.720        57
21.740        86
21.760        57
21.780       100
21.800        71
21.820        57
21.840       114
21.860       129
21.880        71
21.900        14
21.920        57
21.940       114
21.960        86
21.980        57
22.000        43
22.020        57
22.040        57
22.060        43
22.080        29
22.100       129
22.120       100
22.140        43
22.160        43
22.180        43
22.200         0
22.220        57
22.240        43
22.260        57
22.280        71
22.300        71
22.320        57
22.340         0
22.360        57
22.380        43
22.400        57
22.420       114
22.440        57
22.460        57
22.480        43
22.500       100
22.520        29
22.540        43
22.560        29
22.580        71
22.600       143
22.620        71
22.640        57
22.660        86
22.680        71
22.700        57
22.720        43
22.740        71
22.760        57
22.780       100
22.800        57
22.820       100
22.840        43
22.860       157
22.880       100
22.900       114
22.920        71
22.940       100
22.960        57
22.980        29
23.000        71
23.020        71
23.040        29
23.060       114
23.080        57
23.100       100
23.120        29
23.140       157
23.160        86
23.180        71
23.200         0
23.220        29
23.240        29
23.260        86
23.280        57
23.300       114
23.320        29
23.340       100
23.360       100
23.380        57
23.400        43
23.420        57
23.440         0
23.460        29
23.480        86
23.500       157
23.520        43
23.540        86
23.560        43
23.580        57
23.600       100
23.620       129
23.640        43
23.660        43
23.680        57
23.700        29
23.720        43
23.740        14
23.760        71
23.780       114
23.800        57
23.820       114
23.840       114
23.860        29
23.880       100
23.900        71
23.920        71
23.940        57
23.960        57
23.980        57
24.000        71
24.020        57
24.040        43
24.060        29
24.080        86
24.100        71
24.120        14
24.140        43
24.160        43
24.180        57
24.200        29
24.220        43
24.240       114
24.260       100
24.280        14
24.300        29
24.320        71
24.340         0
24.360        57
24.380        43
24.400       100
24.420        86
24.440        86
24.460        86
24.480        86
24.500        43
24.520        43
24.540        57
24.560        71
24.580        14
24.600        71
24.620        71
24.640        57
24.660        29
24.680        86
24.700        43
24.720        57
24.740        43
24.760        57
24.780        29
24.800        57
24.820        43
24.840        71
24.860        29
24.880        29
24.900        29
24.920       100
24.940        71
24.960        14
24.980        57
25.000        71
25.020        71
25.040        14
25.060       129
25.080       100
25.100        86
25.120       100
25.140        86
25.160        57
25.180        43
25.200        71
25.220        43
25.240        71
25.260        57
25.280        29
25.300        86
25.320       114
25.340        29
25.360       100
25.380        86
25.400        71
25.420        57
25.440        14
25.460        71
25.480        29
25.500        29
25.520         0
25.540        86
25.560        71
25.580        86
25.600       157
25.620        29
25.640        43
25.660        86
25.680        14
25.700        43
25.720        14
25.740        43
25.760        71
25.780        71
25.800        71
25.820        86
25.840        86
25.860        71
25.880        43
25.900        29
25.920        43
25.940        71
25.960        71
25.980        14
26.000        43
26.020        43
26.040        57
26.060        71
26.080       143
26.100        14
26.120        29
26.140        86
26.160        86
26.180        57
26.200        57
26.220       100
26.240        57
26.260        43
26.280        29
26.300       100
26.320         0
26.340        57
26.360        71
26.380       114
26.400        71
26.420        86
26.440        71
26.460        71
26.480        71
26.500        71
26.520        71
26.540        71
26.560        57
26.580        57
26.600         0
26.620       100
26.640        57
26.660        71
26.680        57
26.700        43
26.720        43
26.740        71
26.760        57
26.780        57
26.800        71
26.820        57
26.840        71
26.860        71
26.880        71
26.900        43
26.920        71
26.940       100
26.960        43
26.980        29
27.000       100
27.020        29
27.040         0
27.060       114
27.080        86
27.100        29
27.120        43
27.140        14
27.160        29
27.180        43
27.200        29
27.220       143
27.240        57
27.260        43
27.280        29
27.300       100
27.320        57
27.340        86
27.360        43
27.380        86
27.400        29
27.420       114
27.440        29
27.460        57
27.480        86
27.500        43
27.520        86
27.540        43
27.560        86
27.580        86
27.600       100
27.620        14
27.640        71
27.660        43
27.680        29
27.700        57
27.720        71
27.740       100
27.760        71
27.780       143
27.800        71
27.820       100
27.840        14
27.860        43
27.880        43
27.900        71
27.920        14
27.940        14
27.960        43
27.980       100
28.000        57
28.020       100
28.040        57
28.060        43
28.080        57
28.100        57
28.120        43
28.140       129
28.160       157
28.180        43
28.200        43
28.220        43
28.240        43
28.260        71
28.280        86
28.300        57
28.320        71
28.340        71
28.360        43
28.380       129
28.400        86
28.420        86
28.440        86
28.460        29
28.480        14
28.500        43
28.520        43
28.540        43
28.560       100
28.580        71
28.600        86
28.620        71
28.640        71
28.660       100
28.680        29
28.700        71
28.720        86
28.740        43
28.760        86
28.780       100
28.800        43
28.820       129
28.840        86
28.860        57
28.880       114
28.900       100
28.920        14
28.940        71
28.960        57
28.980        57
29.000        71
29.020        86
29.040        43
29.060        86
29.080       114
29.100        29
29.120        71
29.140        43
29.160        14
29.180       114
29.200       171
29.220        57
29.240        57
29.260       100
29.280        86
29.300        57
29.320       100
29.340        57
29.360       100
29.380        43
29.400        71
29.420        43
29.440        71
29.460        14
29.480       100
29.500        29
29.520        57
29.540        43
29.560       129
29.580        57
29.600        14
29.620        86
29.640        71
29.660        29
29.680        29
29.700        57
29.720        43
29.740        57
29.760       100
29.780         0
29.800        14
29.820       114
29.840        43
29.860        57
29.880        71
29.900        57
29.920       143
29.940        86
29.960        43
29.980        57
30.000       100
30.020        86
30.040        43
30.060       129
30.080        29
30.100       100
30.120        71
30.140        43
30.160        43
30.180        57
30.200       114
30.220       157
30.240        43
30.260        29
30.280        29
30.300        29
30.320        71
30.340        43
30.360         0
30.380        14
30.400       129
30.420        57
30.440        57
30.460        57
30.480        14
30.500        57
30.520        29
30.540        57
30.560         0
30.580        43
30.600       100
30.620        29
30.640        43
30.660       129
30.680        14
30.700        57
30.720        57
30.740        86
30.760        29
30.780        29
30.800        57
30.820        43
30.840        71
30.860       100
30.880        71
30.900        14
30.920       157
30.940        71
30.960        86
30.980        71
31.000       100
31.020        71
31.040        57
31.060        57
31.080       114
31.100        57
31.120        43
31.140        71
31.160        57
31.180        14
31.200       100
31.220       100
31.240        57
31.260        86
31.280        57
31.300        71
31.320        57
31.340        57
31.360        57
31.380       100
31.400        71
31.420        57
31.440        43
31.460        71
31.480        86
31.500        43
31.520        57
31.540        86
31.560        86
31.580         0
31.600        57
31.620        43
31.640        43
31.660        71
31.680       114
31.700        86
31.720        29
31.740        29
31.760        86
31.780        57
31.800        86
31.820       186
31.840        43
31.860        29
31.880        43
31.900       100
31.920        57
31.940        71
31.960        29
31.980        57
32.000        57
32.020        57
32.040       129
32.060        57
32.080        86
32.100        71
32.120        71
32.140       100
32.160        57
32.180        86
32.200       157
32.220       143
32.240       171
32.260       157
32.280       114
32.300       186
32.320       371
32.340       428
32.360       528
32.380       471
32.400       657
32.420      1100
32.440      1171
32.460      1342
32.480      1828
32.500      1771
32.520      1899
32.540      1528
32.560      1428
32.580      1328
32.600      1100
32.620       728
32.640       557
32.660       314
32.680       271
32.700       214
32.720       100
32.740       143
32.760       157
32.780       114
32.800       129
32.820       157
32.840        29
32.860        57
32.880        29
32.900        86
32.920        29
32.940        43
32.960       114
32.980        57
33.000        14
33.020        71
33.040       129
33.060        71
33.080        57
33.100       100
33.120        57
33.140       100
33.160        71
33.180        71
33.200        71
33.220        86
33.240        43
33.260       114
33.280        43
33.300        86
33.320       114
33.340        71
33.360        43
33.380        86
33.400        29
33.420        86
33.440        29
33.460        43
33.480       100
33.500        29
33.520         0
33.540       100
33.560        14
33.580        71
33.600        57
33.620        43
33.640        86
33.660        71
33.680        29
33.700       100
33.720        57
33.740        43
33.760        71
33.780        43
33.800       114
33.820        57
33.840        71
33.860        57
33.880        57
33.900        71
33.920        57
33.940       157
33.960        57
33.980        43
34.000       100
34.020        43
34.040        43
34.060        43
34.080        57
34.100        57
34.120        29
34.140       171
34.160        57
34.180        43
34.200       114
34.220        86
34.240        29
34.260        57
34.280        57
34.300        71
34.320        71
34.340        71
34.360        29
34.380        29
34.400        43
34.420        71
34.440        14
34.460        57
34.480        57
34.500        71
34.520        43
34.540        29
34.560        57
34.580        86
34.600        29
34.620        86
34.640        86
34.660        43
34.680        71
34.700        86
34.720        43
34.740        71
34.760        14
34.780        86
34.800        71
34.820        57
34.840        43
34.860        71
34.880        57
34.900        57
34.920       129
34.940        14
34.960        29
34.980        86
35.000        29
35.020        29
35.040        29
35.060        57
35.080        86
35.100        71
35.120        43
35.140        71
35.160       114
35.180        57
35.200        43
35.220        29
35.240       100
35.260        71
35.280        43
35.300        29
35.320        71
35.340        43
35.360        57
35.380        43
35.400        43
35.420       114
35.440        57
35.460        29
35.480        71
35.500        71
35.520        29
35.540       100
35.560        43
35.580        43
35.600        43
35.620        71
35.640        43
35.660        57
35.680        14
35.700        57
35.720        43
35.740       100
35.760        43
35.780        71
35.800       157
35.820        57
35.840        71
35.860        57
35.880        71
35.900        57
35.920        86
35.940        43
35.960         0
35.980       100
36.000        57
36.020        29
36.040        86
36.060        57
36.080        71
36.100        29
36.120        71
36.140        71
36.160        86
36.180        43
36.200       129
36.220        71
36.240        43
36.260        29
36.280        29
36.300        57
36.320        57
36.340        43
36.360       114
36.380        43
36.400        86
36.420        29
36.440        43
36.460        71
36.480        57
36.500        57
36.520       100
36.540        71
36.560       114
36.580        29
36.600        29
36.620        71
36.640        71
36.660        14
36.680        43
36.700        86
36.720        71
36.740        71
36.760        43
36.780        14
36.800        29
36.820        43
36.840       100
36.860        86
36.880        71
36.900        57
36.920        86
36.940        43
36.960        43
36.980        57
37.000        43
37.020        86
37.040        86
37.060         0
37.080        43
37.100        43
37.120       100
37.140        43
37.160        57
37.180        86
37.200        57
37.220        71
37.240        43
37.260        71
37.280        57
37.300        71
37.320        86
37.340       100
37.360        43
37.380        29
37.400        57
37.420        43
37.440        71
37.460        57
37.480        71
37.500        57
37.520        86
37.540        29
37.560        29
37.580        57
37.600        29
37.620        43
37.640        43
37.660        57
37.680        43
37.700        29
37.720        57
37.740        57
37.760        57
37.780        57
37.800        43
37.820       129
37.840        43
37.860        71
37.880        43
37.900       114
37.920        43
37.940        57
37.960        29
37.980        29
38.000        57
38.020        71
38.040        71
38.060        71
38.080        57
38.100         0
38.120        57
38.140        14
38.160         0
38.180        29
38.200        86
38.220        43
38.240        57
38.260        57
38.280        71
38.300        71
38.320       157
38.340        71
38.360        86
38.380        29
38.400        29
38.420        29
38.440       143
38.460        86
38.480        86
38.500       100
38.520        43
38.540        57
38.560        43
38.580        57
38.600        57
38.620        71
38.640        86
38.660       100
38.680        43
38.700        71
38.720        43
38.740        29
38.760        57
38.780        71
38.800       129
38.820        71
38.840        29
38.860        29
38.880       100
38.900       100
38.920         0
38.940        57
38.960        43
38.980        86
39.000       100
39.020        71
39.040        43
39.060        29
39.080        57
39.100        57
39.120        29
39.140        43
39.160        43
39.180        14
39.200        29
39.220        43
39.240        86
39.260        29
39.280       129
39.300        71
39.320        43
39.340        86
39.360        57
39.380        29
39.400        43
39.420         0
39.440        43
39.460        86
39.480        71
39.500        57
39.520        71
39.540        14
39.560        29
39.580        71
39.600        29
39.620        43
39.640        57
39.660        86
39.680        86
39.700        43
39.720        43
39.740        71
39.760        86
39.780        86
39.800       114
39.820       129
39.840       114
39.860       171
39.880       186
39.900        71
39.920       129
39.940       157
39.960       143
39.980       200
40.000       386
40.020       343
40.040       486
40.060       528
40.080       571
40.100       528
40.120       286
40.140       314
40.160       286
40.180       171
40.200       200
40.220       157
40.240       114
40.260        71
40.280       129
40.300        57
40.320       100
40.340        71
40.360        43
40.380        29
40.400       114
40.420        86
40.440       114
40.460        86
40.480        14
40.500       100
40.520        57
40.540        43
40.560        71
40.580        43
40.600        14
40.620        57
40.640       143
40.660        29
40.680        29
40.700        14
40.720        57
40.740        71
40.760        14
40.780        57
40.800        29
40.820        29
40.840        29
40.860        57
40.880        14
40.900        43
40.920       100
40.940        14
40.960        57
40.980        29
41.000        57
41.020       129
41.040        43
41.060        43
41.080        43
41.100        86
41.120        29
41.140        86
41.160       114
41.180        71
41.200       114
41.220        71
41.240        43
41.260        43
41.280        43
41.300        86
41.320        14
41.340        57
41.360       100
41.380        86
41.400       100
41.420        57
41.440        71
41.460        57
41.480        86
41.500        86
41.520        71
41.540        43
41.560        57
41.580        57
41.600        14
41.620         0
41.640        43
41.660        29
41.680        29
41.700        57
41.720        57
41.740        29
41.760        43
41.780        43
41.800       129
41.820        86
41.840        14
41.860        43
41.880        29
41.900        14
41.920        14
41.940        71
41.960        43
41.980        71
42.000        43
42.020        86
42.040       100
42.060        14
42.080        29
42.100        86
42.120        57
42.140        71
42.160        71
42.180       100
42.200        57
42.220        86
42.240        43
42.260        86
42.280        29
42.300        43
42.320        29
42.340        14
42.360        57
42.380        29
42.400        43
42.420        29
42.440        57
42.460        43
42.480        86
42.500        14
42.520        71
42.540        57
42.560        29
42.580       100
42.600       100
42.620        71
42.640         0
42.660        14
42.680        29
42.700        43
42.720        43
42.740        57
42.760        43
42.780        57
42.800        43
42.820        43
42.840        29
42.860        71
42.880        29
42.900        86
42.920        14
42.940         0
42.960        29
42.980        57
43.000        71
43.020         0
43.040        86
43.060        71
43.080        71
43.100        43
43.120        14
43.140        43
43.160        71
43.180        43
43.200        43
43.220        86
43.240         0
43.260        71
43.280        71
43.300       100
43.320        57
43.340        29
43.360        86
43.380        86
43.400        57
43.420        86
43.440        43
43.460        43
43.480        29
43.500        57
43.520         0
43.540        14
43.560        14
43.580        43
43.600        43
43.620        57
43.640       100
43.660        43
43.680        71
43.700        43
43.720       100
43.740        29
43.760        57
43.780        43
43.800        43
43.820       100
43.840        71
43.860        14
43.880        29
43.900       129
43.920        57
43.940        29
43.960        71
43.980        57
44.000        57
44.020       100
44.040        43
44.060        43
44.080        14
44.100        43
44.120        86
44.140        71
44.160        86
44.180        29
44.200        71
44.220        71
44.240        57
44.260        86
44.280        71
44.300        57
44.320        71
44.340        86
44.360        71
44.380        29
44.400        14
44.420        57
44.440       100
44.460        57
44.480        57
44.500        29
44.520        57
44.540        14
44.560       100
44.580        86
44.600        14
44.620       114
44.640        57
44.660        43
44.680        86
44.700        43
44.720        43
44.740        57
44.760        57
44.780        57
44.800        14
44.820        86
44.840         0
44.860        43
44.880        86
44.900        86
44.920        29
44.940        14
44.960       114
44.980        57
45.000        14
45.020        86
45.040        71
45.060        43
45.080        29
45.100        29
45.120         0
45.140        71
45.160        71
45.180        29
45.200        43
45.220        57
45.240       100
45.260       100
45.280        86
45.300        71
45.320       100
45.340        57
45.360        43
45.380        43
45.400        86
45.420        71
45.440        29
45.460        29
45.480        57
45.500       114
45.520        57
45.540        57
45.560        57
45.580        43
45.600        71
45.620        43
45.640        57
45.660        29
45.680       114
45.700        86
45.720       100
45.740         0
45.760        86
45.780        29
45.800        86
45.820        86
45.840        57
45.860        43
45.880       100
45.900       100
45.920        57
45.940        86
45.960        29
45.980        43
46.000        29
46.020        57
46.040        57
46.060        43
46.080        71
46.100        71
46.120        86
46.140        57
46.160        57
46.180        71
46.200        43
46.220        57
46.240        71
46.260       114
46.280        86
46.300        43
46.320        43
46.340       157
46.360       143
46.380       214
46.400       114
46.420       243
46.440       157
46.460       171
46.480       314
46.500       457
46.520       486
46.540       671
46.560       785
46.580       628
46.600       814
46.620       843
46.640       714
46.660       400
46.680       457
46.700       471
46.720       471
46.740       214
46.760       228
46.780       257
46.800       257
46.820       171
46.840       200
46.860       129
46.880       143
46.900       100
46.920        29
46.940        43
46.960        86
46.980        57
47.000        43
47.020        29
47.040        29
47.060        86
47.080        43
47.100        57
47.120        86
47.140        71
47.160       157
47.180        71
47.200        43
47.220        29
47.240        29
47.260        71
47.280        71
47.300        29
47.320        43
47.340        71
47.360        43
47.380        86
47.400        43
47.420        57
47.440       100
47.460       100
47.480        43
47.500        43
47.520        14
47.540        29
47.560        71
47.580       100
47.600        43
47.620        57
47.640        71
47.660       100
47.680       100
47.700        43
47.720        43
47.740        86
47.760        57
47.780        29
47.800        43
47.820        43
47.840       114
47.860        57
47.880        86
47.900        57
47.920       100
47.940        57
47.960        71
47.980        14
48.000       114
48.020        14
48.040        86
48.060        14
48.080        29
48.100        29
48.120        86
48.140       100
48.160        57
48.180       100
48.200        71
48.220        43
48.240        86
48.260       100
48.280        57
48.300        29
48.320        57
48.340        29
48.360       100
48.380        86
48.400        71
48.420        29
48.440        29
48.460        57
48.480       114
48.500        29
48.520        57
48.540       100
48.560         0
48.580        71
48.600        43
48.620        14
48.640        57
48.660       114
48.680        57
48.700        86
48.720        86
48.740        43
48.760        29
48.780        57
48.800        43
48.820        14
48.840        71
48.860        43
48.880       100
48.900        57
48.920        14
48.940       129
48.960        14
48.980        29
49.000        57
49.020        71
49.040        57
49.060        71
49.080        71
49.100       100
49.120         0
49.140        43
49.160        14
49.180        86
49.200        71
49.220       114
49.240        57
49.260        57
49.280        57
49.300        43
49.320        71
49.340        43
49.360        29
49.380        57
49.400        86
49.420        43
49.440        71
49.460        43
49.480       114
49.500        29
49.520        29
49.540        71
49.560        43
49.580        14
49.600        57
49.620        29
49.640        43
49.660        71
49.680        57
49.700        43
49.720        14
49.740        14
49.760        29
49.780       114
49.800        57
49.820        43
49.840        43
49.860        29
49.880        43
49.900        43
49.920        71
49.940        86
49.960       157
49.980        14
50.000        43
50.020        43
50.040        57
50.060        71
50.080        29
50.100        71
50.120        57
50.140        14
50.160        71
50.180       100
50.200        57
50.220        57
50.240        71
50.260        43
50.280        57
50.300        71
50.320        86
50.340        29
50.360        86
50.380        57
50.400        43
50.420        14
50.440        43
50.460       100
50.480        57
50.500        29
50.520        57
50.540        71
50.560       129
50.580       114
50.600        43
50.620        14
50.640        29
50.660        43
50.680        43
50.700        86
50.720        43
50.740        43
50.760        29
50.780        43
50.800        57
50.820        86
50.840        43
50.860        43
50.880        29
50.900        86
50.920        43
50.940        57
50.960        29
50.980       100
51.000        71
51.020        29
51.040        86
51.060       100
51.080       100
51.100       143
51.120        43
51.140        29
51.160        57
51.180        57
51.200        57
51.220        57
51.240        86
51.260        29
51.280        57
51.300        71
51.320        57
51.340        71
51.360        71
51.380        71
51.400        71
51.420        29
51.440        29
51.460        71
51.480        71
51.500        86
51.520        71
51.540        29
51.560        86
51.580        71
51.600        57
51.620       114
51.640       129
51.660        57
51.680        14
51.700        57
51.720       114
51.740        14
51.760        43
51.780        86
51.800       114
51.820        86
51.840        29
51.860        86
51.880        86
51.900        43
51.920        57
51.940        57
51.960        43
51.980        71
52.000        57
52.020        43
52.040        71
52.060        29
52.080        43
52.100        14
52.120        43
52.140        86
52.160        43
52.180        43
52.200        29
52.220        43
52.240        29
52.260        14
52.280        71
52.300        86
52.320       100
52.340        71
52.360         0
52.380        43
52.400       143
52.420        43
52.440       100
52.460       114
52.480        86
52.500       100
52.520        57
52.540        57
52.560       100
52.580        71
52.600       129
52.620       114
52.640        57
52.660        71
52.680       114
52.700        57
52.720        86
52.740        71
52.760        43
52.780        29
52.800        71
52.820        57
52.840        14
52.860        43
52.880        43
52.900        86
52.920        43
52.940        43
52.960        29
52.980        57
53.000        86
53.020        71
53.040        57
53.060        71
53.080        29
53.100        14
53.120        71
53.140        14
53.160       100
53.180        14
53.200        71
53.220       100
53.240        29
53.260        14
53.280        86
53.300        57
53.320        43
53.340        43
53.360        29
53.380        57
53.400        14
53.420        43
53.440        71
53.460        43
53.480        43
53.500        43
53.520        14
53.540        71
53.560        57
53.580        57
53.600        29
53.620        14
53.640        43
53.660        86
53.680        29
53.700        86
53.720       143
53.740        14
53.760        43
53.780        57
53.800        86
53.820        43
53.840        14
53.860        71
53.880        43
53.900        14
53.920       100
53.940        71
53.960        86
53.980        57
54.000        71
54.020        86
54.040        43
54.060         0
54.080        29
54.100        86
54.120        43
54.140       114
54.160        57
54.180        86
54.200        29
54.220        57
54.240        57
54.260        86
54.280        57
54.300        29
54.320        57
54.340        86
54.360        29
54.380        43
54.400        86
54.420        57
54.440        43
54.460        29
54.480        29
54.500        71
54.520        86
54.540        57
54.560        29
54.580        71
54.600        43
54.620        71
54.640        43
54.660        57
54.680       100
54.700        14
54.720        86
54.740        14
54.760        29
54.780        14
54.800        86
54.820        29
54.840       100
54.860        71
54.880       129
54.900        43
54.920        43
54.940        57
54.960        29
54.980        43
55.000       114
55.020       129
55.040        71
55.060        71
55.080        71
55.100        86
55.120        29
55.140        14
55.160        57
55.180        57
55.200        43
55.220        43
55.240        43
55.260        43
55.280        43
55.300        43
55.320       129
55.340        57
55.360        57
55.380        86
55.400        43
55.420        29
55.440        86
55.460       100
55.480        71
55.500        86
55.520        29
55.540        86
55.560        29
55.580        29
55.600        43
55.620        14
55.640        57
55.660        86
55.680        29
55.700        29
55.720        71
55.740        29
55.760       114
55.780        43
55.800       100
55.820        14
55.840        71
55.860        43
55.880        57
55.900        86
55.920        29
55.940       100
55.960        57
55.980        57
56.000        29
56.020        43
56.040        14
56.060        57
56.080        29
56.100        86
56.120        29
56.140        43
56.160        57
56.180        71
56.200        43
56.220        86
56.240        86
56.260        29
56.280       100
56.300        71
56.320        43
56.340        29
56.360        71
56.380        43
56.400        43
56.420        43
56.440        86
56.460        29
56.480        29
56.500        71
56.520        43
56.540        43
56.560        71
56.580        71
56.600        57
56.620        14
56.640        29
56.660        71
56.680        43
56.700        86
56.720        86
56.740        14
56.760        29
56.780       100
56.800        29
56.820        29
56.840        57
56.860        14
56.880       114
56.900       100
56.920        71
56.940       171
56.960       100
56.980        57
57.000        43
57.020        86
57.040        71
57.060        43
57.080       100
57.100        14
57.120        86
57.140        57
57.160        43
57.180        29
57.200        71
57.220        86
57.240        71
57.260        71
57.280        86
57.300        43
57.320        43
57.340       114
57.360        43
57.380        29
57.400        57
57.420        29
57.440        57
57.460       100
57.480        86
57.500        43
57.520       129
57.540        29
57.560        43
57.580        71
57.600       100
57.620        43
57.640       114
57.660        71
57.680       157
57.700       100
57.720       143
57.740       100
57.760       171
57.780       286
57.800       257
57.820       343
57.840       514
57.860       557
57.880       757
57.900       614
57.920       643
57.940       728
57.960       557
57.980       400
58.000       443
58.020       371
58.040       486
58.060       471
58.080       357
58.100       200
58.120       314
58.140       200
58.160       157
58.180       129
58.200       129
58.220       114
58.240       143
58.260        57
58.280        57
58.300        14
58.320        71
58.340        86
58.360        43
58.380        86
58.400        43
58.420        71
58.440        14
58.460       100
58.480        86
58.500        86
58.520       100
58.540        57
58.560        57
58.580        29
58.600        71
58.620       100
58.640       129
58.660        43
58.680        57
58.700        29
58.720        71
58.740        71
58.760        71
58.780        86
58.800       100
58.820        43
58.840        71
58.860        57
58.880       100
58.900        43
58.920        29
58.940       114
58.960        43
58.980       129
59.000       100
59.020       129
59.040        57
59.060        86
59.080        86
59.100        86
59.120       114
59.140        57
59.160        14
59.180        29
59.200        71
59.220        57
59.240        71
59.260        43
59.280        43
59.300        71
59.320        57
59.340        86
59.360        43
59.380        71
59.400        57
59.420        29
59.440        57
59.460        71
59.480        57
59.500        71
59.520       100
59.540        71
59.560        29
59.580        71
59.600        14
59.620        71
59.640        14
59.660        43
59.680        29
59.700        71
59.720        29
59.740       114
59.760       100
59.780        14
59.800        71
59.820        43
59.840        57
59.860        29
59.880        29
59.900        14
59.920        71
59.940        43
59.960        43
59.980        14
60.000       100
